# full, direct, likely fidelities
0.958756391386231 0.9822634722741925 0.9920067193555828
0.9585344331319521 0.980778196839571 0.9912040262882267
0.9588064037745211 0.9811995835351195 0.9912821781502512
0.9589111743888767 0.9821777703770026 0.9920248147755881
0.958773208883241 0.9822670165373337 0.991777241502402
0.9586380954759525 0.9822116361963699 0.9916209385854975
0.9588772853286426 0.9807871082656787 0.9912166976011602
0.9587680293650478 0.9812407545354991 0.9914962889102147
0.9588428473733877 0.9811171941719303 0.9915151162479661
0.9590358772698723 0.9821808193420615 0.9919485467645982
0.9589519391733627 0.9819438405263771 0.9912917673821441
0.9585195738426598 0.9814423437604262 0.9911304822893396
0.9584591545869682 0.9819701866715352 0.9916507958065919
0.9584896899241236 0.9823157967269622 0.9918049057551586
0.9586964049393804 0.9816109963038392 0.9912794363257992
0.9590420352898605 0.98176961809281 0.9917306599490554
0.9586372779699087 0.982283734794458 0.9915636808259813
0.9585910009303026 0.9818330222915936 0.9913752441100071
0.9587864030309264 0.9817492182376424 0.9916983976926027
0.9583276397771429 0.9814968026519084 0.9914470868255574
0.9586624939060718 0.9815471850972902 0.9914247057273425
0.9586765169355788 0.9822072815338421 0.991840603607774
0.9586553625004849 0.9815122822858494 0.9918395504199454
0.9587354423231164 0.9818513605948705 0.9914153340390643
0.9591502723012361 0.9815100257177042 0.9914866823494639
0.9588433513942323 0.9815260184851984 0.9913619171190242
0.9588580186037088 0.981714751329735 0.9914456874738209
0.9590415940016915 0.9821105948201523 0.991294210893655
0.9586881699756642 0.982009651197365 0.9914433390964082
0.9585527232761701 0.9806638795945416 0.9912326919522108
0.9590096301895614 0.9815015776208195 0.9916021298378398
0.9588037504539242 0.9822087312744657 0.9914885609943762
0.958593389510945 0.9822996714386837 0.9915143185107154
0.9587119502950697 0.981433543766535 0.9911961875840352
0.9589326955684008 0.9818696230222638 0.9915843636942147
0.959016962947342 0.9819218897934748 0.9916192777246566
0.959007883020219 0.9815384663524583 0.9911872295969776
0.959116955532034 0.9823181341544152 0.9915451924105402
0.958623459359252 0.9817369360376387 0.9918586277383259
0.9590996437616698 0.9812282417526297 0.9915561661011164
0.9583540144476169 0.9814566975053345 0.9918273100037798
0.9590460639295685 0.9818537718693523 0.9913185210249511
0.9589263322028727 0.9810581977753973 0.9913995358482532
0.9588658898707483 0.9817017239622281 0.9914211681159827
0.9591740339172331 0.9818437762865657 0.9914346412555983
0.9591268810487249 0.982020536562281 0.9913785278809749
0.9588274951984689 0.9824470266267537 0.9918775728813235
0.9589856541877614 0.9819988532369636 0.9913142128043873
0.9584804966764412 0.9815164599016204 0.9911652860112917
0.9587692735582748 0.9827697847695384 0.9913200009545651
0.9588755298372444 0.9815524331762986 0.9914840459398839
0.958813972621391 0.9814129634773869 0.9917321101795086
0.9589087494982677 0.9819908210831781 0.9917612008467023
0.9583572789722772 0.9813732534538888 0.9912765453619671
0.9587019948279291 0.9808942473885193 0.9912738294301908
0.9588088097075635 0.9821322793136015 0.9914097953079382
0.95874507784441 0.981881084780642 0.991483588242512
0.9584798534138123 0.980299128189769 0.9911976927781113
0.959011003933228 0.9806871250898191 0.9911923406780906
0.9585265308193583 0.9820165526908953 0.9917848646712326
0.9586996290809119 0.9812150410556582 0.9917037141199434
0.9588128903550936 0.9814981257259202 0.9919365821754699
0.9590738991182453 0.9826619836975243 0.9915046617569521
0.9589742103177853 0.9831380123748443 0.9921112988784727
0.9586980815304679 0.9813473036342941 0.9913201400939268
0.9584663675044085 0.981218678471135 0.9911842912973684
0.9587741948399638 0.9818258910371291 0.9913490849442953
0.9586230639786452 0.9813277584862853 0.9916192200895613
0.9584251434892944 0.982421042648258 0.9915659684169512
0.9590543799935535 0.9808930234927072 0.9912651881110615
0.9587831768420211 0.981146630410486 0.9911698149427572
0.958696739288651 0.9808429690618963 0.9910373113703755
0.9594220632220057 0.9827108825513633 0.9918850638002445
0.9591978588275656 0.982287678363402 0.9916521974814095
0.9585456167671109 0.9812369876448458 0.9915725970537063
0.958651959879414 0.9800289595048667 0.9915486216254055
0.9588490413002548 0.9799376639372421 0.9916699747483533
0.9585046161459602 0.9814541231598086 0.9916541046931275
0.959018777775537 0.982340763798701 0.9916529995096197
0.9588718107257318 0.9820743971258801 0.9918300953683595
0.9588246390843255 0.9816596176146609 0.9917867228408415
0.9585790132549582 0.9814050932331878 0.9913631331035827
0.958857119714808 0.9823981933872342 0.9918525499030795
0.9589038524915131 0.9823413575841153 0.9916195925489688
0.9589849730785542 0.9824384092441342 0.9919108408373086
0.959008139362725 0.9819845008613581 0.9917196110948945
0.9589938483710402 0.9818089303061727 0.9916070327843521
0.9589914123235714 0.9807522232462634 0.9913985005006082
0.9588252992828176 0.982044118748436 0.9912663772978981
0.9585972631806435 0.9811953848948088 0.9912538305373484
0.9587509745945054 0.9813545435364476 0.9909883644261133
0.9588921610506539 0.9810175423924595 0.9907942598943175
0.9585550409345059 0.9818006629888698 0.9915526924176219
0.9585528073248991 0.9814397401463668 0.9913494625083966
0.9588042850122462 0.9806059376145106 0.9917577944828926
0.9591767403175933 0.982424363146705 0.9917253671272475
0.9587910368052673 0.9819061717353357 0.9916109022086226
0.9590195210671847 0.9819349113539201 0.9916362354281113
0.9585994301956945 0.9823751775366701 0.9915734099560981
0.9588288030684702 0.9816695837073047 0.9913976090304094
