# full, direct, likely fidelities
0.21859713679022774 0.5814848144416899 0.7677460685291563
0.2229192549721266 0.5864771937635465 0.7645825665870762
0.2123739338239981 0.5823560584781653 0.7702260211123607
0.24412180362319882 0.587207481364612 0.7584425839706658
0.2196832020266761 0.5778848665237247 0.7706180244154762
0.22045438700350906 0.5794694861280916 0.7694931912221263
0.2141492744603183 0.5917924759131111 0.7736765780352984
0.21502762454069133 0.5857106257621439 0.7648560297139093
0.21028856208399774 0.5887561490169039 0.7715920003545883
0.22540650071857551 0.5858363411399687 0.7723912665989396
0.21256047730347324 0.585999431743992 0.7702900196135819
0.21476813052581023 0.5924767516016973 0.7764249960181561
0.22246191648600203 0.5798269878668618 0.7644352963379867
0.22154368144091685 0.5845019717874471 0.7706064777600744
0.21015189597088454 0.5904146001704967 0.7713983247457677
0.2078755218317321 0.593981225195311 0.7821032944090758
0.21728221666393888 0.5892709357607332 0.7659104009635623
0.2180817287492745 0.5839600765217091 0.766863626522024
0.21688403996384598 0.585228349877433 0.7757153279897661
0.20753400700831157 0.5863564425114576 0.779309916286192
0.21015599963279588 0.5849285827796584 0.7761072537261272
0.2192525848841904 0.5896521619395116 0.7672889055529855
0.20823605416309451 0.5742418356060753 0.7667906694408575
0.2157074107606859 0.5903791675983691 0.7684048010277081
0.2133803954996834 0.5857974855839159 0.7668102591682623
0.21828913555661272 0.5793901630744779 0.7654419027123082
0.21536715948489776 0.5867240347515725 0.7734289506313519
0.23054789169751141 0.5840292299768669 0.7666569427395903
0.2202664286889104 0.5865958095737785 0.767790096242701
0.2002672861666314 0.5828065915813635 0.7766901766210603
0.21803813867959135 0.579906241545068 0.7702257728319607
0.21199926668637614 0.5801414859833892 0.7705244955170685
0.2196185611477053 0.5794370969479217 0.7745886720645955
0.21453602216093937 0.584613812712757 0.7686230030171938
0.2146959744738212 0.5909036590159635 0.7726466693853629
0.21121704809383654 0.5826519802792767 0.7702116459199381
0.21927708391236017 0.5723916443691354 0.763862718540109
0.21402678343800516 0.5837815712171441 0.7817444737076914
0.23659736015405713 0.5899421299651006 0.7775496687993734
0.2135797013890005 0.5766645842882993 0.7620465315867314
0.2147415614496753 0.5886654691925008 0.7636462046901642
0.20722724124047798 0.5876982874958971 0.7716270606832055
0.2045500170652061 0.5844171088904223 0.7764746875221913
0.2188273242134017 0.592382536276366 0.7681626480175275
0.21608956412257985 0.5885608053656598 0.7767418742088597
0.20749515072158692 0.5845098250897008 0.7721121348601703
0.2198719681759121 0.586578703393118 0.7726880984716235
0.21401380551077198 0.5817877142625719 0.7775755284461774
0.20735026471279278 0.5798284885839075 0.7692254141020359
0.20959112427432772 0.58798513687372 0.7753416269489817
0.2118901146140365 0.5824385713768684 0.7709100966070397
0.21607132042793742 0.5864904934944203 0.7734547328038582
0.22352515118710217 0.5783847609373002 0.759259797164848
0.22081577343814868 0.5821411776822614 0.773041794769671
0.20773137203239475 0.5900695030904922 0.7737215680353184
0.21833863531923514 0.5789279453811088 0.7684686203181429
0.20857480457506872 0.581148027616453 0.7731306841135485
0.2067476180626314 0.5897160757053354 0.7757309723733019
0.22051920734755456 0.5804266407840988 0.7683282489601602
0.21258103225084665 0.5864980822320558 0.7650838237199621
0.21528165111630626 0.5867482478733882 0.7699095753523143
0.20727425712722905 0.5923446259675604 0.7788087209541682
0.2120687809773749 0.5903865673343878 0.7743614984557949
0.20929732817164046 0.5819676058432187 0.7623764163751217
0.20854034724378365 0.5869965157765449 0.7785259342694968
0.2043305375431607 0.5847876783321846 0.7727868028593708
0.21742690207273294 0.5816961757075054 0.7661937978264417
0.23027029379822972 0.5832970423907192 0.7641118904291354
0.20352658405921834 0.5781478466210211 0.7709984541072311
0.2196398269575181 0.5822756784895226 0.7768696448391964
0.22623590697561033 0.5903459447800185 0.7663497093768877
0.22929221968832364 0.5894533730083545 0.7761711604522714
0.2235227387691794 0.5869416926350309 0.7745203985763741
0.22694990789875052 0.5803314771965544 0.7634225797216647
0.21735838138212954 0.5862572205536524 0.7703496256564706
0.2137683139650568 0.585973239078019 0.770563815155587
0.22182980952159445 0.5751633304006695 0.7590709630227505
0.20569236742130553 0.5802028489422579 0.7652229244237271
0.20755253546918587 0.578272755461536 0.7721408336798479
0.2197048318531039 0.5787882711563874 0.7616010176263588
0.21958182668645457 0.5898599981577234 0.7687473143707453
0.21199216367301263 0.5837210397770803 0.7711620921544775
0.21755540103558907 0.5793435945884783 0.7661995938101938
0.2127438862639295 0.5770354634672793 0.7643783211112476
0.2222319786924769 0.5836732510041387 0.774691168352872
0.21147361459861116 0.5858638145200326 0.7663546170346598
0.21870220889490435 0.5838965637872117 0.7636245982038907
0.21896291724986655 0.5809213939908111 0.7690875573976865
0.22138206512700548 0.5879290815550422 0.7676150594539991
0.21446626232345023 0.585739209861978 0.7703745361149139
0.20768092009810096 0.5832153344286118 0.7706000229968621
0.20740240595502857 0.5852816599116402 0.7731654808409014
0.22098598714955922 0.5809697881436238 0.7681191161446128
0.21650892188941623 0.576117870779418 0.7679653364905067
0.21199650322333413 0.5856173125790692 0.7737702716403507
0.20987769934040307 0.5860713166132079 0.7766639773696963
0.2135381326332077 0.5951419682043141 0.779086440653658
0.20685813309821233 0.5820975691870192 0.7710111565567377
0.2077843146208874 0.5882915595245103 0.774822247153703
0.21228871959703047 0.5938872334349844 0.7709214422442779
