# full, direct, likely fidelities
0.914049518834333 0.9606498353269237 0.9848003188648122
0.9157291310939223 0.9618016846994553 0.984051792868499
0.9156868428203742 0.9635725438470744 0.9851795506906431
0.9146892417637248 0.9590215559394967 0.9841452974926027
0.9148781926349137 0.960000320503888 0.9836988984521096
0.9151867950162629 0.959110217909525 0.9849703120945473
0.9153489797678006 0.9613457647956352 0.9848611371869846
0.9149035515734248 0.9595768582800691 0.9838398541790643
0.9141783380060087 0.9615759372925132 0.9844700550461267
0.9176070844808217 0.9557865820615064 0.9838240548327997
0.9147508473241138 0.9574008816834184 0.9849617491815155
0.9158685688967241 0.9535279284877047 0.9836016147593649
0.9165773408009142 0.9582710937259113 0.9839737926765093
0.915627735306246 0.9576681060236001 0.9846394497974132
0.91519214767378 0.9598211776591823 0.9839837544244403
0.9145530370221335 0.9561827317595476 0.9834989623157702
0.9138340771873863 0.9601403563708507 0.9851370422232855
0.9160266233267305 0.9577029690905868 0.9862007092356716
0.9156539770253955 0.9578477099589054 0.9854345974842253
0.9146802626021682 0.9599560774039045 0.9843086834843519
0.9149579886319458 0.9578610714660195 0.986212591982805
0.9143605777640053 0.9593914544314661 0.9848092644734937
0.9174107443118923 0.9583367476044894 0.9843559743656289
0.9156698595731166 0.9587312871950237 0.9822863719143963
0.9148813401040566 0.9583583479704699 0.9847486804538815
0.9155776413820287 0.959303938350746 0.9851206288017121
0.9158724442517496 0.9590169981151229 0.9840683427239267
0.914440472437342 0.960244784772668 0.9853556692557432
0.915564826520007 0.9610154409575844 0.9853273194644327
0.9136093676842801 0.9617263333331287 0.9852904536233664
0.9146741116063131 0.9579686603138587 0.9845970123129771
0.9146322108960697 0.9592045353953534 0.9841281799430918
0.9144740848552245 0.9631694520763515 0.9858597340509557
0.9155021405205084 0.9585691459943526 0.9838783037614574
0.9158549420762506 0.9566708476699066 0.9840995249936967
0.9159251532653587 0.9594480041533775 0.9843235742308754
0.9145102918636064 0.9601257073973278 0.9847628924339876
0.9147293015156386 0.9625132109425809 0.9844088259483555
0.9145024878622761 0.9615538534161616 0.9843083261442501
0.9159314845659413 0.9586044788270182 0.9846667972600792
0.9156766306172948 0.9558045027595776 0.9841784976249266
0.9154349776664046 0.9557415127544414 0.9842715890147793
0.9155427736084717 0.9581089482929758 0.9834148888691236
0.9155911182134455 0.9605190908763469 0.9849472186462241
0.9161164101450817 0.95840382730032 0.9828995605775236
0.9140627615590348 0.9623979574539118 0.9846203986571868
0.9151747524391927 0.957824807574581 0.9837886647792189
0.9153507421341873 0.9583543495872681 0.9859106409602945
0.9155591840950553 0.9577764056501544 0.9847855388515813
0.9141863451135268 0.9601307590933171 0.9851925920518376
0.9160903090658957 0.9586481369683876 0.9835597147316736
0.9145624725915485 0.9588326619741254 0.9845906195368337
0.9156736367847316 0.9609629668250671 0.9850141899931617
0.9159140822107154 0.9595032489937511 0.9846903858161238
0.9152543652950629 0.9614593490977821 0.9851780995820568
0.914638053425054 0.9604338806530658 0.9841636903533378
0.9166158405113287 0.9600145178675531 0.9855951753800183
0.9156295932385125 0.9609215770877743 0.9844173730443857
0.9154617568967933 0.9596651342250448 0.984983454203867
0.9146003728879276 0.9612500222255903 0.9847881663283253
0.9144844920930546 0.9630532457449409 0.984663084004647
0.9151119894582104 0.9568704054099997 0.9848493421287996
0.9151535760570872 0.9604987018208843 0.9839996770630643
0.9150350140163594 0.9592646358449876 0.9835827311162715
0.9155797919098458 0.9597828829767961 0.9842418953801323
0.9153423563505614 0.9585986250216696 0.9846115089237805
0.9163633054168983 0.9573760389015638 0.9841934717717712
0.9156349522455622 0.9593065191599655 0.9835804857604095
0.9149407260628738 0.9567474083525156 0.9829613856549069
0.9154662821188466 0.9573006692574999 0.9836616506899516
0.9143547436124928 0.957891641819875 0.9842410256564122
0.9162814100730569 0.9585080761280149 0.9854174979797713
0.9165525349649362 0.9610227179772306 0.9861285418812286
0.9147976258629295 0.9581380795787587 0.9851715338435607
0.9160569497892742 0.9569161269677222 0.9849930823415655
0.914759099830905 0.9601245484525914 0.9843876220175841
0.915319589850324 0.963420536313062 0.9854576346292075
0.9149918157805844 0.9623666306771926 0.9856468901962822
0.9155720793313097 0.9581804266078577 0.9845033307334458
0.91461752616214 0.9600990432274484 0.9847243705961296
0.917575286362541 0.9514794677446681 0.9841612714126804
0.914458614303441 0.9603015183914713 0.9838956417892435
0.916111715380705 0.9595997543208374 0.983395154898269
0.9152075797032204 0.9596308732632446 0.9848377318889464
0.9150680335511722 0.9618814929223825 0.9853178578501413
0.9143551659483009 0.957853578169224 0.9856176848599606
0.9151513848940162 0.9593538613242797 0.9853184456868465
0.9144079070805958 0.9587382482861799 0.9836435932272106
0.9166887372236869 0.9601981878614998 0.9851777531596372
0.9149104583389994 0.9602593104872836 0.9837244397189199
0.9156803655958251 0.9589388814612056 0.9840065983455312
0.9147237565528215 0.9597138514459779 0.9849626782893379
0.9159247972287525 0.9610184897371381 0.9852341630425271
0.9156207140287235 0.9611397727097392 0.9837916243397111
0.9149635364056319 0.9584323475419453 0.9850795069650076
0.9158686407966433 0.9555438266982123 0.9853450287009627
0.9144091525244877 0.961900783660208 0.9839350084177011
0.9172862647179673 0.9580542962074048 0.9838545031676867
0.9152411908987258 0.9582329483099961 0.9831226658196867
0.9141204350344129 0.9635521538882796 0.9840237240095092
