# full, direct, likely fidelities
0.6172928703927102 0.8824453893335023 0.9441925669672504
0.6180544846010809 0.8822119288998534 0.9439844979662353
0.6130981854526448 0.886709519700586 0.944787939847288
0.6402898251016822 0.8807499332957756 0.943911438901528
0.6187576861187605 0.8819657531611779 0.9447503099545271
0.6178509073019237 0.8818524783967342 0.9416782425061917
0.6149205774451486 0.8870458153798506 0.9475048973353991
0.6143452088470558 0.8825862689152277 0.945379299424641
0.612310237659155 0.8868358222451496 0.9450285552712085
0.6231747031851427 0.8788042009490684 0.9393681375431115
0.6112772131605463 0.8851849494832693 0.9429014509908279
0.6153423979159245 0.8859441571243317 0.9473696795780353
0.6224946986221856 0.8814717751997836 0.944526807592451
0.620931409221539 0.8854482196603375 0.9441091245946787
0.6111504230823255 0.8878221813269912 0.9455813350244343
0.608325271069529 0.8900286035715693 0.9435968422449337
0.6173027538917092 0.8807560994452517 0.9436854770021984
0.6191042728834385 0.8787250908267092 0.9415853976858521
0.6194165332470152 0.8808248311992842 0.9438164923249192
0.6072517139442346 0.8848127228639658 0.9440527783913445
0.6098467942931534 0.8844916786180191 0.944242360909945
0.6163762786335977 0.8825902045063371 0.9427867552847901
0.6087793222363441 0.8851278591401385 0.9443343020026859
0.6146460739914679 0.8856035708991898 0.9442117686434424
0.6099231037932205 0.8835387285191367 0.9422680631717474
0.6173527085817624 0.8833860627869538 0.942081679628501
0.6150326986017427 0.8878427181812363 0.9443085201979043
0.6279390257642407 0.8826652668321134 0.9429229709460298
0.6201190148833463 0.8819670947898964 0.9439634318714456
0.6016214202387452 0.8893792719010186 0.9453051000236062
0.6164200777662705 0.8827287484722033 0.9432846569615185
0.6118833637876147 0.8884486231479869 0.9446290931075827
0.6183578825466961 0.8818056382528178 0.9424678208732463
0.6128632597223476 0.8863301317576233 0.945175070772952
0.6135357119492363 0.8848408953592403 0.9440489096858774
0.6123214153989202 0.8854627794274045 0.9449685629369277
0.619415714955801 0.8806597812368848 0.9446246634173695
0.6142178632568487 0.8815487680971961 0.9424700882488596
0.6326723462177862 0.8809593430986532 0.9431882042385902
0.6141982760117514 0.8841840821555491 0.9419139959353197
0.6156067708004542 0.8791053834072582 0.9428150769580778
0.6071117219079786 0.8856408648529702 0.9453998519612521
0.6064848497362822 0.8862948071990728 0.9439764927344347
0.616282921597178 0.8851075330217572 0.9431915088246369
0.6130916860558877 0.8829476347256081 0.9436762576103144
0.6106464312325747 0.8840033613149184 0.9432926435589525
0.6190072283483008 0.8849106787658464 0.9463310997604499
0.6133310503039316 0.8830757664085711 0.9437646620449052
0.6074594592961114 0.8841568385944967 0.9424255372227418
0.6110073469269955 0.884742375807218 0.9434869524182324
0.6114698505869495 0.8830784483210229 0.944541691355703
0.6138117800390429 0.881915245560824 0.9430628068194622
0.6198298523589739 0.8869676207896318 0.9435222820359979
0.617350284390802 0.8845992956966344 0.9450070194713891
0.6099839263996576 0.8859090474482781 0.9427177214873064
0.6180639506904869 0.8815096494850271 0.942815237177031
0.6100971795387633 0.8848889335649707 0.9446879293729529
0.6096091862724867 0.8852263884503813 0.9438464405415582
0.6170050180862521 0.8843860609100238 0.944237297216538
0.6128856698398235 0.8807680654704533 0.941620950515908
0.6155985002345399 0.8822533585615474 0.9420931985997072
0.6070445515567485 0.8882460368463752 0.9466441416055735
0.613047962511707 0.8850066473116979 0.9450677262468338
0.6077041417476798 0.8862268322681557 0.9445403455555422
0.6088392779571844 0.8823459527367828 0.9431778939493981
0.6059584049398051 0.8877024403196971 0.9456294684896209
0.6189071447053478 0.8797112593732944 0.9398705200421036
0.6258398964987615 0.8810676618878138 0.9423792665609957
0.6059214042646461 0.8876219363630818 0.943856951958531
0.6199678988645448 0.8849902664751352 0.9430521582553798
0.6235896085457509 0.8829066369664231 0.9424889360798788
0.6256969407271874 0.8814991196153137 0.942658811071683
0.6174752211645484 0.8799206051043214 0.9417794643647374
0.6263216259926621 0.8792211061277456 0.9408199473195255
0.616933038757385 0.8844112449844382 0.9441450997098754
0.6136208541740319 0.8844416425546341 0.9454989448883777
0.6185124395560654 0.8825811715602934 0.9435404345640798
0.6073853939548872 0.8880628985343263 0.9442991241961797
0.6078670660510039 0.888009848539552 0.9440691774920532
0.6185860505880427 0.8849192419832911 0.9451483671416369
0.6145423667544463 0.8798472382780395 0.9427745365627199
0.6128834312232966 0.8876509733192246 0.9441467713855488
0.6168535117358557 0.8816158074308086 0.9430609619945811
0.6125929731959107 0.8847895673374321 0.9441717178035122
0.6210525985706931 0.8804103904226986 0.943930438135841
0.6153825424927487 0.8812278375887435 0.943281491845487
0.6185721738855569 0.8813912396724164 0.9435421534420666
0.6189918681407428 0.8811107107033719 0.9438550974428795
0.6201484541387835 0.8843295523268941 0.941722223681797
0.614878238266924 0.8877072724147047 0.9445804794538841
0.6081224411752691 0.8872110620341376 0.9432999060912687
0.6088933331998752 0.8849844016477073 0.9445914911831713
0.6187874493165156 0.88823358774655 0.9436213236229757
0.6163682408816783 0.8836034842335222 0.9438041401105223
0.6127260283676108 0.8868358570383915 0.9436665927146136
0.6099750750804124 0.8870946426450147 0.9448617592629198
0.6104858022958439 0.8847789853087288 0.9441996665061118
0.606642748101842 0.8886908868643156 0.9446452872789292
0.6080517935570944 0.8852089297444834 0.9419182169017587
0.6097963286727448 0.8824835408834142 0.9418090846384426
