# full, direct, likely fidelities
0.9998671437358061 0.9892334250693122 0.9966192861243364
0.9998731756147786 0.9897349075552683 0.9961958868775497
0.9998726390690582 0.9934899932081366 0.9961724363512696
0.9998794470503722 0.9925674074468559 0.9952884282988154
0.9998747614787002 0.9923024821520825 0.995730173752183
0.9998766265630809 0.9919208323296809 0.9956609637943592
0.9998769252240319 0.9901322445547931 0.9967957877421745
0.9998554534529616 0.9903443190683735 0.9947445695225969
0.9998660610694324 0.9943844214556509 0.9966896813398839
0.9998661171608252 0.9905274165064991 0.9970619040938892
0.9998738187000001 0.9919882804854373 0.9963395361551669
0.999863808040752 0.9939751031363029 0.9974955934496382
0.9998703830014197 0.9937104408573706 0.9963977503451494
0.9998684044282702 0.9926535390196746 0.9973355853317698
0.9998638333705955 0.9910115715819295 0.9971800650699518
0.9998721132615777 0.9947871870575198 0.9972867749387267
0.9998597716510018 0.9914743085378251 0.9976039122956084
0.9998713831722876 0.993647248207823 0.996631845848972
0.9998707848332109 0.9928823206010478 0.9968154902194938
0.9998716953410517 0.9923562211957528 0.996020975668017
0.9998722528350981 0.987234217015883 0.9971661151652945
0.999881176857744 0.9913093853515916 0.9962221631393167
0.9998648965710164 0.9863446408299673 0.9947987504236426
0.9998755283941964 0.9940994147544394 0.9972552951488666
0.9998706698556439 0.9913711610365927 0.9967628882697638
0.9998762088528931 0.9915481378510704 0.9971032914565657
0.9998776365042166 0.9926904703411328 0.9972205962176823
0.9998713074422023 0.993818683445602 0.9982058359777043
0.9998705593722143 0.9923427586508113 0.9960400905722917
0.9998606243736422 0.9917991503456388 0.9977092485790752
0.9998682298377177 0.9911341507965831 0.9976533069265157
0.9998593782807625 0.9894538681892945 0.9957412858001794
0.9998621042180559 0.9928897511526485 0.9943321310627138
0.9998672664484126 0.9869635530321922 0.996915278393456
0.9998690900788397 0.9931694288398643 0.9974392605347977
0.9998612703799904 0.9928463141006431 0.9964330932694737
0.999869105132394 0.9913681661435828 0.9973515682540987
0.9998654493754661 0.9930747354212395 0.996690904937865
0.9998782361843168 0.9925975295565209 0.9965883102469214
0.9998778119049908 0.9919635257127719 0.9959901424291594
0.9998763870267398 0.9906499345492562 0.9963978362860992
0.9998657893158871 0.9923589761307755 0.9964712229533012
0.999865138342857 0.9927723418447225 0.9971079543210248
0.9998720843541056 0.9925318560128116 0.9967347632048288
0.9998618282982756 0.9926085814017734 0.996962254383659
0.99986677296119 0.9885525649275068 0.9964866845411636
0.9998844310736321 0.9849688210041103 0.9956128560335763
0.999873405146685 0.9890354966711504 0.9956004802566326
0.999865713576956 0.9925615601695128 0.9977899597334784
0.9998715695625032 0.994310123816625 0.9973641272026632
0.9998662946892795 0.9922768824452577 0.9956603001107401
0.9998740299080194 0.9942409008153634 0.9963839817212206
0.9998842673470956 0.9925913440219832 0.9970971747478891
0.9998614280954027 0.9915106852949257 0.996003182678736
0.9998742248608401 0.9926267790101121 0.9960342891881779
0.9998642592470189 0.9948830981654241 0.9978285198942813
0.9998615392220475 0.9937512256755381 0.9958176167258842
0.9998718525189674 0.9934041153483996 0.9966480902683186
0.9998631812516328 0.9920824245350451 0.9977079957869467
0.9998670966034149 0.9925853940998546 0.9964808072603485
0.9998609528615533 0.9914417795178851 0.9965221310132313
0.9998711048816324 0.9920827701058638 0.9967058862287533
0.9998770833961917 0.9890612947901716 0.9969752211862981
0.9998620187564492 0.9892292375543082 0.9968848049073461
0.9998815596952805 0.9921353350476524 0.9980773220881684
0.9998802254944803 0.9915761165688907 0.9972821518938292
0.9998632985659995 0.9920515869646294 0.9959341742696909
0.9998746773969556 0.994870863549989 0.9977630215654681
0.9998805919909571 0.9889809016244595 0.995980883570777
0.9998569736868443 0.985943840527455 0.9959787283177121
0.9998813310455145 0.9923696944549597 0.9961633538763734
0.9998755011214688 0.9902854874988188 0.9962645937296026
0.9998706716969982 0.9941490453401928 0.9970851079147335
0.999875697057812 0.9957146527164817 0.9970855108865369
0.9998822699052907 0.9883628881636738 0.9960632828408102
0.9998681103214472 0.9948295789609554 0.9974559735590433
0.9998771947212466 0.9903431112353419 0.9974051495086703
0.9998744073481146 0.9934220596895778 0.9972073061683305
0.9998712499069632 0.9941017884686 0.9970816347844744
0.9998700459991121 0.9859267035248578 0.9965799171774916
0.9998614815860452 0.990540539398607 0.9963319010234041
0.9998584411517826 0.9911119705215268 0.9970204755259224
0.9998605831887822 0.9893949208818604 0.9955784347030052
0.999879818602687 0.990472271847814 0.9954217629205516
0.9998725786402463 0.9889502051667263 0.9967556173590363
0.9998787126808864 0.9928232353939126 0.9970935549526684
0.9998694769400887 0.9895718078422502 0.997421979878646
0.9998745634902123 0.9886725002582001 0.9963755646703085
0.9998657309632083 0.9915234314385332 0.9966673021027979
0.999869922759405 0.9905802175729005 0.9957517448579251
0.9998742239215415 0.9893390458080789 0.9965676945100781
0.9998545188989679 0.9932558728499375 0.9964073097801726
0.9998799603744736 0.9863097284465687 0.9960808537792779
0.9998627952977784 0.9902857157197891 0.9951078389369282
0.9998692566148657 0.9930540159291894 0.9965582205466643
0.9998640451234955 0.9945517700049555 0.9970649123380203
0.9998646245096615 0.9906276540436918 0.9954472063067135
0.9998720657266383 0.993894085494592 0.9977484208388985
0.9998670382189331 0.9890758030127709 0.9953372272594059
0.9998564171947362 0.9943064358980243 0.9969615831861645
