# full, direct, likely fidelities
0.9942356285675337 0.9911101448979224 0.9962610115329551
0.9943315071565328 0.9909146300974258 0.9962224952459711
0.9941246008805907 0.9903246288237582 0.99597473218207
0.9942866867813487 0.9905824415005113 0.9961654044226138
0.9942242963794123 0.9900460921086139 0.9962937936950529
0.9943250734226108 0.99058632131559 0.9962554629363346
0.9942273923050621 0.9896768154715234 0.9962747806406438
0.9943194323502914 0.9908334821181315 0.9966614628958819
0.9942715066297955 0.9892834037119806 0.9959247872159529
0.994170455014537 0.9903436359564779 0.9960714518870375
0.9943438771034858 0.990418337633149 0.9964517137925575
0.9943643928925026 0.9906032853937907 0.9966794783140859
0.994253328979611 0.9903884966455011 0.9961137279051037
0.9942167017439201 0.9889169698545377 0.9962380856680076
0.9943309561691943 0.9903671729867661 0.9962912184806735
0.9943174920443624 0.9896891810148504 0.9958915593576095
0.9944080422552032 0.9913412188825792 0.9962009636210983
0.9942737509736109 0.9913088946945435 0.9963847851811978
0.9943714289220679 0.9902515749269695 0.9962747233058468
0.9943228151640577 0.9905792058922214 0.9958944951999044
0.9943459402542789 0.99053167707878 0.9961924657761697
0.9943460727599982 0.990501919015796 0.9959179426275636
0.9942351013133173 0.991404677051275 0.9963335096719217
0.994335405849125 0.990158117838071 0.9962674038572131
0.9944028098893923 0.9906132306881551 0.9962234339341522
0.9941913340615884 0.9909061587035687 0.9960108422320059
0.9943251596768112 0.9908018044643778 0.9962714306411002
0.994278086672579 0.9897802487712941 0.9963652376525467
0.9942891592187862 0.990191933499224 0.9964249642363171
0.9942577781786285 0.9906177440101942 0.9959861452903017
0.9942851663851375 0.9910282921668456 0.9963067008382714
0.9940972117207539 0.9888224932134062 0.9955585489063856
0.9942119096979632 0.9907684268431511 0.9959024702474687
0.9943797198755204 0.9913360148181644 0.9963150499733029
0.9943468083536117 0.9898167146356701 0.9964091257072247
0.9943995501371408 0.9905236407524662 0.9964338154927017
0.994234597417363 0.9903976570447011 0.9961628637032095
0.9941788749319894 0.989658288898435 0.9964310596942579
0.994160584334947 0.9907763301448932 0.9956823603371637
0.9942817395725088 0.9902936876432513 0.9963100070021629
0.9942534159341754 0.9901188316130145 0.9965535304304586
0.9943549465929947 0.9910709765841297 0.9962014202483613
0.9942374252395806 0.9908313195885017 0.9965955924012337
0.9942727890220212 0.990923969747147 0.9962704644354857
0.9943005626495892 0.9907870190752188 0.9964553985511962
0.9942331782289524 0.9895078474808373 0.9961358417607232
0.9941922798569354 0.9894740763303475 0.9958445465733516
0.9942712517844212 0.9903561634392474 0.9963189066507928
0.9943219068671619 0.9910887671169967 0.9965205649970947
0.9942748206887987 0.9893670085248305 0.9961960886092719
0.9942770993072568 0.991154540767072 0.996179083430758
0.9943379126332305 0.9898132629990888 0.9961653686950087
0.9942146212419197 0.9894030302668365 0.9961996792872664
0.9943580888327223 0.9917144475621238 0.9964881447882932
0.994409154318296 0.9911545044092863 0.9966350405850096
0.9943031375368296 0.9907830164626875 0.9964808988991032
0.9942899576773956 0.9911621728766704 0.9962323353592208
0.9943061971391928 0.990188431635323 0.9959327420345805
0.9942558193873495 0.9893009876079714 0.9955701575046971
0.994315354283694 0.9902704145153628 0.9966236956509881
0.9943557109506189 0.9902066188406059 0.9962798100408522
0.9940767223418666 0.9901650496999721 0.9962450484051923
0.9943317698976841 0.9905921701011974 0.996397910305635
0.9941441522943438 0.989399836292314 0.9966307891258791
0.9942745107858059 0.9910804273936361 0.9964134089784094
0.9943916442024405 0.9910419856970204 0.9961727067164702
0.9943516367868476 0.990493850809236 0.9962544211513057
0.994208274688819 0.9908290566193436 0.9959005743882713
0.9943066906715118 0.9908558803230934 0.9960578459728401
0.9942389076313927 0.9909534928487286 0.9963714460793267
0.9941793627298764 0.9898478589377407 0.996277208226426
0.9943221025809406 0.99075067148852 0.9958266594167404
0.9941992937272989 0.9894514494342064 0.9963037412715732
0.9942261434209155 0.9901472027466638 0.9962489249436632
0.9943756587578605 0.990099799954377 0.9957032623601761
0.9942883290617768 0.990613718390979 0.9963785110074129
0.9943097783442014 0.990511935354104 0.9962081737021189
0.9943564994542909 0.9914185053026843 0.9962438510524113
0.994268400836465 0.9896956728351375 0.9962644994948229
0.9944308941781664 0.990869055072567 0.9962247916737075
0.9942728749662021 0.9901683260507256 0.9963121597803953
0.9942941700689599 0.9901551234193536 0.9961389991261128
0.9943174655285169 0.9907120521409338 0.9961739928402797
0.9942437127239233 0.9892351853617682 0.9960919628759136
0.9943340142139775 0.9901711401961052 0.9962505923583814
0.9943412615361517 0.9903921738241439 0.9964633352568032
0.9944103074503914 0.9908128487910698 0.9964212972877842
0.9941451736098579 0.9896791944839675 0.9961354655187046
0.9942510041799929 0.9913196030524821 0.9963408288195509
0.9941921927026144 0.9890584867620732 0.9961658392351302
0.9941964386560846 0.9899907039434122 0.9959689570117637
0.9943034595803434 0.9905296531855224 0.995870152931481
0.9944060458660873 0.9916184018622374 0.996489939647324
0.9941894130116576 0.9895751343517242 0.9961284355109945
0.994297681608984 0.9912769438399546 0.9964780031899784
0.9942987740082543 0.9911474854406588 0.9964773109699806
0.9943316874610435 0.9913268654977344 0.9963472949461637
0.9944120086088671 0.9906858404379527 0.9958239790732542
0.9942269716684311 0.9885419690586317 0.9959300046156395
0.9942580805589445 0.9903394322965662 0.9958578370472456
