# full, direct, likely fidelities
0.7475095170616236 0.930369908314637 0.9666868661668676
0.7483989242332835 0.9308711703810598 0.966939330149664
0.744151802846683 0.9301162766361675 0.9657583575884907
0.7621715108265148 0.9259184100408062 0.9665092406373269
0.7490671396655487 0.932074087920869 0.967623305960793
0.7498747263521605 0.9321961934130006 0.9678427699169121
0.7461374330380524 0.931395870098061 0.9689671266310558
0.7462884187970056 0.9326510976294393 0.9669998063659625
0.7452199616501266 0.9291577028938252 0.967913562523297
0.7528016615484387 0.9297137952798629 0.9650422441327736
0.744826614594888 0.9307000441185145 0.9683773737186334
0.7466733887363097 0.9302970411116155 0.966986984442396
0.7505627954613435 0.9305562158017973 0.967199155208192
0.749611334010104 0.928717781660108 0.966764344737336
0.7449816176125298 0.9342588620908996 0.9678396490479692
0.7426886582823475 0.9325273229945986 0.9681280784488773
0.747216029761586 0.9316461100859148 0.9678756597877926
0.7498795787296765 0.931571572853939 0.9671719569462955
0.7487612654804082 0.9312839430139512 0.9653341869436656
0.7411703208448746 0.9320528846215042 0.9666937360904856
0.7442817507472484 0.9317239763318967 0.9669231209793644
0.7477284147319512 0.9319074900955749 0.9667194954491168
0.7439061522087357 0.9316786966886874 0.9677371773538653
0.7469206836968709 0.9322669205006615 0.9684263364379531
0.7436258011757151 0.9340001898130887 0.9682338239607885
0.7477822847819766 0.9303282579675387 0.967125193332767
0.7479410849463095 0.9298639747427669 0.9668672708124878
0.754425580114689 0.9292541137544661 0.9676913519629635
0.7490047940334059 0.9315570799326919 0.9670592711257622
0.7411828175522048 0.934820110150219 0.9678640497796626
0.7480091417066158 0.9305118884562019 0.9669739434893557
0.7446953408680173 0.9326381694272035 0.9677002550250758
0.748574778333289 0.9297919538550095 0.966267229114747
0.7456131884482993 0.9294345442528573 0.9671942737671139
0.7459413872689327 0.9321919697733264 0.9670649681923366
0.7449088820167743 0.9317685423958338 0.9678588257250453
0.7499080936699967 0.9310602038782176 0.9664854941885632
0.7466203984909388 0.9312045788096446 0.9668703669304719
0.757104371710153 0.9270018253231671 0.9670455249909137
0.7467579931406638 0.9314141087037252 0.9683511690546094
0.7473628602811294 0.931710760043444 0.966788727570873
0.7443022994149779 0.9328607871639947 0.9684887848713014
0.7420416533154418 0.9323767339814273 0.9675150816813202
0.7463265554124463 0.9318095421654475 0.9662818344124043
0.7451613082573489 0.930033811556777 0.9672135218050046
0.7454564997777364 0.9316637875464605 0.9666613289758484
0.74901759186331 0.9325101940934264 0.9688981485009697
0.7453336363263234 0.9335755854399279 0.9678937942305924
0.742974237843226 0.9312327045670974 0.9667980306553636
0.744417382166938 0.9333836214550486 0.968022517888051
0.7440449598691037 0.9312305298564884 0.9668697934899952
0.7465594488859143 0.9285805805287861 0.9662135009787751
0.7492776526212889 0.9285486899722067 0.9662659194124165
0.7470226317322594 0.9307007490556936 0.9661899210464262
0.7434687305789949 0.9333172552153757 0.9671417819353443
0.7494955129606781 0.9278267149461931 0.9656729365756307
0.7449624424388093 0.9329450439037128 0.9664016759522016
0.7450342202700518 0.9315728163878242 0.9671300675237304
0.7474378705841729 0.9307844765649461 0.9670928485326598
0.7434427625006464 0.9287971933989234 0.9667470162684911
0.7467370070398158 0.9319733659303239 0.9667376167982573
0.7422231220874477 0.933569743660698 0.9689187692143094
0.7450883610306716 0.9328782638818177 0.967447253713438
0.7428141187255561 0.9310396313611043 0.9668391019643676
0.7425763925090537 0.9316655884106417 0.967944348416609
0.7421450463851907 0.9351937206288568 0.9680023687406795
0.7493285943683184 0.9307958884213933 0.966746651111934
0.7522394276906192 0.9312303831810007 0.9676363674813133
0.742123170467495 0.9330175671337005 0.9675045792913236
0.7499785454579572 0.9312117678256522 0.966529660949004
0.7519064305001075 0.9298047339905221 0.9660597638806135
0.7520343451291591 0.9304350105971454 0.9671895801779408
0.747074580241116 0.9286298179470996 0.9666485877125809
0.7538615673532412 0.9281308688536781 0.9653850861654206
0.7466766589665143 0.9341219906302901 0.9674773446916495
0.7449903729387435 0.9319911937951624 0.9678471676161463
0.7477742740622335 0.9313745962289831 0.9677413463768952
0.7422180665974186 0.9338113337947757 0.96725429060202
0.7431195545009711 0.9339730847879575 0.9682449326182584
0.7483503706300411 0.9296202137652713 0.9664772199733794
0.746628162948617 0.9317714757470706 0.9677334394648297
0.7445587059527292 0.9315216054432893 0.9686551915183041
0.7473921728288374 0.929337433419647 0.9660770226482979
0.7458067980349188 0.9304311327540894 0.9669165279325944
0.7502662290130602 0.9315287261825478 0.9672250792215157
0.7469743300266782 0.9306750508097843 0.9674987662178054
0.7473350403947778 0.9294127723927069 0.965261879467983
0.7491462672741226 0.9297589166641655 0.96715657787994
0.7497921470740897 0.9301391205483007 0.965927364983294
0.7468857454482416 0.9314957022460569 0.9679631286509138
0.7425234283799008 0.9305799006129072 0.9669169654026576
0.7423681069356769 0.9324474615044569 0.9674142634887711
0.7488404267363172 0.9318696767530514 0.9675793817146475
0.7473363942554411 0.9287229580906334 0.9660612788499655
0.7472010423704547 0.9337548311136792 0.9680244532536836
0.7437064910100237 0.9334044786795487 0.9675542484551921
0.7442584442915567 0.9327405152736089 0.9675206606944401
0.7421781430970054 0.9322436528866792 0.9676184438287356
0.7440864675771391 0.9310644945930449 0.9666160119966997
0.7442006817999582 0.9319025463251197 0.968059053040539
