# full, direct, likely fidelities
0.9969626660705462 0.9973601291326655 0.9987912049053387
0.9969048010143968 0.9972560398134821 0.9987701595653155
0.9969288241904296 0.9972417887253225 0.9987278990478314
0.9969625755491641 0.9971182478289884 0.9986699546589556
0.9969143458285984 0.9970366794758135 0.9986739433959887
0.9969052543584075 0.9972590686675407 0.9986744904405678
0.9968968159601492 0.997210569289864 0.9987560756814838
0.9969574706694281 0.9972822698405113 0.9987515635281458
0.9969291389534468 0.9972220988671118 0.9988082934841972
0.9969409793601358 0.9972594700447118 0.9987349344199452
0.9968958596350361 0.997018634742581 0.9986959316043048
0.9969327133206447 0.9973033344605124 0.9987795137849531
0.9969057594997792 0.9972756063716153 0.998704129581454
0.9968864428037653 0.9969227726756335 0.9985558501229235
0.9969349328306246 0.9973453548094464 0.9988470017293778
0.9969406912700823 0.9972652249344078 0.9987811101216296
0.9969231318601457 0.9971989142322719 0.9987203230427559
0.99696407541813 0.9974202545156723 0.9988133062142202
0.9969200336570829 0.9972449406584153 0.9987785980982622
0.9969210955270883 0.9973333527897834 0.998796643177318
0.9969001629046682 0.997320320461308 0.9988241260641926
0.9969617863951755 0.9973178888520065 0.9987932698544505
0.996981062034177 0.9974078514887843 0.9987835916068845
0.996940260666966 0.9973081604234952 0.9987918108221779
0.9969514195884897 0.997353104946401 0.9988533317950179
0.9969666854682963 0.9973643974045088 0.9988099633414848
0.9969140591123951 0.9971352350515472 0.9987913446335391
0.9969726193507166 0.9973509539989864 0.9987788851414143
0.996924294709748 0.9972381430807239 0.9986671271868122
0.9969272395667811 0.9973856387691723 0.9987953487798433
0.9969572362567424 0.9971252170795479 0.9986951868334721
0.9969744176234296 0.9975006700894831 0.9987723911270296
0.9969287640447582 0.9973752676134113 0.9988352242030177
0.9969616481159528 0.9974569245071871 0.9987850625381749
0.9969413782125939 0.9972409821966368 0.9987179368218961
0.9969408427819046 0.997105908265849 0.9986998688400518
0.9969375227345886 0.9972343444894022 0.9986329461249602
0.9969548290997209 0.9972844847381023 0.9987699817757696
0.9969351242186806 0.9971972383608732 0.9987149359197026
0.9969404189659157 0.9972888989611359 0.9986882442688056
0.9969466015741193 0.9974550150880779 0.9987264041479093
0.9969301005953138 0.9971564691089274 0.9987196154506216
0.9969099114641932 0.9973500304608781 0.9988112263266621
0.9969378854629446 0.9972365643720705 0.9988380464336862
0.9969601505480103 0.9973352123070279 0.998767414878748
0.9969629313195695 0.9970122853056539 0.9987488633642241
0.996954487606528 0.9974289813982515 0.9986814012737442
0.9969060724401035 0.9973137779149053 0.9987347447763589
0.996984649933986 0.9975345175252973 0.9988179673269822
0.9969759347751478 0.997498111248152 0.9987893749259762
0.9969523601014572 0.9972060326972965 0.998740048279364
0.996930290993084 0.9971636938701463 0.9987262642608477
0.9969200079682409 0.997263255222725 0.9987007496490514
0.9969283900185076 0.9971958750413195 0.9987268083957936
0.9969307528792297 0.9973927178629486 0.9988001512779667
0.9969877628755558 0.9974347991782803 0.9987976014597651
0.9969471833349265 0.997278863959203 0.9987358817429589
0.9969383479184388 0.9973082098681718 0.9987341876776656
0.9969310583659153 0.9973635758645472 0.9988089057929396
0.996916918437209 0.9973098631512003 0.9987766766948247
0.9969461792129503 0.9973545782260965 0.9987779061075329
0.9969370637353276 0.997254891725047 0.9987166617590876
0.9969120658187319 0.99741351322864 0.9988063168714049
0.9969119901338951 0.9974273128627478 0.9988212009904637
0.9969613084622435 0.9972286258664462 0.9987498615155116
0.9969047381014278 0.9970797201925868 0.9987306099983402
0.9969434058314083 0.9975008794546075 0.998805708763213
0.9969405276882614 0.9970750259818196 0.9987638854195515
0.9969884230669775 0.9974001657873428 0.998807063472624
0.9969403462701767 0.9973094465415541 0.9987990006342657
0.9969510861700359 0.9974111694239604 0.9987490326124531
0.9969613551757133 0.9972581400662633 0.998787872488301
0.9969237100924886 0.9972663175986088 0.9986523428675006
0.9969549097239877 0.9972724429112371 0.9987319449890202
0.9969195071458377 0.9972965670490479 0.9986786571576187
0.996920610671024 0.997434719806394 0.9987595355161146
0.9969099403109194 0.9972767700057471 0.9988402568808158
0.9969351991486741 0.9974002434989544 0.9987921357976366
0.9969574685059168 0.9972371862674598 0.9987718527020093
0.9969377701241259 0.99734097947459 0.9987765286856952
0.9969714253086309 0.9973353578811736 0.9987378827994003
0.9969074420465176 0.9971790339623002 0.9987423716433067
0.9969412811054963 0.997405126255639 0.9988243704743947
0.9969154372253224 0.9973339831680511 0.9987853386846485
0.9969058718184989 0.9972905231364831 0.9988243251967558
0.9969436956498446 0.9972206960580143 0.9987911359356997
0.996956146626242 0.9972589513215337 0.9986982292110257
0.9969098036214624 0.9969766394824817 0.9987920539098819
0.9969379890854764 0.997404330102881 0.9987375943172537
0.9969310299216887 0.997310401977789 0.99880528256159
0.996945960168376 0.9973565134492525 0.9987765143016344
0.9969325840612285 0.9971096423155044 0.9986475985857256
0.9969264446674427 0.9974068497172548 0.9987769126337805
0.9969860728146189 0.9974349190221234 0.9987740589699665
0.9969352516404277 0.997382720802468 0.9987857730447351
0.9969682874833508 0.997323830298173 0.9987238578769888
0.9969306473747735 0.9971161295944696 0.9987548928905617
0.9969545846056787 0.9973844936926165 0.9987826006195206
0.9969361144888147 0.9972980792178289 0.9987962883622818
0.9969068645691506 0.997098902234745 0.9986196551644859
