# full, direct, likely fidelities
0.9631829585071764 0.9595056868002676 0.9819607849007526
0.9636028516104186 0.9552245010514884 0.9817481800610143
0.9638977642776775 0.959722318500604 0.9820173154174041
0.9632785622345618 0.9582050730869444 0.9818525391770817
0.9637452485521063 0.9526529064409814 0.9802485093399113
0.9633667150605214 0.9575119385975807 0.9825874216766471
0.9630198323448067 0.9486951656312885 0.9799192380346445
0.9635327049979232 0.9554758886387217 0.9828953272444715
0.9630725812399044 0.9540428291897245 0.9822129422361566
0.9625700545286902 0.9552067191194513 0.9816544989250081
0.9630607858284236 0.9594413988302763 0.9812240554164184
0.9631082058057046 0.9601362494828118 0.984571615060135
0.963787262750145 0.956398500167059 0.9826872628873863
0.9637486354862655 0.9567032468408094 0.983150199423512
0.9628430317129942 0.9562132717677124 0.9825466194336052
0.9634825692713568 0.9552898368301695 0.9804973035951918
0.9639653019188242 0.9582951185406858 0.9831303911775436
0.9634520379580408 0.9600042441799757 0.9821352685362021
0.9632042090934517 0.9577851272121841 0.9836233051031475
0.9636147744570708 0.953733578654623 0.9815306342283274
0.9629044045494144 0.9578528337680243 0.9815260873102312
0.9638350080442 0.9534022988067166 0.9826070804017409
0.9631241074996405 0.9600387823854434 0.982929549881097
0.9628513474578927 0.9563104741757149 0.982362656598038
0.9633914782833933 0.9591414041078371 0.9821496903839555
0.9633496039680792 0.956696142012129 0.9833885395903171
0.9634792610632757 0.9604221860226128 0.9827169657128162
0.962977712424682 0.95152033918638 0.9815022015400485
0.9630816224324799 0.955032175218716 0.9827690557977369
0.9628580403643457 0.9597965537967262 0.9823781012146223
0.9635610975840044 0.9581887001406213 0.9838231452591434
0.9637546300468777 0.9505053142962957 0.9807554612488371
0.9632453677496798 0.9572910794462747 0.9818811121162384
0.9635204938492832 0.9580562952139727 0.9837483771312011
0.963334129892438 0.9567634715758742 0.9834984457593973
0.9637203746812097 0.9535684901764955 0.9815990032023086
0.9631919468730219 0.9568601379729123 0.9833390580135325
0.9638388837534696 0.9560943387968666 0.9808733900320266
0.9636246490914994 0.9533202184914172 0.9829331740125749
0.9636251487442866 0.9581210842943857 0.9833434116079661
0.9642779985304297 0.9552024414504391 0.9840711878426422
0.9632515348547607 0.9591378973986516 0.9825923797821868
0.9632487965203419 0.9566025351550742 0.98212464483605
0.9630957517691859 0.9525317107810098 0.9811886964246684
0.9635489837249719 0.9544612634188878 0.9827651082135603
0.9631875957432247 0.9519981193706132 0.9819057454644142
0.9630896493000375 0.9558286778716237 0.9827225556459063
0.9635036796903296 0.9528827434379241 0.9813037634282102
0.9633458601369289 0.9586246048235753 0.9817266845403751
0.9633356978922141 0.9539708255234426 0.9841525097687793
0.9634092476344083 0.9554232138332345 0.9819212453882967
0.9634850732721872 0.9544069101542973 0.9817441669000007
0.9632536165410703 0.9525122618299408 0.9834304581052493
0.9636293637299833 0.9597980327550886 0.9835087362761922
0.9638091874646124 0.9593363496364916 0.9834977599477612
0.963617447033598 0.9569544618130073 0.980926396013064
0.9631661300519919 0.9542227352557108 0.9831870300140247
0.963337212544484 0.9555236776199665 0.9819992291601499
0.9634495925690453 0.954693751450551 0.9820220939703292
0.9636670009728784 0.9500429560248433 0.9833819914301279
0.9635398363596172 0.9553094820339315 0.9828062945649811
0.9638358666380196 0.9554352200583291 0.9805703193624653
0.9632877850245154 0.9539603873191267 0.9816387309114826
0.962962248826398 0.9537390833262293 0.9806834218612408
0.9634674019526043 0.9594638981142938 0.9830918724618141
0.9633097730216833 0.9573144151577541 0.9848873260871223
0.9633814010528042 0.9548892276267928 0.9818605402035245
0.9636697537059322 0.9546356616664394 0.9826390876243684
0.9632444236330486 0.9561007687996421 0.983040151419189
0.962909038909959 0.9573609144485248 0.983852706212344
0.9630109466984589 0.956333608957974 0.9824633157592417
0.9636366425671427 0.9557761392394293 0.9815607913769535
0.9633450583759516 0.9550450050535937 0.9825302472255486
0.9629854562120698 0.9546329190482278 0.981728866555358
0.9635049636206253 0.9566190020593224 0.9814017672534107
0.9635789323412707 0.9576108493390979 0.9820350226576636
0.9635299534802426 0.9594264316991242 0.9825188942185907
0.9637069705237378 0.9580599347261701 0.9815429990058744
0.9636026490507651 0.9568971042791403 0.984178056361426
0.9638319980473711 0.96177881796512 0.9842419951292782
0.9628676264200986 0.9544988594607317 0.9806485422268718
0.9636378402893422 0.9562673793791426 0.9819960802305194
0.9635170590794813 0.9543607427738858 0.9822677631218365
0.9637135406373645 0.9566356565549703 0.9818180925365836
0.9629729301981723 0.9547011204685252 0.9834987897573728
0.9636720820563675 0.9546253895117423 0.9837446260188352
0.963640386678247 0.9582047763663714 0.9804911180658604
0.9632413519436224 0.9559751753708805 0.9825877589982542
0.9634602133408103 0.9551592482262004 0.9815289127933953
0.9627755981030884 0.950695544205484 0.981275167862924
0.9632785428171522 0.9535138739308665 0.9798862417416183
0.9632808591945311 0.9570428858564459 0.9805535833540711
0.9637845403027624 0.9556576089779953 0.982150484707317
0.9633298213515369 0.9566627733932372 0.9799304376593778
0.9632351138404707 0.9572783752745059 0.9807313709626656
0.9633723279174236 0.9557296468542745 0.9825495815691668
0.9633783300228055 0.9546414107422908 0.9829537916103328
0.9635802571059198 0.9552968015241535 0.9830204987422774
0.9625481478933318 0.954439593767753 0.9829651599078307
0.9636624481544032 0.9565150552379912 0.9832016205285361
