# full, direct, likely fidelities
0.9585230555665536 0.9652731724772795 0.9877106211920021
0.9588501948389345 0.9707225156399084 0.9893921174600068
0.9582831569046393 0.965929484354855 0.9883557328639744
0.958669288904379 0.969117832930674 0.9878124911329329
0.9585045927721174 0.9680703790460327 0.9871066267499539
0.9594148408019748 0.9663994777904997 0.9883603333863922
0.9584378834258741 0.9642157911817512 0.9872061683711084
0.9586180455616882 0.9632210175862634 0.9879462681476769
0.9584717978595197 0.9690867737490262 0.9865017381137686
0.9590361332383756 0.9687032508764898 0.986291721781124
0.9583971468941641 0.9665947829104264 0.9850930722087792
0.9582338065261123 0.9677043130119316 0.988503949497273
0.9591294029205385 0.9603256529843792 0.9854426906189926
0.959012250696306 0.9647689230211911 0.9878720067661696
0.9583282779263889 0.9670192292919624 0.9875064209642107
0.9580989994213963 0.9678961747729297 0.9856340728372367
0.9590484678862091 0.9649451592204542 0.9869193845567004
0.959320699326616 0.9653117548023172 0.9855466677958082
0.9588084207056107 0.9645517848194427 0.9881102684340151
0.958439865872264 0.9644784673103831 0.9873957861206567
0.958915937823338 0.9668071327951508 0.9862598268311469
0.9586738817729424 0.9635766321355053 0.98723953014553
0.9583879184598565 0.9672524592125613 0.9864261787374038
0.958540676280545 0.9660068311778237 0.9863729987308439
0.9585843171016073 0.9648930179531817 0.9886380169700141
0.9581704628692278 0.9651297184185068 0.9880775005298537
0.9587070336748977 0.9637067381176887 0.9889014641647392
0.9582528665128329 0.9652897345126813 0.987518314758852
0.9596593597541473 0.964718994054054 0.9880878796111062
0.9589212036371629 0.9697468654001669 0.9888447230492288
0.9589264235680577 0.9686069421431461 0.9879067541069179
0.9592493517252684 0.9662163106471506 0.9876859822187185
0.9587446140563888 0.9663397767776223 0.9878438284882354
0.9587933487291352 0.9654122531244267 0.986392202976903
0.9583708269828421 0.9681891489953514 0.9869851134343334
0.9584940490914678 0.9667602003971029 0.9861528013955103
0.9584107539500115 0.9644629858387381 0.9874346321303614
0.9585787877385414 0.9686236617144658 0.9868819541243621
0.9588033117458572 0.9675250369132057 0.9866575022108146
0.9584290783138563 0.9713990271439088 0.9851866881836575
0.9582076016136181 0.9694404725848628 0.9875887507821153
0.9582920188672849 0.9628099303776037 0.9874059107196215
0.9583786570821107 0.9683520393564234 0.9873851891441123
0.9581439065159715 0.9693355244055165 0.9887042715078788
0.9593344166562104 0.964536009091023 0.988122226675714
0.958790117277563 0.9651486245668343 0.9878967203122161
0.9585967288920012 0.9692067446248797 0.9883411220347202
0.9587152754450957 0.9670584518389935 0.9883043091129903
0.9580900768857336 0.967350229472032 0.9879257329441693
0.9589104436634194 0.970177073270244 0.9886777244698998
0.9590206030340931 0.9661297138767707 0.9871522911051905
0.9585386508777912 0.9636368130441747 0.9871703988111289
0.9585121911502367 0.9645731053166194 0.9866178729495031
0.9589242538372361 0.966941510681724 0.9878849272952291
0.9584477870210809 0.963333687055588 0.9858397138974956
0.9586842281242557 0.9638502834341539 0.986655178924941
0.9584666741773614 0.9650297998758562 0.9839696300130176
0.9582367407851651 0.9660339001823205 0.9866670935395566
0.9580259174550549 0.9646647875432107 0.9874262212925606
0.9604293921739748 0.9644195291519219 0.9866314423959076
0.9587093092067893 0.9652113063245112 0.9870935284162465
0.9590043485743592 0.9682549068032203 0.989069740831657
0.9582156239500194 0.9671274588643332 0.9868158364743018
0.9584248799684556 0.968199669147785 0.9874579094500632
0.9586555072326046 0.964804462035245 0.9867312092268518
0.9591401679795586 0.9613854142396979 0.9839423835892512
0.9585872280653561 0.9675904954486225 0.9860561613728579
0.9590681577596853 0.9690275651357284 0.9884308628115599
0.9588496564877833 0.9696952447297466 0.9866123538122399
0.9582482376522864 0.9670438944778588 0.9867946415510344
0.9587687303238775 0.9656818338364096 0.9895524463099383
0.958906373164051 0.9639169520893761 0.9875451817162839
0.9583718648720563 0.968877726798829 0.9884107662018197
0.9583115285425879 0.9677148733897807 0.987253982471061
0.9585625097705248 0.9693108905343671 0.9884201759796195
0.9580765722068676 0.969230943739032 0.9873591046534764
0.9589311315367752 0.9655450968681307 0.9869855418889453
0.9585814956861901 0.9693174304868442 0.9877532816582449
0.958737513093755 0.9644661611288546 0.9854265378055124
0.9584038336672852 0.9695284711006898 0.9882199144914378
0.9591143680357116 0.966945867603717 0.9879956310109954
0.9583319790169421 0.9693853164495218 0.9869233093949575
0.9587610935989118 0.969235848966313 0.9868445161662519
0.9584942156791579 0.9645888403149061 0.987204528849124
0.9581463770352885 0.9667988638790128 0.9854781238499768
0.9589615601641048 0.9654714662083507 0.9844383971795324
0.9587672180829183 0.9681270287876295 0.9874104229236309
0.9583046510655729 0.9674700140527597 0.9868606054823453
0.9581583526201283 0.9667323315380074 0.9876575415406925
0.9584854821968974 0.9617814002142535 0.9877104014621679
0.9587721755613818 0.9681688017677127 0.9857767181697694
0.9587910737546758 0.9647027649939566 0.9863536615787836
0.9587747420004511 0.9675956135700742 0.9884392294571952
0.9583721811838491 0.9670273577205903 0.9863369837452866
0.9587566325830557 0.9633437046121759 0.9856033578832984
0.9591153681455933 0.9649964710048644 0.9847617574421265
0.9587882036345848 0.9681546654842373 0.9874778497765022
0.9581309823636442 0.9678060383402405 0.9873439539640094
0.9586081966719845 0.9673512756118607 0.988303739454687
0.9584175376726334 0.9669969270830128 0.9876956149430058
