# full, direct, likely fidelities
0.9960624441422725 0.9970761029250202 0.9988392576601727
0.996024556631477 0.9968867291809593 0.998834396011278
0.9960159392955442 0.9969040167014371 0.9987988538747261
0.9960252872543045 0.9968776499784527 0.9987569786836433
0.9960425303688137 0.9968653974103865 0.9988280693081638
0.9960119034949689 0.9967776423984489 0.998676687507278
0.9960408988066104 0.9970697267078056 0.9987792608093603
0.996029943246213 0.9968372483788923 0.998768482740991
0.9960697785224866 0.9966863183704253 0.9986624922734305
0.9959475837344656 0.996368108154967 0.9987707934534289
0.9960308811558933 0.9965217851462479 0.998685035081417
0.9960007167667189 0.9961858238678774 0.9985405194078217
0.9959506405304364 0.9965385560904706 0.9986682611175615
0.9960113252976557 0.9966954193607256 0.9987537885827175
0.9960203805225701 0.9971136376205811 0.998771130660614
0.9960305375436522 0.9965652570886422 0.9987364971861167
0.996029232834014 0.9967000365416058 0.9988095010075617
0.996005167061636 0.9964893055396032 0.9986647760320589
0.9960053355456144 0.9966848010701594 0.99879767226054
0.9960402905279744 0.9967698723081281 0.9987702987191086
0.9960094296885339 0.9962962711841907 0.9987368286027356
0.9960389573695811 0.9967444632238743 0.9987659573666775
0.9959688341629157 0.9966137230003189 0.9988547479795784
0.9959928386447632 0.9955557096953064 0.9987004788525489
0.9960545015608383 0.9966452308003012 0.9987020300457993
0.9959821776692708 0.9968316193804333 0.9988154150733717
0.9960219462555763 0.9966630901997167 0.9988198912619864
0.9960389076852537 0.9969225040604375 0.9987671083783429
0.995986309973524 0.9967701410711387 0.9988353341507531
0.9960862681946734 0.9970282583386557 0.998915641734882
0.996036506219587 0.996909953195087 0.9987439077899021
0.9960193405115018 0.9968893389137419 0.9987716965622656
0.9960535777846069 0.9971640605888096 0.9987786315866158
0.9959987642655035 0.9969697835033288 0.9987921248215341
0.9959969282018962 0.9966832755517009 0.9987528817173733
0.9960193545589137 0.9968575541357737 0.9987269864320059
0.996042255132844 0.9968279840514255 0.9987730609700658
0.9960339557132188 0.9969350177925287 0.9987447477934236
0.9960443883131782 0.997002771217239 0.9989109962066033
0.9960248871835727 0.9968781691014593 0.9987440009013859
0.9960124082707915 0.9967197583911523 0.9987497330061667
0.9960286768692757 0.9967272301248868 0.9988014873815337
0.9959839456234286 0.9965846565066601 0.9987861621328493
0.9960165860614344 0.9967392862271802 0.9988685013628534
0.9959935808677806 0.9967521303796208 0.9986975513078284
0.99605288576474 0.9971230717583675 0.998784108262492
0.9960160233022061 0.9965801987866834 0.998836164102597
0.996013908347931 0.9967942126239302 0.9988212065522286
0.9960213291497716 0.9968837053778654 0.9987771305867772
0.9960350938859933 0.9967800334204394 0.9988084077482893
0.9960096196580077 0.9967647564001471 0.9989178374815855
0.9960545907220073 0.9968246810621257 0.9988693890072596
0.995981893629876 0.9967750256415452 0.9988205320941893
0.9959900058797854 0.9968412098998103 0.9987834275739977
0.9960146914702368 0.9968806380089075 0.9989294143586904
0.9960391912234481 0.9967053604553536 0.998850638933077
0.9959903738556178 0.9969015341506864 0.9988961842943905
0.9960080302951572 0.9970303055185533 0.998801373892758
0.9959824077964713 0.9966175991772884 0.9989496478113963
0.9960306495896961 0.9969013842460454 0.998819544309877
0.9960373697906741 0.9969081275958303 0.9988360235555557
0.9960227384255248 0.9965337571158791 0.9988997893150507
0.9960118872222483 0.9966826622606295 0.9986328126160373
0.9960189836474344 0.9966350245317652 0.9986793535714007
0.995989380496724 0.9967152024408583 0.9987264271928118
0.9960147795148053 0.9966719614447024 0.9986910865173456
0.9959735636826843 0.9967558365158236 0.9988232781890367
0.9960143227469376 0.9969063845359457 0.9988069134176336
0.9960321229242878 0.9965967024235727 0.9988590408229977
0.9959843261224446 0.9965950846350132 0.9986604931286854
0.9960339886649539 0.9967821467230553 0.9988436666056839
0.9959819741743983 0.9967705158377295 0.9988106632713223
0.9959940511639862 0.9968129994763812 0.9988724557587886
0.9960324765950372 0.9969157730697562 0.9987671809241478
0.9960011884106529 0.9968710724698759 0.9988395977931953
0.9960283194008702 0.9966131028156053 0.9987499685375008
0.9960322883586453 0.9969744702379042 0.9987743035168993
0.9960405259770566 0.9970999035261078 0.9988255098967531
0.9960288248749228 0.9967120432213182 0.9988331873880893
0.9959946249827428 0.9968055878652352 0.9986765627341396
0.9959603711365155 0.9962883357325805 0.9986994574118218
0.9960696200836293 0.9969727103301328 0.9988129236565575
0.996003188974844 0.9965411891674735 0.9987556507748007
0.9960258229171728 0.9966686727639464 0.9988255631718662
0.9960196368272207 0.9968814823035761 0.9988085500941299
0.9960392348065951 0.9968013333566245 0.9988755892690833
0.9960283316062858 0.9967305275373876 0.9987425831665333
0.9960407937527918 0.996855349208899 0.9987506920198781
0.9960005795260705 0.9967121748759317 0.9987447416246565
0.9960314592819766 0.9965881231853934 0.9987275730713463
0.9959938890570709 0.996335717319794 0.998757631164169
0.9960430898529405 0.9968403629560633 0.9987767236626846
0.9960113629129872 0.9968667942402822 0.9989073874102303
0.9960223526272878 0.996594653630715 0.9988202024566644
0.9960479234707339 0.9967700116704836 0.9987617368513314
0.9960008717272386 0.9967143705502045 0.9987787729853014
0.9960364086783745 0.9969400388794919 0.9988863343048305
0.9959537623673937 0.9962960433119677 0.9987056836650111
0.9960233711287968 0.9968041026063147 0.9986385107494402
0.9960601040020617 0.997048890132767 0.9987153586507287
