# full, direct, likely fidelities
0.9944141746594707 0.9954702863082678 0.9979322300789688
0.9943964907561237 0.9953529158655076 0.9978602196899213
0.994445128165633 0.9955756176447248 0.9979278360747069
0.9944152657705927 0.9954881666291232 0.9978471675799293
0.9944275026986852 0.9956499806685415 0.9979629592675541
0.9943874952066318 0.9951792390446784 0.9975119695710823
0.9943460830554399 0.995196739593063 0.9978763622632612
0.9944250316614858 0.9955197417110164 0.997864260395045
0.99439148510409 0.9952888078818741 0.9978759577969195
0.994379542945745 0.9953812002092434 0.9978474935233514
0.9943710211901542 0.9953570660201801 0.9978667333691031
0.9944335002753295 0.995567955966529 0.9979758351971738
0.9944345049475891 0.9952880267819046 0.9980297086508078
0.9943445129973866 0.9950294032479624 0.9980392512429562
0.9944370839768891 0.9953070047336313 0.9979439167879812
0.994398879270866 0.9953194623296107 0.9979228374984943
0.9944123166403025 0.9951795640756461 0.9979102790834219
0.9945019252756473 0.9956648950662887 0.9980097602914676
0.9943487306035792 0.9955210645804191 0.9979016822962462
0.9944007619783909 0.9956637658912051 0.9978639637061714
0.9943868160380778 0.9953847018941459 0.9979017174438343
0.9944395476907109 0.9951117733914396 0.9979974423468435
0.9944095663087367 0.9954153968348867 0.9979392751271927
0.994482231561411 0.9957402343334495 0.9978817740405932
0.9944388062739331 0.9955539027676001 0.9979364038853372
0.9943917481486962 0.9958583427432612 0.9978958771500869
0.9944560167969261 0.9950728398252163 0.9977560799161337
0.994461443578165 0.995596928042207 0.9977618666849077
0.9943761526204986 0.9952980299999743 0.9979489532500387
0.9944541275755828 0.9953185728394689 0.9978211213390636
0.9943451360740141 0.9951404120232206 0.997862035826796
0.9945001141048231 0.9953732332701294 0.9977315970631212
0.9944587915230532 0.9955971393397359 0.997951512129324
0.9944311005160076 0.9954812305737649 0.9978645965480784
0.9943470361700099 0.9954503200934595 0.9978644395196622
0.9943795807189222 0.9951271595795081 0.997790211979402
0.9943546328384204 0.9954476039657124 0.9979671394389372
0.9944012457408794 0.9956111163340491 0.9979757398038035
0.9944160688141466 0.9954889832916307 0.9978822879868765
0.9944017869883107 0.9954168777088144 0.9979984167796857
0.9944276971586062 0.9957350891139083 0.9979419480241014
0.9943983381342593 0.9953056961574779 0.9978688556633413
0.9944156667843898 0.9954692871321946 0.997816454818881
0.9943744662354591 0.9954070154478517 0.9979917382178753
0.9943701501278605 0.9953265112141442 0.9978970946923411
0.994417554521994 0.9952873510591861 0.9977978251679671
0.994397673470285 0.995634830676727 0.9978644847434943
0.9944232057122654 0.9954458317969955 0.9979397148949366
0.9944042731892156 0.9955931559387983 0.9980661792010774
0.9944216937734778 0.9957026503481624 0.9979762410954622
0.994335063197962 0.9954785595574877 0.9978836203418425
0.9943808225363511 0.9953788114078959 0.9979581278141662
0.9944956670891383 0.9953436944910826 0.9979120621614663
0.994426728752516 0.9953661062756886 0.997893577871494
0.9944419792866305 0.9954787326538016 0.997972711712277
0.9944309994034781 0.9957484949772913 0.9979954954650663
0.9943547752991094 0.9949724490057611 0.9979018336686171
0.9944062911382723 0.9953734878679927 0.9979080511658022
0.9944377061577369 0.9955026016188347 0.9978905820334345
0.9944324903235444 0.9953717917422269 0.9979283062206195
0.9943984742011304 0.9952657906281841 0.9978820302301701
0.9943900197318208 0.9955028449859225 0.9979594546726694
0.9944168902720103 0.9955248394465686 0.9978779899004775
0.9943506146091798 0.9953670791980579 0.9977466661948479
0.9944131107955105 0.9953920537193471 0.9979409111635732
0.9943133016626016 0.9951875382254208 0.9978724882071801
0.994373324820473 0.9955157661715379 0.9979480312527752
0.9943957596252045 0.9953715146200106 0.9978091056546775
0.9944047886160823 0.9955407163592336 0.9978426717100621
0.9944175803001574 0.9956238706930539 0.9979248890529098
0.994365769917905 0.9954590715222135 0.9978627179942638
0.9943943105759457 0.995450576653167 0.997968716871751
0.9943332362292321 0.9950990632921874 0.9978902884061045
0.9944215085383251 0.9953872834370671 0.9979436687891706
0.9944334174290347 0.9953202735088861 0.9978339710847144
0.9944517194890277 0.9952167955671029 0.9978604177628445
0.994288555125148 0.9955364506944384 0.9977652079864973
0.9944511693988216 0.9957261395118997 0.9979694011401131
0.9944283630082708 0.9955013892547597 0.9979783243504375
0.9943962802426373 0.9956057989948115 0.9979381227879364
0.994351232613803 0.9956344854565061 0.9979629917946014
0.9943714965687702 0.9952603440048815 0.9978825461799349
0.994392754564518 0.995704828828548 0.9980679735520682
0.9944523280377126 0.995804407190206 0.9980320701698279
0.9944005147623433 0.9954085836617081 0.997892954430546
0.9943460010920632 0.9956299212384764 0.9980279279101213
0.9943828148296583 0.9953684102669278 0.9978629914399627
0.9944002655849463 0.9951963078988609 0.9978085467813147
0.9944718374996394 0.9955183089924534 0.9978782421189272
0.9943970844510089 0.9953668647083707 0.9979407718428118
0.9944219590764255 0.9955537387040296 0.9979026866228446
0.9943382509619142 0.9950664235347085 0.99798957978461
0.9944105587997379 0.9955551344736099 0.9979587907629065
0.9944092588709085 0.9955730859467369 0.998002715264869
0.9944191127948601 0.9955229193331933 0.9980136740262123
0.9944528964832958 0.9955283327251679 0.9979539612179088
0.9943547258528532 0.9952006610870918 0.9979242904135447
0.9944549916665689 0.9957547325806416 0.9980428864615273
0.9944618552383354 0.9955949848674881 0.9979837938185097
0.9943854898142412 0.995135028700198 0.9978142563382665
