# full, direct, likely fidelities
0.995636739363622 0.9926514870665079 0.9965061583897401
0.995690284310642 0.9934707665832685 0.9969285843468901
0.9956832438593938 0.9939468499759829 0.9970247552179947
0.9956049825350236 0.9933174181046444 0.9971624927422232
0.9957332826400708 0.9926849303480888 0.9965740864512026
0.9956791245803907 0.9933414465885058 0.9968210612622406
0.9956422458807568 0.9930799240331686 0.9972807053718131
0.9956470685727367 0.9934128267553167 0.9970030371893349
0.9955663020649443 0.993635018684745 0.9970707633503909
0.9956114624095731 0.9936958517634499 0.9970831015924493
0.9955333583341937 0.9930451884402277 0.9966402070045991
0.995714213248479 0.9931332040099425 0.9969008851875054
0.9956082099509287 0.9932378551419673 0.9967176627684041
0.9956600317764629 0.9928204631461236 0.9970376880624143
0.9957043771078485 0.9933754139629436 0.9971008788325498
0.9957143285240433 0.9930895637029212 0.9968043879789809
0.9957462285779565 0.9939292483941795 0.996913038771164
0.9956403227887319 0.9931734415852652 0.9971480616767456
0.9956034025882817 0.9928699875090862 0.9967037875627442
0.9955487287703219 0.9932149014804709 0.9968482839411246
0.9955940699399556 0.9929064110205285 0.9967009972826893
0.9956012585586056 0.9932374797387082 0.9968554803330395
0.9955492773471415 0.9932571952383671 0.9968834404947691
0.9956466130072004 0.9932036583279172 0.9968619303586651
0.9956430408163567 0.9931829655949763 0.9968279576042689
0.9956228712948544 0.9928360036482939 0.9970161512296123
0.9956772939861792 0.9933811215910892 0.9968617424204573
0.9956407271123366 0.9929816974946947 0.9967714057039181
0.9956390899071375 0.9935166174393801 0.9967704928176808
0.9955442448002014 0.9931723878146093 0.9969552288142872
0.9956563552814888 0.993545126221553 0.9970273075755675
0.9955990959951674 0.993011663217462 0.9966876221945733
0.995603673352411 0.9934850637560722 0.9968657153091797
0.9956038868775573 0.9930702318750985 0.9970112018590633
0.9957205904622097 0.9935047714598474 0.9970015835284327
0.9955819983268491 0.991966081042114 0.9965453575667442
0.9957667511484337 0.993733894952664 0.9970725797624853
0.9956564092301875 0.9921284779380045 0.996067262899743
0.9956506589828823 0.9935733414523591 0.9971277072274568
0.9956549371844571 0.9925254250067271 0.9969062157646109
0.9955477027272199 0.9937991495512973 0.9971218924820374
0.9956102834359241 0.9939195042215694 0.997252342878443
0.9955411991171191 0.9928476384269718 0.9964853978597887
0.9955232823840566 0.9922271229917347 0.9963640593910792
0.9956072237399247 0.9937956282824414 0.9969395804862351
0.9956166233948472 0.9933209352836343 0.996847124730546
0.9955820809485774 0.9930889208780809 0.997035855255307
0.9957519862973205 0.993138387127113 0.9969734848891082
0.9955880307765408 0.9930178599748678 0.9965814970243708
0.9955800885756166 0.9933863277372036 0.9969123071532933
0.9955919972868715 0.9933074230412404 0.9970866363663662
0.9956212576418242 0.9927464765024299 0.9967537212554812
0.9956067310618633 0.992975302456095 0.9966165741989601
0.9956525625684326 0.9934336651248975 0.9968699179063268
0.9955239345798339 0.992846478752911 0.9966895401714199
0.9955669732009966 0.993269342458246 0.9967641575835157
0.9955377556461285 0.9926684178517453 0.9967120453682948
0.9955987329415904 0.9935013862873657 0.9969085444685699
0.9955961272808613 0.9931534731460432 0.9968965199321297
0.9956165188543259 0.9931966350847937 0.996633063670608
0.9955631853420411 0.9931072771793269 0.9971895818696864
0.9955942954201398 0.9932431162158896 0.9969441493584504
0.9956234742343267 0.9929549758091808 0.9968271273067179
0.9956769567783659 0.993112671413705 0.9969179953886056
0.9955773015375455 0.9932806029971878 0.9971101030687495
0.9956657053190665 0.9932039921946296 0.996503466716881
0.9956515852542621 0.9933017100305325 0.9970009878653369
0.995654027223265 0.992697577389031 0.9966152097812981
0.9957272127558559 0.9936343882542942 0.9968602895499561
0.9955616338347729 0.9934386746595694 0.9969014586021732
0.9956437073880774 0.9936650466427268 0.9971050287635683
0.9955362240582846 0.9932187008174072 0.9969025254548186
0.9957554803197448 0.9931754047524753 0.9968362241957379
0.9955911208187395 0.9927398978713455 0.9969785088723117
0.9955775172419685 0.9929203420186794 0.9969325993608403
0.9956302253149065 0.9933382817134326 0.9968637047161611
0.9956216030375254 0.9927073453635713 0.9969798065308363
0.9955848212310284 0.9930891574277567 0.9967656533207394
0.9957063896850826 0.9926420915525241 0.9968336895583979
0.9956992870887029 0.9934759680877158 0.9971154453101506
0.9956540171655429 0.9934147400790709 0.996898386253928
0.9955922317362893 0.993056152095644 0.9969484876788514
0.9956188172011396 0.992991643767344 0.9969732764707043
0.9956506648976929 0.9923942576461707 0.9970879352041225
0.995533631073972 0.9926838947254499 0.9968748756382393
0.9956964043017109 0.9931573663793573 0.9967986104243538
0.9955723677041123 0.9931190567570244 0.996973503812574
0.9955575528659376 0.9940578257051913 0.9969224908230617
0.9956295903162482 0.9927434257389991 0.9967903485888117
0.9956683745715518 0.9930408126014109 0.9966932146497105
0.9957033440269442 0.9938892251804531 0.9968382571172585
0.9956139157069172 0.9935355975176023 0.9966337229948248
0.9956555318440471 0.9936368768655024 0.9970703080815908
0.995674409235404 0.9932705284156844 0.9970495646296567
0.9956194116087691 0.9926523175425395 0.9967873900021985
0.995704788912235 0.993026499889387 0.996755902279788
0.9956425135218068 0.9929389122821519 0.9969308876026702
0.9956915562602879 0.9932122072466427 0.9969319285406929
0.9956799953484199 0.9927813980131087 0.9967979439743379
0.9956373942746133 0.9934158260616924 0.9968590430820959
