# full, direct, likely fidelities
0.9978434003454485 0.9824356077889385 0.99312873511644
0.9978541592327047 0.985357808105795 0.9935080030497736
0.9978354892479364 0.9844287529681502 0.9930773242017454
0.9978214195586138 0.982969060999949 0.9919208457557533
0.9977574734451616 0.98245903611724 0.9925236100038182
0.9977561585990552 0.9836559433516601 0.993089942012178
0.9978789932878342 0.9839567059078296 0.992999112931154
0.9977380833347693 0.9821641708340612 0.9924105052209873
0.9977905967381332 0.9859586579597913 0.9934307137040561
0.9977761537309096 0.9854418132032485 0.9941489919675761
0.9978628946025581 0.986322277556324 0.9941031343086147
0.9977971221416251 0.9842656941080186 0.9937542510527515
0.9978171417198447 0.9823705350150445 0.9938196681008037
0.9978081018873479 0.9812933781902139 0.9919994191689189
0.9977810694020353 0.9818075530504646 0.9940627236900313
0.9978482886456769 0.9807225384170448 0.9939177304671316
0.9978521378312717 0.9829701882924337 0.9937098765247369
0.9978938736693678 0.980975292365607 0.99417828358567
0.9978196086342838 0.9807180635999594 0.9934750547892063
0.9978821622099516 0.9835502463823426 0.9917044519092822
0.9977525058536145 0.9833924491596898 0.9928526660404386
0.9978463949074815 0.978042262393657 0.9932707293552979
0.9978276114233054 0.9812833420851574 0.9933081358459204
0.9977415906530032 0.9839308640811381 0.9924181649314988
0.99778858557922 0.9784489056658151 0.9920242831446802
0.9977870806640324 0.9829184149321932 0.9927090748500527
0.9977422261959891 0.9818922299602062 0.9936350584072519
0.9978094221273578 0.9816156892458853 0.9928432207152349
0.9978134933384564 0.9767782502678752 0.9929775021693893
0.9977900210814131 0.9826037762527042 0.9936643816807691
0.9978055299353863 0.9818679113864325 0.9936257358072154
0.9978052364197126 0.9817037747566367 0.9925963989467862
0.9977983103318222 0.9816845455761427 0.9933141140675198
0.9978275832867026 0.9814217398541515 0.9941241575351183
0.9978244246619463 0.985131527965013 0.9939190833761109
0.9978319178482838 0.9829673757982605 0.9942841296843725
0.9979055277622046 0.9838098925345967 0.9923209758345908
0.9978175049958575 0.9831661750559596 0.9939671941356912
0.9978355939165395 0.9855089325478392 0.9941504125863684
0.9978375429654157 0.9824293921608361 0.9927102302884901
0.9978911082464784 0.9832822279442655 0.9937945027212391
0.9977695161020306 0.9752314883344836 0.9920198457689549
0.9978259583697427 0.9834713620023211 0.9930497617555306
0.9977898873592408 0.98197451870712 0.9929098160192819
0.9978575047949916 0.9811576793576393 0.994080238741427
0.9978122212234373 0.9816647616654248 0.9939785907259533
0.9977911847840361 0.9824660802515939 0.9933402191843236
0.9977233587735332 0.9834840381112345 0.9934204644566397
0.9978325496347064 0.9826829094673728 0.9929127146134129
0.9978560275326052 0.9820613165884683 0.994316817411178
0.9978987557292288 0.9826991989536297 0.9944584479979712
0.9978809560789925 0.9817093508734581 0.9931672572487685
0.9977823138464911 0.9838708013374452 0.9929867504696608
0.9977519320804428 0.9833246562895422 0.9943843094250315
0.9978792473095455 0.9813977071076724 0.9929458750406359
0.9978214899588246 0.9844472115016123 0.9936582307088727
0.9978177969118446 0.9849138305138002 0.9936634888150632
0.9978247061560104 0.984752812683445 0.9942488060202727
0.9977762438895472 0.9847456326381361 0.9946851308344978
0.9978256425031871 0.9850226107167497 0.9939457485130286
0.997807144726038 0.9852664332144909 0.9939148017775618
0.9978201685729813 0.9841154069866053 0.9944390415376243
0.997747626310149 0.9832890982809614 0.9927050128646172
0.9977832266457692 0.981638570084876 0.991890071658362
0.9979059003064125 0.9849246065855659 0.9941129811244196
0.9977915165065786 0.9798031735442713 0.9926121532253793
0.99777456628253 0.9831364034485364 0.9942641601629244
0.9977528705794682 0.9802830577786622 0.9927619638362556
0.9977916152582771 0.9835391788552655 0.9931471880379533
0.9978292356549725 0.9798602089082064 0.9925836344080692
0.9978627586636084 0.9836866424217258 0.9927163124921486
0.9978397267361286 0.9818683027054946 0.993511425784882
0.9979000685275257 0.9836970588779892 0.9926197083894037
0.9978458218076525 0.9826535649490333 0.9937592246158028
0.9978462193262991 0.9805533608489007 0.9926854307598849
0.9977888966592787 0.9838832465574276 0.9927886018944387
0.9978561902576684 0.9831165723584429 0.9919796367022302
0.9978557470666198 0.9861505020923488 0.9931038047376465
0.9978461276910956 0.9858080305248315 0.9938367847971686
0.9978545619099446 0.9842244104381926 0.99297526453371
0.9978476869324447 0.9807894836006358 0.9928964075086416
0.9978468762819398 0.9831181784383076 0.9938398174636279
0.9978578780719234 0.9819558528131757 0.9938766733836906
0.9978604256529193 0.9828592014212146 0.9929017292036081
0.9978267906113624 0.985845742167511 0.994551653540409
0.9978150917095934 0.9837446732799279 0.9927818180747056
0.9978549838419747 0.9846696112952384 0.9935975861884148
0.9978365462307388 0.9842039039949817 0.9936625755581999
0.997825943406373 0.9828049614672869 0.994739863232273
0.9978355727671214 0.9790814202788949 0.9922659091298579
0.9978090385906725 0.9749950288334075 0.9925818181056184
0.9978261994768254 0.9813378180371006 0.9934603913531929
0.9978301059156657 0.9815610633244546 0.9935668714516008
0.9978532189589189 0.9839961386911028 0.9928057886360739
0.9977885394887027 0.9814879550023885 0.9929842353252648
0.9978442292418802 0.9836168587521699 0.9939532311403545
0.9978311590227378 0.9845582263447163 0.9920110756927039
0.9978452742462859 0.9808983905877771 0.9944101217253819
0.9978053224421563 0.9825657199929533 0.991323303957768
0.9978446765840797 0.9799265938241133 0.993058081188466
