# full, direct, likely fidelities
0.9978968123844439 0.9847091548685024 0.9937453841284904
0.9979542841693322 0.9881865710255433 0.9950713037355204
0.997829012721363 0.9848372435556013 0.9957826823489896
0.9979159780986855 0.9863997387302275 0.9944012960111709
0.9978534975928 0.9864460781809652 0.9948689202227157
0.9978416666525175 0.9869546114712511 0.9936115877167375
0.9978692817352105 0.9854447176407523 0.9940559575428772
0.9978518142934288 0.9858195330171314 0.9946749221703645
0.9978607283302606 0.9864734571833282 0.9943334349013684
0.9978685104436747 0.9867732358761239 0.9945213345654148
0.9978774581898531 0.9863889856746021 0.9950732665344165
0.9977513455097563 0.9856225109632463 0.9944533314865778
0.9978158105685495 0.9866160199465313 0.9938709358074236
0.997856824739647 0.9878103148548757 0.9935677639767837
0.9978410006081946 0.9848693471410642 0.9939015270152131
0.9978541426676616 0.9862787493295374 0.9939695483544065
0.9978556007494096 0.9851061805398146 0.9945555803599956
0.9978477573223258 0.9840114975048374 0.9947604795947194
0.9978187338902753 0.9866921272969489 0.9946232935266027
0.9978755444999426 0.9873892374331624 0.9945872530613207
0.9978547451410557 0.9851131927076414 0.9942972457396525
0.9978677405232997 0.9848766791183835 0.9946520261877134
0.997813521741161 0.9843500553891278 0.9934848055171533
0.9978391881563983 0.9861059697362486 0.9948561206366464
0.9978858545515973 0.9876979310048392 0.994562560127378
0.9978351660229013 0.9862499400116198 0.9948663510410106
0.9977830001422645 0.9847852359179115 0.9943542177706975
0.9978560066848653 0.9873754752341061 0.9942434938094199
0.9978901452019588 0.9861492666020658 0.9944874718861224
0.9978891314886704 0.9863290725897805 0.9942573174087579
0.9977983744528712 0.9838118604171473 0.9940416709091773
0.9978008520676562 0.9854677183554265 0.9952926083110216
0.9978774161135315 0.9863755540497161 0.994156494102912
0.9978139136166614 0.9874885394236587 0.9937962195195514
0.9978345099104146 0.9856443009419478 0.9948753004575825
0.9978813602293706 0.9870527793752268 0.9944763254889135
0.9978344392323987 0.9855333842565939 0.994147729757356
0.9978651552564006 0.9886250645101632 0.9950005101892992
0.9977511959019046 0.9857661262869106 0.9929253984787925
0.9978429075333228 0.9845845038336142 0.9946868476017091
0.9978576296408379 0.9883082242453507 0.9949445812087452
0.9978239377182918 0.9859817089528887 0.9950693155808283
0.9978002137526583 0.9862520366126815 0.9947465587396181
0.9978906934974996 0.987556884154309 0.9950787635783727
0.9978549919292846 0.9868941602727426 0.9943269488955229
0.9978131422792309 0.9828255910374979 0.9943174378870517
0.997872316123684 0.9871767779525512 0.9943300438393827
0.9978450073961058 0.986440873552219 0.9941617061849987
0.9978384055571543 0.9862888232327662 0.9930757754973312
0.9978394390826361 0.9854500612632723 0.9941284331415998
0.9978520408316868 0.986653211784858 0.9955438486819552
0.9978356150953647 0.9872188142031361 0.9950894608802614
0.9979042843837151 0.9851641251639589 0.9942944778117617
0.9978833681352808 0.9860869418214848 0.9948996081878186
0.9977816699993303 0.9838470878948722 0.9944976611788935
0.9978596950455041 0.9854021140515269 0.9935622150218789
0.9978788217517273 0.9859344428797113 0.9940903080499699
0.997806219451236 0.9852704690012556 0.9942260006844849
0.9978200128989821 0.98553703545911 0.9943516288216764
0.9979214753506522 0.9855264453293459 0.9936811693625431
0.9978026422133766 0.9873558544698335 0.9945923580921426
0.9977961896431662 0.9821641427665758 0.9945053137167004
0.9979569410672401 0.986380496134445 0.9956168420076977
0.9978151531983327 0.9840111507214374 0.9933252172377282
0.9978687616581376 0.9855888319306204 0.9939767094133343
0.9978912528722279 0.9866432136987751 0.9939717808956943
0.9978501136486537 0.9862836342165688 0.9946173131215607
0.9978918367650453 0.9852147008523985 0.9949274989789119
0.9978415684065222 0.9844169726026744 0.9943314814347256
0.997867916383998 0.9878471014412978 0.9949053322162028
0.9978477499857131 0.9859615292668462 0.9948228453388427
0.9977863037586061 0.9826132540968787 0.993368521687116
0.9979020124704668 0.9869098509976582 0.9948724005678887
0.9979054364753016 0.987810218837344 0.9945702165664916
0.9978358401997142 0.9881782223874735 0.9956144776955471
0.997836438504829 0.9838923992954002 0.9926433254119089
0.9978157404117298 0.987300752415919 0.9942445566878516
0.9977984700667705 0.9857463429835834 0.9945745238660213
0.9977811270490146 0.9878978124544437 0.9945746298587019
0.997813196946991 0.9852001550566784 0.9939915363321914
0.9978345144818195 0.986743765963987 0.9942162526960265
0.9978622246156926 0.9874027717712269 0.9940306980399027
0.9977914948106205 0.987314938965005 0.9947897948307638
0.9978600535662078 0.9876670415162401 0.9941240903798464
0.9978462714642409 0.9857428927304684 0.9945085354595531
0.9978846152077808 0.9876080746380483 0.9946998930316128
0.9977957829330095 0.9861561838585033 0.9951568106853594
0.9978836997364411 0.9859351031307417 0.9944101940864706
0.9978570788307026 0.9859839704422685 0.994790670541913
0.9978642764676711 0.9861980409436715 0.9945765156510517
0.997819752499434 0.9877171008873685 0.9948854189290642
0.997915479374378 0.9880162605575085 0.9937396523970744
0.9978731891521564 0.984261845554893 0.9945591515093948
0.9978465638344813 0.9870465061480802 0.9944878866656967
0.9978785109991821 0.9850471992415717 0.9943164459171674
0.9978209540711166 0.9863226769788138 0.9943949673311225
0.9978679313112536 0.9844935737192414 0.9938824133167071
0.9978069565047762 0.9877285192207454 0.9941284906264777
0.9978767979585261 0.9842001196975243 0.994340205773252
0.9978275207453202 0.9819349535439624 0.9922390860041215
