# full, direct, likely fidelities
0.9999645896461262 0.9963291114881366 0.9986030287017221
0.9999701407677388 0.9960213206477838 0.9986552271067696
0.9999586248678983 0.996430898872339 0.998902607631413
0.9999748705802689 0.996676783384532 0.9982181092965329
0.9999608975824826 0.9982992073077426 0.9989430886102364
0.9999658160711745 0.9982262833156262 0.9990464114501859
0.9999630159328791 0.9959988426605603 0.9987040263200316
0.9999717315621902 0.9973548900336567 0.9987646311356285
0.9999637982931764 0.9964032071583389 0.9980958042647319
0.99996302159956 0.9969137006258914 0.9985329721639167
0.9999714234458243 0.9955209906509555 0.9983995124426112
0.999979612580928 0.997918452725949 0.9990499656765434
0.9999760723373298 0.997599540629141 0.9984605548348683
0.9999695706224302 0.9974836547137136 0.9991851129648589
0.9999720828457839 0.997187556451206 0.9986948628238586
0.9999645587149065 0.9972697303451448 0.998807167982641
0.999970970875187 0.9978945735063947 0.9989984627545858
0.9999705007976587 0.9978167467532741 0.9986448946321993
0.9999581503048627 0.9978114653209896 0.9984978712320204
0.999963892523774 0.9960963946768586 0.9983027939449735
0.9999696453082116 0.9973025858745629 0.998506903825196
0.9999680069678996 0.9968852928785614 0.9984049390227925
0.9999688740991888 0.997376601564755 0.9992134684711094
0.9999666969831791 0.9981241355338047 0.9990736101957426
0.9999777132106915 0.9970530741513814 0.9978862826530392
0.9999660205839571 0.9972789967819963 0.9988563079822437
0.999964996547079 0.997563779517242 0.9982864004676683
0.9999739720080183 0.9976696115593149 0.9987598484701053
0.9999692372273467 0.9954142197490572 0.9983625628681358
0.9999723908245614 0.9972674136954135 0.9987465698559905
0.9999694675240247 0.9961658512384923 0.9982011807159565
0.9999658970907462 0.9968114751117984 0.9979869048762688
0.9999643211010176 0.9979478870727506 0.9986110039960292
0.9999726798157681 0.9961013833473598 0.998521605587127
0.9999665785655089 0.993673745785659 0.9988651000156588
0.9999739812135172 0.9976755103633026 0.998305440874405
0.9999753035788826 0.995569244630425 0.998878501795607
0.9999667973006224 0.9975334977358944 0.9985181965014092
0.9999728119893001 0.9968103766024778 0.9987960555299494
0.9999751622549643 0.9970184498833267 0.9984708961115332
0.9999761256780991 0.9974564556441508 0.9990808969597496
0.9999688653329644 0.995935533439171 0.9980564142578602
0.9999704847599972 0.9978712130727243 0.9988506757739374
0.9999713273456429 0.9961537701922035 0.9980983077906385
0.9999601593188165 0.995074604045855 0.9985168802844812
0.9999651301411844 0.996927676656902 0.9988522747739951
0.9999693519667545 0.9969360250918888 0.998661393944351
0.9999675639737775 0.9952151128894731 0.9984306000575276
0.9999754047003048 0.9964706798140889 0.9988042061766254
0.9999749820609952 0.9977373931773491 0.9990550655819239
0.9999684148473422 0.9977206946742329 0.9982741038316535
0.9999722471146891 0.9963496283103012 0.9986458751798707
0.9999640798051628 0.9969682608381135 0.9989166968700293
0.9999663293489763 0.9975114764449085 0.9988003502746472
0.9999671968872885 0.994942695916895 0.9988881878261164
0.9999637852120314 0.9950439574149386 0.9984994944138713
0.9999691671502705 0.9969526333575216 0.9979235889475517
0.9999725384324718 0.9955007073576715 0.9974973769106807
0.9999629504078484 0.9945045636877404 0.9988007809021922
0.9999653601190525 0.9972082508766911 0.998817368071828
0.9999640990205828 0.996584220011927 0.9982530894392135
0.9999720576836936 0.9962241327348584 0.9988401203562098
0.9999679811443989 0.9974876205613107 0.9980208492268258
0.9999710818115989 0.9962919463525955 0.9978413547832272
0.9999700274205369 0.9970394572082404 0.9986994885858927
0.9999674544405249 0.9960721098838387 0.997941503294338
0.9999661991287323 0.996742747184332 0.9989417763621384
0.9999705226298328 0.9971019326154971 0.9985981749373992
0.9999639049517142 0.9968212220084557 0.9990029447339455
0.9999658227583006 0.9958610791507843 0.9981854347599596
0.9999692112058172 0.9948607682669128 0.9978104701173017
0.9999662815078411 0.9970448608725819 0.9993030920905005
0.9999706225473528 0.996755033181809 0.9975513866309309
0.9999664898015805 0.995984558502336 0.9978699096171717
0.9999711810049474 0.9972709337947107 0.9986527399657029
0.9999675798459554 0.9947494851657357 0.9991164881980618
0.9999726771004044 0.9983875632499418 0.9988637058289411
0.9999701096110702 0.9986353346480678 0.9992153660437253
0.9999597215123468 0.996177952535584 0.9979673126137728
0.9999779685679864 0.9943078135866577 0.9988303365977238
0.9999716909230852 0.9966028015161059 0.998661601075453
0.9999622147522256 0.9963648980963532 0.9991423681053087
0.9999611869855549 0.9957259796880773 0.9984664882020021
0.9999645418232392 0.9970870617585396 0.9992259415313327
0.9999707361875578 0.9966809571206474 0.9988785842834266
0.9999641782780593 0.9947038862550635 0.9985364905164293
0.9999729461329231 0.9976322556515365 0.9986825499940684
0.9999756457796671 0.9925829938294939 0.9980156510520586
0.9999657744349787 0.9944023718188053 0.9983692083588883
0.9999662258619479 0.9978427145460911 0.9989717877337689
0.9999678636942597 0.9974471598371785 0.9989651372761622
0.9999670080044304 0.9982401903115645 0.9990970161879773
0.999962059078541 0.9966634664942842 0.997693673607118
0.9999702322977291 0.9963354804080838 0.9978900468468986
0.9999680146299976 0.9979657653045487 0.9990198578727065
0.9999677095392473 0.9950155625047915 0.9974234358846934
0.9999689280528921 0.9979421071967022 0.99853022290373
0.9999609466792454 0.996390638338691 0.9973399701701172
0.9999682205729906 0.9956238659139794 0.9986770078834144
0.9999719153492711 0.9971935663740842 0.9982662349940371
