# full, direct, likely fidelities
0.9960639601944542 0.9981340349960549 0.9991914609713195
0.9960657114264619 0.9981350831223422 0.9991964639998533
0.9961095293585159 0.9980753524467416 0.9991820492849884
0.9960151097826897 0.9978695066542517 0.9990338636836156
0.99605708077438 0.9981489604333421 0.9991890612302194
0.9960766829410285 0.998112141650137 0.9991195035382097
0.9960875470579098 0.9981925177107996 0.9992060885246434
0.9960806384574898 0.9982517146552886 0.9992374135047953
0.9961009338384618 0.9981823056571879 0.9992135491635205
0.9960907217996604 0.9981624223997737 0.9992089149524971
0.9960877553032046 0.9982274674335551 0.9991992289517388
0.9960819925610032 0.998186653851108 0.9991796306044797
0.9960575887813351 0.9980627293693718 0.999185161479566
0.9960817513434758 0.9981844763582325 0.9992023780765433
0.9960832465132946 0.9982537996356632 0.9991744130692074
0.9961012194722095 0.9983379923058495 0.9992224867623573
0.9961024436029012 0.9982045878189687 0.9991735915108622
0.9960764321960385 0.9981745207846857 0.9992205647576888
0.9960797587066487 0.9981024502848176 0.9991850486987343
0.9960869380426188 0.9982108360305947 0.999189423354121
0.9960917946267122 0.9982450545839261 0.9991813367460374
0.9960612140232132 0.9981782346929123 0.9991868010870055
0.996094742610518 0.9982672211909084 0.9992069373454144
0.9960959031377089 0.9982610881795351 0.9992157754080723
0.9960951154357102 0.9983122965554558 0.9991742555761404
0.9960834899145038 0.9981675283019822 0.999182901405537
0.996082081709815 0.9981777472017189 0.9991675142337895
0.9960497921899003 0.998077034008951 0.9991574628841464
0.9960660390370873 0.9982190217140968 0.999202965553205
0.9961227884871034 0.9982839447957701 0.9992059678244231
0.9960726343365867 0.9982445368960549 0.9991744402576478
0.9961153301941867 0.9982638037574835 0.9991924301228714
0.9960814357952487 0.9982221888420576 0.9992134664868769
0.9961085725698258 0.9982226345321 0.9991718862767457
0.9960974701559492 0.9981693130317635 0.9991445273188867
0.9961062195170056 0.998252650787471 0.9991976637916553
0.9960794441659059 0.9980494459252661 0.9991740435486518
0.9960806561962445 0.998266810159626 0.9992359261767686
0.9960621145449682 0.9980281623532516 0.9991451885690813
0.9960916703459511 0.9982395501190093 0.999207211906334
0.9960868853425856 0.9981646700408182 0.999148761182751
0.9961064754193725 0.9982409046590105 0.9991653151503614
0.9961197510921965 0.9982868325210338 0.9992298350870923
0.9960854449147659 0.9982632832944621 0.999191928991671
0.9960964233298566 0.9981566768575452 0.9991604939180253
0.9961177881877206 0.9982642885052413 0.9991827322653931
0.996095401924184 0.9982240133295331 0.9992179394608425
0.9960949140100069 0.9982611957305026 0.9991837854091323
0.9961115649027963 0.9982983867394181 0.9992166682619917
0.9961136846447933 0.998247166427751 0.9991792256798363
0.9960964290674774 0.9982110480130614 0.9991661388825287
0.9961070367825651 0.9981838938625843 0.9991818226459361
0.9960752561851473 0.9980661785826898 0.9991099700701751
0.9960835541060056 0.9982758982075749 0.9991474630834091
0.9960722686414251 0.998240449192029 0.9991973078001288
0.9960733861618669 0.9981566974065433 0.9991391294588471
0.9960830577003326 0.9983017285506763 0.9992210071260718
0.9961076507649601 0.9982113053135697 0.9991616880961025
0.9960764315617117 0.9981760693604771 0.999212945859913
0.9960893421122444 0.9982114392157182 0.999190010113388
0.9960608517993498 0.9982039191094375 0.9992026775318585
0.9960796956588533 0.9982712272706327 0.9992290485683485
0.9960829275609535 0.9982238981635305 0.9992081862376145
0.9960999916541162 0.998218361554186 0.9991458284517244
0.9961003122114884 0.9982203705084007 0.9991752591845064
0.9961091752599364 0.9983482141309906 0.9992193737844932
0.9960604117750719 0.9980672184973998 0.9991308690462667
0.996061741432711 0.9982432440597742 0.999188766521278
0.9961033752425585 0.9982942469619216 0.9992186306508154
0.9960645008052336 0.998144856655408 0.9991363474650582
0.9960683339729159 0.9981064096887996 0.9991806736847711
0.9960564841414192 0.9981726463501748 0.9992205881628656
0.9961127934933114 0.9980903721916945 0.9991433913558377
0.9960617327747655 0.9979979466944889 0.9991304117188154
0.9961016058763994 0.9982195903009312 0.9991857006720017
0.9960965043917256 0.9982190192143101 0.9991931747002294
0.9960798458877749 0.9980820020235068 0.9991925919272112
0.9961135032950895 0.9982649938198529 0.999191620410957
0.9960950720267769 0.998288638325476 0.9991486358235325
0.9960692904515766 0.9980842906201399 0.9991394124623786
0.9961102438076698 0.9982056952953043 0.9991889549613097
0.9961005664325802 0.9982149857865951 0.9991900659733085
0.9960886904108968 0.9980886434938291 0.9991654922380114
0.9961015583753173 0.9981271700799338 0.9991902465809377
0.9960788022774008 0.9981692280435311 0.9992136394982025
0.9960871161259718 0.9982127670905451 0.999226813004175
0.9961034926812604 0.998121521881638 0.9991957239673062
0.9960750666265736 0.9980988920121237 0.9991914733467806
0.996067670415756 0.9981875654064939 0.9991438069367125
0.9960704480113813 0.9982149605769073 0.9991742861568829
0.9961061525328279 0.9982426835505271 0.9992100207092701
0.9961077143094562 0.998282367326229 0.9992222573723524
0.9960790152902287 0.9982221747690071 0.9991736701474385
0.9960930835669933 0.9981911634816723 0.9991889732079783
0.9960933229350939 0.998244759556072 0.9991547209154611
0.9961159910711651 0.9982807806349516 0.9991891263014664
0.9960902361851357 0.9982749602272721 0.9991840633245517
0.9960860138077858 0.99826994280243 0.9992094511488274
0.9961246058418257 0.9982275078625 0.9991980612684896
0.996087932532887 0.9983048297748125 0.9991930723843527
