# full, direct, likely fidelities
0.9983040736697237 0.9983507346784978 0.9993051095856271
0.9983035171853437 0.9984184530013689 0.9992197707918878
0.9983114246379046 0.9984277831553752 0.9992473986941924
0.9983082962314807 0.9984636598756169 0.9992763409017619
0.9983128015035551 0.9982907346029603 0.9992547672431452
0.9983103181096827 0.9982995171837484 0.9992310105290326
0.9983114078103723 0.9983706372168814 0.9993027553585756
0.9983016162624103 0.9984913082269357 0.9993088534288169
0.9983316745345103 0.998358116919427 0.9992528354063069
0.9983010331258827 0.9983833380193567 0.9992339906767588
0.9982942633115215 0.998257556494053 0.9992386908931614
0.9983097132283596 0.9984600700108972 0.9992706670110321
0.9983103993382367 0.9982995878367145 0.9992345771867991
0.9983077601309412 0.9982328391303095 0.9992422598857875
0.9983238498052511 0.9983787937691726 0.9992790432631008
0.9983121140554745 0.9983017079972987 0.9992540672588512
0.9983077151941085 0.9983519477776197 0.9992639157477512
0.9983145958853105 0.9984699802582863 0.9992753934047738
0.9982969183825579 0.9984245111960859 0.9992953728114281
0.9983193945316763 0.9984065598490538 0.9993044881500737
0.9983191083829538 0.9983233130638378 0.9992283598325488
0.998323124043889 0.9983774497321062 0.9993186277064765
0.9983107379344213 0.9984804513128687 0.9993173507312713
0.9983181731699224 0.9984842262072151 0.999298877717701
0.9983163403484503 0.9983955320846455 0.9992645336558892
0.9983075602760385 0.9984875699277606 0.9992923590048254
0.9983000833778819 0.9984228124362442 0.9992864873338336
0.9983191433456565 0.9984927499158913 0.9992858225604229
0.9983159387803551 0.9982968810464513 0.9992167770104992
0.9982959590902428 0.998376879345781 0.9992771672249421
0.9983017551167706 0.998315637710714 0.9992009682443196
0.9983027025408319 0.9985119456387292 0.9992297005914155
0.9983036927912029 0.9984458918600129 0.9992428491391514
0.9983007412186311 0.9983877477843086 0.9992668700510786
0.9983021440090734 0.9984139094084995 0.9992846785092029
0.9983040729705607 0.9984413018466786 0.9992964142914628
0.9983027588393479 0.9982544345653412 0.9992886268687897
0.9983297371069652 0.998348728773059 0.9992353947992865
0.998316417912829 0.9983708476919178 0.999299848175467
0.9983191439350287 0.9982916642199062 0.9992350410152679
0.9983143032663686 0.9984593551446433 0.9992523784718974
0.9982977379751354 0.9983628768079313 0.9993132701774834
0.9983124824450889 0.9982923264308451 0.9992874766038874
0.9983032061107489 0.998326596259776 0.999267340078911
0.9982958532084902 0.9983534504671263 0.9992647746543994
0.9983135906436378 0.9982671232135023 0.9992722288967767
0.998316135396922 0.9984824794461251 0.9992677183534531
0.9983023518058802 0.9983351411304277 0.9992508982313588
0.9983252974491422 0.9984568884169881 0.9992556253754884
0.9983037128311977 0.9984672068007385 0.9992355933087704
0.9983136592817814 0.9984807834290805 0.9992287060265166
0.9983010783047994 0.9983543833475963 0.9992851703810314
0.998297482567679 0.9983619423051803 0.999248731760861
0.9983238204658116 0.9983977791908156 0.9992748466184875
0.9983068632012542 0.9983292383436053 0.999275602385592
0.9983105567916808 0.9984387740151839 0.999284130101429
0.9983045132441888 0.9984393474988161 0.9992515027910978
0.998320861480907 0.998377968801785 0.999340603408677
0.9983005928031442 0.9983980233620965 0.999287561044264
0.9983118377332496 0.9984168919478921 0.999311514152828
0.9983096326029939 0.998394632631943 0.999179139336382
0.9983179224343254 0.9983018179730169 0.9992453426540138
0.9982929180143912 0.9984058691077876 0.9992941344109728
0.9982983489391603 0.998485967795908 0.9992976436055425
0.9983045720991209 0.9984031643773053 0.9992876969494029
0.9983081071727155 0.998129522337808 0.9992413295918007
0.9983121921587038 0.9984772739917859 0.9992595800670735
0.9982947486112559 0.9983787965713482 0.9992638996538967
0.998323663892251 0.998444742437673 0.999268650114313
0.9983188694509358 0.9983959519133881 0.9992358377381014
0.9983021211876588 0.998359875943728 0.9992408761536025
0.9982981855268748 0.9983327969129147 0.9992653696613216
0.9983044377080648 0.9983938633615024 0.9992335605244522
0.9982990414080428 0.9983459758340544 0.9992125269165969
0.9983051026632936 0.9982722177052555 0.9992575629796953
0.9983156787880211 0.9984070967191107 0.9992755804347689
0.9983186697879017 0.9984306005364524 0.9992880563959143
0.9983193082409904 0.9984650294692122 0.9993200278202639
0.9983146085111304 0.9984119651126401 0.9992665924034853
0.9983189300619755 0.9983293444895298 0.9992650882098978
0.9983080590555304 0.9983694837637476 0.9992861788152977
0.9983131703796142 0.9983488895940654 0.9992788412825798
0.9983117280217904 0.9983890625415871 0.999286070932617
0.9983128392802813 0.9984525493168447 0.9992859828794547
0.9983020374349972 0.9983937351405436 0.9992789637772095
0.998328107103381 0.9984414500408313 0.9992985677258417
0.9983059797881768 0.9983851988794551 0.9992704327444807
0.9982865762593569 0.9982317410545107 0.9992554817474553
0.9983235759376784 0.9984571268673142 0.9992775621405838
0.998294667674514 0.9982813201359695 0.9992717977476511
0.9983140285377387 0.9983686521809059 0.9993131842996321
0.9983203809325594 0.9984046215339046 0.999274740666196
0.9983134498551178 0.9984166676742432 0.9992839431550018
0.9983160279095243 0.9984005046798501 0.9992567207264575
0.9983224056053361 0.9984864285262066 0.9992685660237187
0.9983159968588307 0.9984700501209252 0.999226995040181
0.9982996742248111 0.9981953206487758 0.9991839954075478
0.9983202583936874 0.9984073927094022 0.9992649898774745
0.9983083774040512 0.9984220744387966 0.9992840357334584
0.9983015042703973 0.9981952051239937 0.9992585976647993
