# full, direct, likely fidelities
0.9998582938578197 0.999141246519332 0.9995088480000278
0.9998774237770066 0.9984282112214723 0.9993925691133723
0.9998684761442811 0.9989612893159332 0.9993438251741392
0.9998814312099976 0.9986417431179156 0.9994560108565003
0.9998714941290533 0.9986442768444712 0.99945776975538
0.9998617766158735 0.9982161006592071 0.9993349104030718
0.9998815933479487 0.9989068952415796 0.9994057105782764
0.9998667654445803 0.9982923995752087 0.9994362081139889
0.999877261206165 0.9986974754930736 0.9993466033162748
0.9998793625895237 0.9986103407595383 0.9993505608630379
0.9998705805524235 0.9980293879607457 0.9994973803682666
0.999865928738689 0.9984543153147117 0.9993271491291952
0.9998601548084816 0.9985196664735748 0.9993453951428405
0.999857579300807 0.9986043019950093 0.9993973229624716
0.9998693912564587 0.9987742438523269 0.9992531420230912
0.9998760614784337 0.9985869552735169 0.9992547787289815
0.9998700539866109 0.9988585179550202 0.9994634985793588
0.9998650448296666 0.9984171219955419 0.9994291408091917
0.9998743982717285 0.9981766335909245 0.9991506080385889
0.9998666910715971 0.9988576746710204 0.9993483207576439
0.999860391754421 0.9987313620992718 0.9993992929927271
0.9998657889600334 0.998063820360565 0.9993725101523173
0.9998765266216931 0.9984553090531 0.999304984325902
0.9998728472497439 0.9989953748026772 0.9992692066931181
0.9998792156118147 0.9984223763176854 0.9993383001446885
0.9998697877452564 0.9988413000237136 0.9993536595623678
0.9998750634545684 0.9987890558369268 0.9994828430245437
0.9998772557168409 0.9986777232580648 0.9994069247523336
0.9998634620481001 0.9985495881806292 0.9994699944997008
0.999874322919901 0.9985587266983351 0.9993583971394648
0.9998747918208672 0.9983781197252183 0.9992517518052857
0.9998777292944132 0.9989120838017329 0.9992757804920098
0.9998650561774188 0.9979514419251524 0.9994709044142686
0.9998821170710273 0.9980332630517451 0.9986108564956785
0.9998762059982721 0.9985301986185686 0.9994226252091393
0.9998624685813787 0.9978256401431405 0.9993394350719611
0.9998801406888944 0.998710969787784 0.9994033309022652
0.9998814051008871 0.9984502298089234 0.9992717769399276
0.9998733504185459 0.9988256149165629 0.9994581373766207
0.9998699434454632 0.998002768320252 0.9993398385229039
0.9998507484829428 0.9986757076114099 0.9993555563823503
0.9998843131396641 0.998377863851515 0.9994269174890312
0.9998723690182386 0.9978153332608896 0.9995001094758764
0.9998631190903826 0.998392414827062 0.999100038001873
0.9998841419709957 0.9983176139670522 0.9988429769922357
0.9998664287338573 0.9988573673749146 0.9992803479282081
0.9998842812965388 0.9985352164105472 0.9992908605410642
0.9998715896988715 0.9983576572610989 0.9991694351706215
0.999864933316942 0.9987488926335707 0.9993732353057624
0.9998766552933795 0.9989507766755222 0.99946414455452
0.9998813126611834 0.9988274332889524 0.9993760352682244
0.999867382056554 0.9986615533330832 0.9993353372550737
0.9998736948773116 0.9988425061989785 0.9994324088538026
0.9998754091414658 0.9987210947702477 0.9994369276119877
0.9998635147830462 0.9984559913407434 0.9991454946967188
0.9998695599098738 0.9987030754802234 0.9990944902007869
0.9998645707632311 0.9986797635526143 0.999448143517848
0.999863351136495 0.998739180707881 0.9992789550715998
0.9998658947118355 0.9985498210600184 0.9993487512905935
0.9998714944531167 0.9988807819295842 0.9994194728340705
0.9998574000256605 0.9986580134045568 0.9992450712875564
0.9998735481831608 0.9986169333336797 0.9993839853636488
0.9998769877714528 0.9983249292739939 0.999217257909056
0.9998693223301358 0.9989623628610919 0.9994308288533201
0.9998669242635745 0.9984024344654987 0.9991980145727261
0.9998709135113095 0.9985691156286786 0.999201150924047
0.9998769434782709 0.998469788675278 0.9994669656011174
0.9998782427424121 0.9984992268631981 0.9992561802684257
0.9998756971848944 0.9981779392661583 0.999276793476536
0.9998796706616244 0.9979104974246005 0.9993729942343184
0.9998730755501143 0.9987126281961616 0.999214748974153
0.9998695584219667 0.9981976757748608 0.999233972604844
0.9998686376607713 0.9986081802085062 0.9993788853690568
0.9998794874391006 0.9983630493627564 0.9994745219885945
0.9998715328077695 0.9989237391368173 0.9995016841902787
0.9998615334944322 0.9981893412830919 0.9993111370732181
0.9998636640540466 0.9988426753223182 0.9994247181235277
0.9998799971966457 0.9986189373715848 0.9992894528069483
0.9998828901441253 0.9983763126940323 0.9993998780474942
0.9998699127137365 0.9983472243649048 0.9991615151869907
0.999879240707569 0.998802529042703 0.9993023964135604
0.999872636568512 0.9988445459207783 0.9993158021115924
0.9998777090449891 0.9981319417129672 0.9990940851436858
0.9998822091488146 0.9987110279874566 0.9993945046079002
0.9998832211010573 0.9981865139776807 0.9992762662599791
0.9998780091344028 0.9986760658145251 0.999079886298461
0.9998787637513883 0.9984939570475423 0.9993971041905664
0.999873249599927 0.998270672624879 0.999310890102212
0.9998745724222146 0.9985277680175687 0.9992751589219386
0.9998648002832494 0.9979653764332637 0.9992031909616532
0.9998802473632487 0.9989391358248163 0.9995229738762391
0.9998653469996704 0.9987808217339509 0.9993706327230358
0.9998928376797881 0.9985298188272227 0.9993050846365359
0.9998776840415049 0.9980366166423077 0.9992371823288396
0.9998729634349601 0.9985900295718391 0.9993584062894049
0.9998770858896165 0.9984919169684262 0.9993482564275284
0.9998749795443166 0.9986615279536382 0.9993023468039068
0.9998803105819415 0.9988961339394288 0.9994691444315991
0.9998682169463757 0.998669481704309 0.9994668592764373
0.9998720369797752 0.998539092355646 0.999204684149433
