# full, direct, likely fidelities
0.986587158091326 0.9917250332129849 0.9966963623880036
0.9864639009218674 0.9913023879704181 0.9965500737560221
0.9863704595063549 0.9909289610704552 0.99662746522852
0.9864658802246209 0.9917530261311184 0.9965156936009828
0.9864091004651363 0.9912874525441264 0.9967859896490415
0.9864052798144206 0.9910102105674217 0.9965459532942753
0.9864162781580488 0.9916759037707942 0.9968339289784481
0.9864531682971379 0.9908125199396093 0.996584946034274
0.9865370678876366 0.991770235872803 0.9967916337637387
0.9861689038879247 0.9905493596673012 0.9964527034500642
0.9863292082009876 0.990652793616296 0.9966327330156419
0.9862976196135044 0.990656107256531 0.9966099581558795
0.9860795183391456 0.9901206533604475 0.9967817223361914
0.9862307349845446 0.9910531853869716 0.996696300354015
0.9863157288132807 0.9907772093442686 0.9963773907526083
0.9864350409435644 0.9904401550501898 0.9964599897279196
0.9863934640154272 0.9914388494722852 0.9967459194662679
0.9862083392569309 0.9900727620755002 0.9965194620532082
0.9863477535325278 0.9908917806086617 0.996376725361927
0.9864677887299341 0.9905466637410513 0.9967006072449419
0.986262581554767 0.9907910942334308 0.9962902472405873
0.9863466187832771 0.9914852194564456 0.9963656564596417
0.9861947950181664 0.9908500769939095 0.9964902044055052
0.9862362249700444 0.9905887307209096 0.9964059767439418
0.9864052315588128 0.9906700136390892 0.9966880163248949
0.986174449809766 0.9913270445782132 0.9968532480677812
0.986361023362371 0.9910999090838681 0.9967737543220334
0.9864591551098567 0.9918636120985052 0.996538608172442
0.9862616268093789 0.9913064092912065 0.9965801619334205
0.9866585528083397 0.9922033870260747 0.9969173453723755
0.986439981707759 0.9913015701290652 0.9961829293933482
0.986438295809689 0.9912752968639569 0.9966665213231958
0.9865084640315266 0.9921340461621561 0.9968875381820812
0.9864234420307515 0.9915217460796227 0.9969792963050831
0.9863105685359765 0.9909189483965954 0.9967623146108785
0.9864572974455208 0.9907567835181703 0.9965221416465018
0.9864591772380115 0.9916000732701187 0.9966844458209833
0.9864466132698295 0.9915281595870332 0.9965470739255019
0.9864391143583918 0.9914934081665879 0.9967661349990271
0.9863790640811589 0.9911656795938482 0.9966399245914034
0.9863195880621035 0.990314002298356 0.996655405295063
0.9864040706816298 0.9913312820487171 0.9964854073707314
0.986290862051199 0.9909066878053044 0.9968182614544985
0.9863570419228701 0.9908642011474181 0.9970176718246304
0.9862642618251837 0.9907690857061625 0.9964993958112425
0.9865221443806869 0.9918424530608925 0.9967639321590216
0.98644427427116 0.9908393407391533 0.9970290802734562
0.9863245688848442 0.9914157153054839 0.996720606189631
0.9862988617467073 0.9909053150628959 0.9964451012485435
0.986340636997815 0.9909859141659242 0.9965800198649618
0.9863363827687851 0.9909741939782297 0.9966341757789821
0.9865734495902154 0.9912006499884966 0.9967161614612533
0.9862412722953513 0.9918242544416507 0.9966783312330217
0.9863402628111222 0.990511917955997 0.996566922696028
0.986388615932451 0.9910213161867197 0.9972320710136302
0.986314917870133 0.990659036448515 0.9966650799230142
0.9861649370505812 0.9906340445790901 0.996620286088147
0.9862904560831631 0.9910459045898022 0.9968186244256261
0.9863297321903757 0.9900176672290013 0.9969979870365018
0.98637933001691 0.9910613739167915 0.9965836727370481
0.9864180390202666 0.9916564214261643 0.9969514442202896
0.9862156196877765 0.9904338966304279 0.9967545799272699
0.9862684659769556 0.9908017876873514 0.9963634914613719
0.9863813471424414 0.9908049465845712 0.9965459225324858
0.9862448462707476 0.9910421866106405 0.996719994021972
0.98640164540031 0.99060787295437 0.9964301779338791
0.986286099853636 0.9908231528462967 0.9968621710149382
0.9863735372788982 0.9912052027493937 0.996488275472033
0.986395862487543 0.9909811828927568 0.9967386273185691
0.9863202740349696 0.990327873690889 0.996609765523216
0.986463552736731 0.9907051293136258 0.9963747236951399
0.9861880075337432 0.9906209410321284 0.9965877668448534
0.9862991900531066 0.9910375205688994 0.9966141101711433
0.9864725217377729 0.9911153096836925 0.9967505930495932
0.9862779533392816 0.9911267292009857 0.9967880220866019
0.9864524645518957 0.9905423109045765 0.9965108797279292
0.9864660716547828 0.9911007976852068 0.9967266696090029
0.986539895560227 0.9921489536439768 0.9967251555804807
0.9863538574528593 0.9912559379065736 0.9966935409376441
0.9863384589740873 0.9911695700586256 0.9965678589777194
0.9860876731813858 0.990612338014692 0.996923248484027
0.9864455593875016 0.9906564892957851 0.9966275019340127
0.9863270230020922 0.9910291925453512 0.9966083887162616
0.9862533238567062 0.9908364777459633 0.9967637781410841
0.9863726358220386 0.9912919911332195 0.99668559438587
0.9865307712872475 0.9908173204056432 0.9966723715992066
0.986429679717402 0.9908337217695844 0.9967670379046221
0.9864534165535187 0.9911102286155803 0.9968734633160898
0.9862412804749774 0.9910259350146814 0.9968019153592824
0.9863732083563107 0.9903402169925873 0.9963411364814778
0.9863212803853217 0.9906296720338406 0.9965754644614382
0.9864261556510073 0.9911784994274457 0.996243221154356
0.9863500169199233 0.9916254031895191 0.9967779671414186
0.9863095664812058 0.9904077584616199 0.9966163151349845
0.9863675133927927 0.9914559518081711 0.9967943589869599
0.9861972717112872 0.9906794813611912 0.9961202579149134
0.9864681652492608 0.9905434371113082 0.9964942847912153
0.9861303247029184 0.9905491279696177 0.9967388562274279
0.9864112885278851 0.9911779346449872 0.9968481424613121
0.9866100375809482 0.9921245551424862 0.9965752608749955
