# full, direct, likely fidelities
0.9809544786748274 0.9877122733586323 0.9941482067229764
0.9805321621637718 0.98708357332026 0.9939518613003238
0.980798883608971 0.9876002625600426 0.9943212326647051
0.9805556373617369 0.9864048490128747 0.9936932716108493
0.9807009722984896 0.9862183763976623 0.9939797516125437
0.9804146653153397 0.9862940970732565 0.9941223310663928
0.9805612800247121 0.986694149774025 0.994212137085227
0.9808144854765904 0.9871107437614588 0.9942844052570682
0.9806915476474596 0.9872637183922853 0.9944854959747128
0.9807816326978632 0.987443276072665 0.9940486673133561
0.98059177705958 0.9872480298398614 0.9939883031727246
0.9806907502226386 0.9874667740496128 0.9940693178304641
0.9804639736070073 0.9875464302452743 0.9942786456977792
0.9803022806386449 0.985436309241536 0.9933624147716615
0.9808510109710509 0.9869832960481156 0.9940757091576178
0.9805524408792523 0.9867810988602896 0.9940264427248813
0.9805213428402236 0.986802656806773 0.994040851479729
0.9808698373359757 0.9874648219839376 0.9941813796152347
0.9803183785322037 0.9865738354937634 0.9938262095752725
0.9806166026560211 0.9874850797322732 0.9938068971125786
0.980677470965124 0.9867649766411759 0.9939276587805387
0.9806247958012683 0.9877011305719795 0.9941358758275547
0.9808557326696857 0.9876815708202299 0.9940837851589478
0.9809422945115673 0.9875760876265585 0.9944391911087027
0.9807569767741252 0.9874102177781908 0.9940046656589047
0.9809196078643768 0.9873504826134968 0.9943210823706778
0.9806767993554658 0.9868951775548482 0.9941971952045209
0.9808336135595908 0.9879235185112066 0.9941154234876136
0.980352048149669 0.9867818027874905 0.9939620755080054
0.9807375088872635 0.9870066151217578 0.994257611313778
0.98073455062783 0.9871955289600014 0.9942076926848767
0.9808719530467359 0.9882613820762394 0.9941539020807287
0.9808071537022109 0.9879652444505975 0.9941992450112567
0.9810596921649158 0.9880636432438547 0.9944156511434188
0.9806805662827222 0.9873676040354008 0.994158819603783
0.980467774291106 0.9871471998476264 0.9939966282536284
0.980604055339146 0.9865782464482873 0.9939780386109721
0.9808629642152341 0.9875470604432123 0.9940521464327425
0.9808701933051738 0.9871629871648346 0.9941860555524208
0.9806809328114076 0.9867290633379588 0.994150737315849
0.9809600201138531 0.987817476412565 0.994351499525335
0.9804804035898362 0.9871199314678032 0.9941282709772012
0.9806832070181133 0.987448076095952 0.9941430821564966
0.9805120649719246 0.9867470035000511 0.9943438416964379
0.980580925281005 0.9870683319323369 0.9939402386787272
0.980642530067549 0.9864764043920855 0.9942146424041343
0.9808712198262803 0.9872946956132913 0.9942603193414199
0.9806549577572228 0.9871731746844841 0.9939251305375325
0.9805576157748634 0.9876636026295118 0.9944121835069356
0.9806902898469835 0.9873924897617419 0.9942725959655985
0.9807015960690337 0.9874467574549586 0.9938947544710459
0.9805821055071877 0.9871132857667593 0.9939589322905561
0.9807741039802396 0.9870319826162679 0.9940208196404705
0.9803887052999184 0.9864541367567125 0.9936991652911631
0.9805200554954825 0.9869637233980426 0.9938864220889151
0.9808279243546131 0.9875700564414605 0.9942914834282319
0.9804899424700503 0.9868117910305142 0.9933862876964364
0.9808825051529875 0.9873401307520335 0.994197541318238
0.9809465986552738 0.9874920577874489 0.9941657457247474
0.9808593877242733 0.9872658681350066 0.9940652651944353
0.9808375225609095 0.9870233898440294 0.9940908767801897
0.9808265108428922 0.986387301529055 0.9936311845986536
0.9806694905024959 0.9875898575819777 0.9939798841680784
0.9804910576055508 0.9871163969990067 0.994310441123905
0.9806837859528599 0.9869826162677883 0.9943726050646056
0.9804691712665641 0.9858789626088461 0.9939224373102911
0.9807798362290812 0.9871137804262302 0.9941793395274553
0.9802889135377815 0.9873106620202319 0.9942416969693004
0.9807466842733468 0.9876329570730419 0.9941360093884397
0.9805386107859474 0.9876478253671043 0.9940062745898797
0.9807554679796215 0.9878748116634416 0.9942010088571687
0.9808277213637199 0.9870332295120543 0.9935328723132489
0.9805668279151749 0.9865275471625999 0.9940920295381099
0.9806417895966043 0.9870839008427281 0.9941591668357075
0.9806405235537438 0.986120739249573 0.9940304403510515
0.9808472204033685 0.9869375815868122 0.9943875841390598
0.9805704834809564 0.9872449055718762 0.9942602362058347
0.9807279295607053 0.9874025570615292 0.9942402521750602
0.9809975999943531 0.9869917794681929 0.9939640131649292
0.9809010506837165 0.9868733222177757 0.9941547403002114
0.9807858548169803 0.9873705317597682 0.994286008751712
0.9804591426768721 0.9872961196252562 0.994001435502971
0.9807941175044457 0.9872758301614499 0.9939110803095408
0.9808452083884541 0.9877954430750291 0.9941031621014045
0.9807864980103266 0.9866552600599509 0.993738843522505
0.9804706685159349 0.9872662807243384 0.994071159377624
0.9805874782150766 0.9867538594398986 0.9940070178749861
0.9805957611459271 0.9867546991414442 0.9940595251581971
0.9808212344627346 0.9874972324415474 0.9943577961746155
0.9807334187787741 0.9872049931069822 0.9947496495977632
0.980804855537678 0.9868422491480728 0.9941358185266103
0.9804885410918679 0.9868574990502336 0.9944476795758793
0.9807013387392727 0.9878889173530853 0.9944321418858325
0.9809828727205442 0.9874148013572552 0.994151398966782
0.9808359166962637 0.9869071875482425 0.9942464404019363
0.9807004525134457 0.9879521177127101 0.9942938386377442
0.9806604095663227 0.9865701829934364 0.993860983834534
0.9807042748984436 0.9878254421169241 0.9941507878668377
0.9810585474989173 0.9877933038211265 0.9940966284191668
0.9804989104793053 0.9864893479469833 0.9940093054317928
