# full, direct, likely fidelities
0.6740578952640992 0.7965076297958135 0.9125543840805505
0.6421492244957684 0.8207326229456695 0.9297692305702615
0.6456057070034408 0.807515736399361 0.9292670463733641
0.6523289919492369 0.806558118994948 0.9221323076855616
0.6810176237729023 0.7931382981797374 0.9141226710854682
0.6585116123506151 0.7853633197134341 0.902106707039671
0.6566881906577281 0.8060788816528307 0.9274851681791076
0.6599665562334411 0.7954200922108235 0.9315907914760533
0.6701504241442472 0.7852727900663952 0.9179747052398282
0.659931019053779 0.8066400863241618 0.92770782772558
0.6547831708566489 0.8082557004107526 0.9226356729033979
0.663465210797663 0.7970122603433321 0.9188456574368851
0.6638596635656083 0.8180592018238749 0.9251989061778016
0.6615416066405403 0.816118098317234 0.927351110925378
0.6609306100984902 0.8020035366972621 0.9241785732646521
0.6622855308724676 0.805485786344488 0.9227192579492507
0.6581374786529292 0.8130520871537116 0.9255785730742752
0.6305677567056807 0.8198784377668955 0.9272341213863359
0.6826070390693255 0.8079049625337082 0.9258692520357086
0.6634384009861264 0.8027155400426821 0.9172394783786658
0.6332849516958092 0.8079359868311925 0.9227690026033258
0.668555039015926 0.8125484401355282 0.9253382660966988
0.6713558633044721 0.7881968207173662 0.9300316164176426
0.6518550900782142 0.8025908295913778 0.9224774083373447
0.6439577955335902 0.8011417393882623 0.927939023885155
0.6519357162639146 0.8044524225334865 0.9332427708174312
0.6609960258258457 0.8061038633104108 0.9236449222956272
0.6480370829496093 0.8054999985882773 0.9266767788745538
0.6582930350853862 0.8084641905346126 0.9193346568184766
0.6585361677890871 0.8184705713324658 0.9291879284982257
0.6876744513777983 0.7985461020429846 0.9244791016812693
0.6643322846486813 0.7904140289378967 0.9141879847004484
0.6811230244892226 0.7872714202617895 0.9279269807181103
0.6686077324449001 0.7863245089881716 0.9162329525629317
0.6410673718849713 0.7892852635206179 0.9234867975541307
0.6554044328729661 0.8037479830140024 0.9231695987271188
0.6827941998590161 0.8028112440810374 0.9164889642911931
0.6536881159626932 0.7934720614802467 0.9253241361675838
0.6681323765990527 0.8079966848567017 0.9194047462211228
0.6684638119099625 0.8026918383528079 0.9262381088709024
0.6506332618055942 0.8206715939783141 0.9264152585071135
0.6592229377718518 0.8058672888280082 0.9297207489037127
0.6575057842548706 0.7973343511756429 0.924370996666771
0.6585905641002231 0.8070602160126292 0.9224136481907126
0.668060059497729 0.7988847040532348 0.9130185867987992
0.6538462174669455 0.8163753007388875 0.9303332991331382
0.6751530402928644 0.807538240825204 0.9186092695306379
0.6568360535404795 0.8130065251986092 0.9276386922753979
0.668938759940609 0.7996997974162682 0.9251195930833767
0.6744235365419854 0.8057423839033975 0.919791993984476
0.651748409206617 0.798550332001153 0.9269723517063692
0.6461078839957277 0.8116744393394723 0.930464578703002
0.656309027211825 0.8080008574420102 0.9293585914243353
0.6760439193273261 0.8104989104507674 0.9248966885543193
0.6730690744631057 0.8070496777389344 0.922118998135257
0.6707086933006521 0.8000735853549403 0.9259958216364147
0.6889802990975998 0.7977339022244955 0.9098155954259869
0.6838504114326158 0.7899542881111614 0.8917276214332283
0.6690252680249056 0.7924332678395656 0.9223217875185937
0.7026537797142194 0.8105718220621795 0.9291044695553006
0.6697207766081642 0.8078801568551405 0.92386624400858
0.6892824312823622 0.7957030368403295 0.9145703401587656
0.6703252429630987 0.7856402078343322 0.9128943303833394
0.6744880900099282 0.8011866880535414 0.9261136324543472
0.6422025472244497 0.7977031886925373 0.9096607688009459
0.6514889580712737 0.8080607314196189 0.9180668492401335
0.6704871873997043 0.7885803521859264 0.913830646971762
0.6778243365452854 0.7897181577988117 0.9226380522014362
0.6627525653261889 0.8090073552582197 0.9251757087511389
0.6636939726900327 0.7983073756608228 0.9257569210196814
0.683887643125897 0.7770356741734157 0.9037751460802204
0.6673296714215948 0.8195527818673858 0.9253315171229892
0.661695356236065 0.799035029517738 0.9262879856883071
0.6841403945451359 0.7774117582770023 0.924599234283162
0.6803224054291911 0.8180610519809914 0.9217241422886451
0.6613259813048687 0.795882757628782 0.9196006070466068
0.6635798253352204 0.8095078099892749 0.9198919658687222
0.6888825032353767 0.8008607580224701 0.9230322566317405
0.6790889438760185 0.7994817732822648 0.9280558884580831
0.6543753146519614 0.805834336461839 0.9133287391414465
0.6473678139742852 0.8031487556955252 0.926837254550703
0.6880954655144063 0.7860178909490706 0.9097631462910992
0.6770465041372199 0.7885619025806199 0.9191156366406636
0.6732872898441231 0.7996773425204594 0.9258701710744426
0.6894154745967245 0.7984854795428558 0.9155510949375582
0.6570265111478172 0.8007983342969606 0.926468277849657
0.6589127635415867 0.7967790302837817 0.9048807672581177
0.7093708325136446 0.790516723724837 0.919242973264842
0.6595282208054265 0.8036555599298322 0.9257798794371064
0.6684399930953172 0.7908706122589093 0.9194931442282156
0.645916480795679 0.793623102830297 0.9195041820581933
0.6477544732586346 0.798464081158671 0.9286131248039242
0.6501938964397552 0.7984937815875583 0.926460433524139
0.6655703964012394 0.806748681230277 0.9131660878128139
0.6714532852972149 0.8090232107660438 0.9217337674745545
0.6667483731797337 0.7965835851728522 0.9195259349728511
0.6504542055564231 0.8011968545439513 0.9206442547002974
0.6471758261594279 0.8128616311225709 0.9250103712727475
0.646859664075059 0.8134073238965546 0.9210228245032964
0.6691947280906466 0.7919440890530667 0.9102034870682081
