# full, direct, likely fidelities
0.9956212277118656 0.9824552489251114 0.9930468001152651
0.9956056582250579 0.9812603235492752 0.9935976114682077
0.9953895288943128 0.9810000178822392 0.9919797065188574
0.995634899481547 0.9807940214286146 0.9930868777015481
0.9954529400300046 0.9796338503728775 0.993122103480544
0.9954694313886246 0.979225238235565 0.9923525078285521
0.9955587695286602 0.9818448795843925 0.9927701271815449
0.9955300332547762 0.9810466886664553 0.9932586315413017
0.9955941346702626 0.9771287218199247 0.993410475392498
0.9955500437879986 0.9787726221793058 0.99188750501494
0.995622230333913 0.9807816796245884 0.9933142714575138
0.9954862666793941 0.9766619492767687 0.9929308829943971
0.9955308258050485 0.9796696625502049 0.9924442825272323
0.995582749238055 0.9811929323831985 0.9940633024097704
0.9954992699998837 0.9823107213347675 0.9928908004973263
0.9956114322840034 0.9815360700608464 0.9931597282097688
0.9957218323298301 0.9810454964515186 0.9934918173227715
0.9955255530078633 0.9812835655770812 0.9933212368207464
0.9954551946042611 0.9808822365578752 0.9926966477372317
0.9955876317674993 0.9800021991024735 0.9934653274509385
0.9954458937004508 0.9781803236468896 0.9917444214569723
0.9955880879400661 0.9782046830278623 0.9927747480602727
0.9955114445124652 0.9798056734065133 0.9936489235271588
0.9955340646038686 0.9804933422920451 0.9934086461639916
0.9955427913397161 0.9803643425538707 0.9932995760865937
0.9955912370821045 0.9809890496351386 0.9927557797856685
0.9955585046036473 0.9789599260094657 0.993568961693373
0.9954580766840588 0.9779906628904937 0.9915290691335187
0.9955838387044201 0.9816196985541134 0.9940716197362779
0.9955670451400719 0.9796578652571568 0.9937862246223945
0.9955359749029346 0.9798597423701413 0.9926416300794938
0.9955748705428002 0.9823067533801064 0.993425307216737
0.9955159038167595 0.9801953181936187 0.9934089850717381
0.9956015917918871 0.981639886383673 0.9934102874904116
0.9954710675797728 0.9794102211806317 0.9940502760661929
0.9956212652140203 0.9822752812022169 0.9919396662447626
0.9955467092323512 0.9811014885938663 0.9936688433702794
0.9955778022064103 0.9805614226857916 0.9927084158400918
0.9956103140900892 0.9810791596053355 0.9933354678694896
0.9954854307868082 0.983370976352026 0.9937824219764938
0.9955355186190409 0.9779638558876671 0.9916288292237202
0.9955493323340057 0.9795629389982291 0.9930998125847086
0.9955719289678607 0.979417632566514 0.9933989484790439
0.9956357540631801 0.9811468286412124 0.9938838807440307
0.9955491967903279 0.9825317212975108 0.992092354856782
0.995515941034329 0.981143283142918 0.9919455370282572
0.9955940836620041 0.9822072421323941 0.9946271638839136
0.995447841760282 0.9820866145321452 0.9935465554380518
0.9956170226975375 0.9767392599575311 0.993999588408751
0.995596976339436 0.9817291612254683 0.9927720828429135
0.9954995678236035 0.978810070517764 0.9925010779546184
0.9955969855942128 0.981561897361666 0.993187178357525
0.9954887156624811 0.9787787262858872 0.9931375063235086
0.9956183488568695 0.9809859454457509 0.9932185335207245
0.9954975044715982 0.9806001655882878 0.9931307676813257
0.9954908221024629 0.9763362557134935 0.9926546623655366
0.9953321746070667 0.9806041887688631 0.992781401559182
0.995453280155199 0.9796965846807495 0.9931050792696557
0.9955578928778795 0.9781833825598983 0.9925590450392222
0.9955668318543447 0.9838144506466974 0.9938313633590435
0.9954585518105646 0.9790871849754846 0.9929073279788008
0.9955308034995681 0.980457777588292 0.9931027096720229
0.9954668005567568 0.9805512087541522 0.9929479764387794
0.9955039010632891 0.9765534816019239 0.9913414868313699
0.995622962392704 0.9801597982887627 0.9929194508246798
0.995449420508519 0.9794037353718709 0.9929464310105137
0.9955650351947258 0.983256710577744 0.9934280711309883
0.9955890337763641 0.981694585465561 0.9929297755913128
0.9956949589251388 0.9809560211541889 0.993757669241727
0.9954826460574148 0.9782288374178378 0.9930232631490343
0.9956127996627395 0.9816148399046583 0.9930559096794309
0.9956047682806622 0.9808969834865158 0.9929773137373087
0.9956453494919495 0.981677781011371 0.9933816568802304
0.995617068259681 0.9831828568334483 0.9932208439567259
0.9955826554571793 0.984670507372165 0.9936487796560268
0.9955772791224459 0.9817851593968738 0.9938163730688401
0.995629265601596 0.9816323550930738 0.992954549004639
0.9955501643076745 0.9795635084488069 0.9921402165355941
0.9955769314518976 0.979406163596999 0.9927226661412046
0.9955340625270108 0.9810163288842276 0.9931252643754073
0.9955138406800914 0.981993390030662 0.9921860212962716
0.9955947880564335 0.9807593697885164 0.9930778489858382
0.9955114264739252 0.9787603311621684 0.991248074182222
0.9953548492023164 0.9788439119133198 0.9932583134694175
0.9955893767715809 0.9813211571312304 0.9926927799648013
0.9955257884645741 0.9812257743017099 0.9924944610208847
0.9955356630412565 0.9815428944638588 0.9928102343183102
0.995503546173975 0.9825675300781217 0.9934797376400908
0.9955010441920022 0.9819122965779677 0.9935250504796088
0.995471850102068 0.9805437818949193 0.9934730673927554
0.9956369916215578 0.9796617454530187 0.9934009093557149
0.9954872465849185 0.980203775561506 0.9935475168230321
0.9955589121622118 0.9819834113569638 0.99363083299013
0.9955253927034426 0.9833208681561422 0.9925931269665962
0.9955608722392483 0.9808009762339298 0.9932034553890047
0.9955326284639104 0.9819120320578226 0.99274333568872
0.9955780636270622 0.9803983721208646 0.9928400316844318
0.9956441000430527 0.9822361519937943 0.9932860322684227
0.9955019425893158 0.9804499151031215 0.9936064322998501
0.995635504326206 0.9809990047918191 0.9933443711380479
