# full, direct, likely fidelities
0.9953546135724033 0.9760955534592266 0.9917906935802786
0.9954961103352861 0.9775162512805732 0.9916082755976603
0.9955329665691174 0.9780204724185216 0.9903992880005008
0.9955624986226221 0.9780156621302081 0.9909031968932586
0.9955857278684399 0.9777077503053215 0.991997597818746
0.9954629936647699 0.9759888138265884 0.9915169139006309
0.9954195330089405 0.9817244919957353 0.9927972484079985
0.995461375089301 0.9773219288819998 0.9921057379877714
0.9954619701393007 0.9805500453450685 0.9918902532188844
0.9953770325734367 0.9756547139097318 0.9926949392639642
0.9954033035328944 0.9789242823510079 0.9932553042524984
0.9956217884034834 0.9805322097747824 0.9927084561804873
0.9954735019032566 0.9781471304498222 0.9904898256882237
0.9952994951783277 0.9760456703968147 0.9919229715046998
0.9955114304700348 0.9796420229480356 0.9922317392532988
0.9954175670219181 0.979138751830889 0.9925342510976082
0.9953341444587261 0.9771308497065851 0.9895266515295779
0.9953632307474689 0.9801033916732965 0.9922295015099131
0.9953737758745943 0.9774343100789666 0.9924031246762811
0.9954611107874567 0.9753058075153449 0.9921349289768734
0.9955907472784226 0.9823302371378687 0.9932748802173644
0.9955019625781103 0.9794082402499847 0.9910607018047436
0.995573635829842 0.9776250292409776 0.9915313302465091
0.9954435966552546 0.9794913936806713 0.992225618877112
0.9954152730373967 0.9722863921421765 0.9920878914418054
0.9954869428767553 0.9788753327738742 0.9911769725956735
0.9954336409432053 0.9776722779788374 0.9912503487446042
0.9954297837300051 0.9800571017302191 0.9914094883979024
0.9955146543597767 0.9763257558778622 0.9924303428758676
0.995426244448443 0.974773083911531 0.9900724465261694
0.9955158412448435 0.9734718575074067 0.9920317661982988
0.995490860188351 0.97803462771879 0.9908547196626718
0.9954522751974784 0.9803566736682301 0.9923750552646223
0.9955246793467741 0.9731066047576401 0.991594538856328
0.9954182083505239 0.9743527045283078 0.9927284731803233
0.9954652314094056 0.9803343199633217 0.9925352540364655
0.9954398239514249 0.9751301136748283 0.9917765807766203
0.9953699382065819 0.9775916300192369 0.9922546641049563
0.9954028040395594 0.9761150587534368 0.9923954573871131
0.9954920817846874 0.9794210582908348 0.992519582113458
0.9955337597640166 0.9758260526250974 0.9916982971294199
0.9954152665928477 0.9789987742479822 0.9927062561038439
0.9954973355135879 0.978941812151706 0.9915562009288236
0.9954188022451782 0.9737465073788991 0.9896448083717422
0.9955249938245945 0.9799111930192226 0.9919187220534484
0.9954120532260368 0.9772084552947773 0.9923187887016282
0.995520712369829 0.9767928252671485 0.9911657641605687
0.9955037162079623 0.9810101668252902 0.9916529228484671
0.9954610675707255 0.9803510740624518 0.9918881037048254
0.9955497547880789 0.9771513825581354 0.991915350278812
0.9953913093708341 0.9764227521550506 0.991988077913401
0.9954504152333438 0.9787959625765585 0.9907478149462838
0.9955673643923642 0.9803674223146379 0.9924438579448257
0.9955211042978566 0.9770209099619748 0.9914976868726706
0.9955094035597083 0.9773276258786306 0.9917502239751033
0.9954622257990438 0.9789947927312473 0.9916256216992072
0.9955703590144346 0.9767250219547929 0.9922900733931838
0.995317826570159 0.9823171843875568 0.9938669091540975
0.9954515390908107 0.9799787861437794 0.9930286241961211
0.9954004640085151 0.9759561329157173 0.9916409400596328
0.9955192480851948 0.979961968096551 0.990386603216378
0.9955720699330864 0.9779444393308568 0.9927029055211369
0.9955008965421797 0.9777428994473205 0.9923292662257599
0.9955075611715729 0.9793196620577603 0.9927038348420795
0.9953924733692459 0.9760193676217328 0.9918539301562895
0.9955048502857938 0.9781997449099975 0.9919430778767233
0.9956126179171771 0.9778865230669178 0.9913606333585776
0.9954683725864988 0.9778531911815164 0.9919614714874874
0.9956124087133248 0.9767032702499717 0.9910947496550211
0.9956048282567426 0.9787012819474872 0.9919681508407046
0.995530828220639 0.979408504861027 0.9927938615096377
0.9954492528197191 0.9797556865424457 0.9912289962162151
0.9954964854864172 0.9790175271669508 0.9925930986902923
0.9954380515093033 0.9787388688617614 0.9915745954503071
0.9955392138956617 0.9820978530719273 0.9928352552594369
0.99557237345355 0.9799363144469067 0.9917161793233046
0.9955468470041335 0.978035609804571 0.9931083441655659
0.9955688768481267 0.9800137252086881 0.9931772549252776
0.995360423822569 0.9750731058465407 0.9921827968561495
0.9955137942350818 0.9799774600467008 0.9914375272948674
0.9955113518187526 0.9727084888189016 0.9917999256745811
0.9954839164947628 0.9781553464733042 0.9911594333884849
0.9954592075304937 0.976944081424204 0.9920131855568944
0.9955487013954667 0.9806355729484522 0.9917552494552149
0.9955830443306207 0.9798976632654338 0.9933485243848243
0.9956243448225234 0.9784485287721932 0.9926814913226103
0.9955738995308713 0.9778696248780212 0.9929621269403174
0.9954429085428033 0.9757650482701176 0.9911588749399487
0.9955066491891273 0.980275420095496 0.9921567339483849
0.9953651889694649 0.9788896974098713 0.9924355297904662
0.995368353442169 0.9753461762100729 0.9925539270411389
0.9954595632545556 0.9786913685169555 0.991764891473531
0.9953747661008213 0.9762588397091958 0.991725765400667
0.995432270973538 0.9747646745729135 0.9918514326100693
0.9955992789413689 0.9785620275889947 0.9910324784951462
0.9953530662994973 0.9781936627197344 0.9915597405946535
0.9952577144786459 0.9761062714946178 0.993019013738769
0.9953798355466359 0.9763736565111094 0.9920681556121561
0.9954621512231266 0.9774110640169258 0.9916808969085028
0.9954538600689783 0.9754712915907265 0.9900189753956531
