# full, direct, likely fidelities
0.9322144154389705 0.964218189823574 0.9833619757061492
0.9326146131979759 0.9645481649166444 0.9837968913946888
0.9323777429069041 0.964316771520537 0.9834397445524581
0.9321574445152616 0.9630401863241086 0.9824886464537387
0.932385349098503 0.9635357791664555 0.982747527416929
0.9328366484135502 0.9634409265729735 0.9824204412201147
0.9321847624357196 0.9631934530312628 0.9827835328522432
0.9323857613093843 0.9642350167903645 0.9827292136099869
0.9328292171451185 0.9636601994855305 0.9841145528906834
0.9325454845064277 0.9639898597202999 0.9838931054260794
0.9333231666680983 0.9634418287312916 0.9827945258085571
0.9313843763394423 0.9644496437144813 0.9835817456745956
0.9316174956742164 0.9634759180940883 0.9834657832023695
0.9322927121515142 0.95903974494494 0.9812861410311954
0.931867331171604 0.9647020182013368 0.9834639904449678
0.9326315340438976 0.9632994157081703 0.9827323319582452
0.9324437911002286 0.9642095211065049 0.983165906189405
0.932351636704548 0.9657666612599574 0.9838253037769596
0.9320062474168247 0.9627170393108111 0.9830621261854141
0.93269167504327 0.9632490921825488 0.9832333753114326
0.932581621105388 0.962962635533445 0.9824845069469342
0.9319110780206519 0.9633441303677502 0.9827192095151166
0.9322913314248202 0.9643218319389173 0.9828673921242357
0.9323834912363433 0.9660757275073609 0.9836809826495377
0.9327272028066325 0.9640713203321128 0.9829533644825271
0.9326963255538813 0.9650245049992052 0.9836019715633959
0.9323714392340305 0.9641066553729416 0.9832818206881566
0.9323477797365038 0.9661126315630456 0.9833654057740552
0.9326551627114776 0.9626443249494088 0.9830637723118849
0.9324175404133563 0.9630760031267156 0.9822052629910626
0.933106326005197 0.9618051507461869 0.9825211171094861
0.9327228263520551 0.9630944566242429 0.9825864416043224
0.9319262806511149 0.9648146979943016 0.9832204697002913
0.9321605042330554 0.9647070731545709 0.9835305262694354
0.9315666531569606 0.9630053947899544 0.9826905975673519
0.9313786081218871 0.9619961763012473 0.9831295555368796
0.9324595384601577 0.9634682917557225 0.9819310882997943
0.9324287862286189 0.9642556510054529 0.9835302572417853
0.932115933488626 0.9645760797175489 0.9829089960793216
0.9322958226635388 0.9627394279622199 0.9825220164976358
0.9320245759535669 0.9646654439316782 0.983741567330461
0.9329594526726308 0.9626427868535858 0.9818171127754985
0.9332424491059583 0.9640845841491179 0.9834556007838716
0.9327381882958502 0.9632039951449499 0.982987979323423
0.9328803702539803 0.9634928092815036 0.9830868475173817
0.9324887967060244 0.9627758634108012 0.9829972645337767
0.9331575480384952 0.9652903008995543 0.9831788979948576
0.9317440705063595 0.9626408866029832 0.9822979416423683
0.9331164792122433 0.9640508994671081 0.9829286282592766
0.9324019920589366 0.9634596490855146 0.9831651234622555
0.9328247564578724 0.9654416626083308 0.98275568782142
0.932690873706888 0.9636652189455341 0.9830953333087502
0.9318744409907717 0.9633318034190299 0.9821250618265406
0.9321626865264329 0.9610990357207186 0.9828215029521884
0.9326088738986742 0.9636869331249502 0.9832151776953255
0.9328040361243888 0.9636898618024938 0.9830110499467605
0.932967720809633 0.9646707988707652 0.9837049053346305
0.9323132609909384 0.964649932621815 0.9835656646722876
0.9325092256647372 0.9615953823460957 0.9834004781713664
0.9321202320961397 0.964735857035434 0.9824755939517015
0.9327512895527553 0.9632357138589711 0.9833320321880346
0.9325606717053859 0.9646532217670972 0.982735856882432
0.9329672162496543 0.9649204660167824 0.9832800220590906
0.9323750124221803 0.9641874720659594 0.9829027996058199
0.9322068272329403 0.9622233009565958 0.981411658064765
0.9325300624193992 0.9623188462583081 0.981297759062771
0.9324594627908988 0.9637147596867169 0.9827831628690822
0.9332211590451108 0.9625086341809087 0.982487327204577
0.9326486079116464 0.9635421213451567 0.9825991587522397
0.9331382617138994 0.964890591254394 0.98331625961219
0.9328972570786889 0.9626439635112831 0.9830233453091941
0.932898441649553 0.963607677245 0.9828573014902493
0.9326691104992604 0.9646588967007284 0.9827340281496305
0.9321267973688052 0.9642337798230007 0.9832256400108877
0.9327273889248743 0.9625215332514294 0.9825906002085152
0.9325639928415853 0.9620140670785378 0.9811653416608468
0.9325664710748356 0.9597825656245692 0.981896938168934
0.9321903256947204 0.9655241215953138 0.9833998978603261
0.9327012759732259 0.9622909823337614 0.9835130613865669
0.9321287810997101 0.964507611361746 0.982345903911207
0.933045543963892 0.9651435408477087 0.9836418241018571
0.9329209965619965 0.9624630735445135 0.9824239249675919
0.9328273448426675 0.9644745251886434 0.9829408332557472
0.9323933689650152 0.9658928205191364 0.9837865425000857
0.9324732245224473 0.9633094562766726 0.9834456940095668
0.9326924167953622 0.9637867665451043 0.9827025619686098
0.9319610000067133 0.9633239489824345 0.982076511126269
0.9327347856304576 0.9610191050053905 0.9821517348657062
0.9325299279153472 0.9642356537424244 0.983453525464028
0.932090300681571 0.9634375020938104 0.9835353678666944
0.9319789005289125 0.9641511986118737 0.983237442079337
0.9326736311670774 0.9610408937903413 0.9817048630902332
0.9318612721701045 0.9633256610744926 0.9825530491124311
0.9319109300376731 0.9643616450975885 0.9835632657114601
0.9329111776019804 0.9642026772946156 0.9828811786388321
0.9324784829080807 0.9646186899585352 0.9830458886928298
0.9324651517869276 0.9633075561627997 0.982557229419105
0.9330428034974427 0.9663034738615515 0.9830443472227125
0.9317197802488464 0.965830411099417 0.9844989963068216
0.9326877782541718 0.9626448930391516 0.9830492643233111
