# full, direct, likely fidelities
0.7829291052933363 0.893268468807641 0.9577767868255971
0.7614374959639222 0.8831096785279665 0.9601938849147521
0.7632354127903894 0.8858029259192061 0.9625241398326574
0.7680289709058339 0.8891689132835635 0.9597053843062912
0.7859996993615084 0.8805475591764493 0.9548640636448894
0.7722935035062197 0.8784983562445253 0.9580391039455566
0.7696842264630159 0.8939260796678664 0.9582753467031786
0.7728029782513595 0.8830945749938611 0.9570310165887312
0.7780085385469988 0.88240040383045 0.958543424529529
0.7727619050557192 0.8959558273293587 0.9576493744258352
0.7706879208481645 0.8947152605511725 0.9590522657213687
0.775216901897579 0.870166583860067 0.9597041291610863
0.7749231422998762 0.8885823401163137 0.9554656315302359
0.7734334692928359 0.887265576893047 0.9521326020488045
0.7712751509591039 0.8897021594292707 0.9631741943892913
0.7728430780827575 0.8889792680216131 0.957989770848967
0.7710904062502063 0.8907910485608972 0.9573570849687869
0.7568421802818004 0.8860203183070384 0.956401902473266
0.7874309756422003 0.8822428595482583 0.9545638081898977
0.7756027562987777 0.8885222634354498 0.9586170796096971
0.7557704629967326 0.8908737511192009 0.9579402277075737
0.777935875815604 0.8893391639089723 0.9548741869085715
0.7780830666926457 0.8812836067148379 0.9606344539516919
0.768923779492045 0.8869854458596063 0.9617941879943293
0.7631107686355828 0.8821456342621143 0.9596481912612652
0.7678789980798475 0.8807504947850051 0.9579743212475844
0.7743366928164043 0.8820885737088732 0.9545921374534817
0.7664770738176955 0.8864865508083727 0.9591906187547773
0.772684780670133 0.8957095168556392 0.958503312995032
0.7724314980950461 0.8961376685032311 0.9567382769122162
0.7886792349529118 0.8742274409879831 0.9596402622801816
0.7757209735052436 0.8833689908938269 0.954551839774964
0.7860640404025245 0.8797428546735888 0.9580087282788292
0.7789566109979982 0.888070881831303 0.954658833190842
0.7614369466257701 0.8858136387794263 0.9561032938608595
0.7697685914535585 0.8813047595664226 0.9560538577190576
0.7859450331298812 0.8840241493245526 0.9554815235880739
0.7683028284635016 0.8822407201166943 0.9540555652335813
0.7768823161242505 0.8920159822130592 0.9564867635339337
0.7766291597175994 0.8897138320964504 0.9562693936449338
0.7677145634975604 0.8876373955417025 0.9609823365844158
0.7711151597549846 0.8849541015099545 0.9545651409797106
0.7704731943558615 0.8746070799548374 0.954495039821887
0.7715834370007157 0.8847682631254468 0.9601702421331338
0.7777595702629173 0.8785944069469998 0.9558593922298211
0.769458796849225 0.8852049034207026 0.956797604215008
0.7807856305284804 0.8911855241216664 0.951706917145571
0.7707186756374588 0.8828148492287633 0.9592010090784033
0.7781621203471505 0.8867320737957904 0.9611488333645075
0.7816376515857719 0.8802069716716052 0.9479115264181267
0.7665926639771363 0.8809751137651304 0.9582122751225092
0.7640052501777554 0.8805973719583036 0.9537191238817718
0.771906271791213 0.8827741467291471 0.9561063005691663
0.781310504517972 0.8797443272212975 0.9570821147214222
0.7801601725163074 0.8850262480501332 0.9559126918842098
0.7799678858237957 0.8795697725356654 0.955793589383253
0.7906249197443488 0.8736348805517667 0.9509676569328244
0.7880234330828884 0.8783813694064943 0.9541633368434436
0.7785366943170448 0.8895480131922487 0.952654179557997
0.7964753798067484 0.8862293433393749 0.9565296614571124
0.7783529470738274 0.8858173587205181 0.9622562046082581
0.7896562938914718 0.8821915503692823 0.9540181711106173
0.7797698410127385 0.8902607741723706 0.9586574488087701
0.7807905021344215 0.8698204494631119 0.9547561431261098
0.762763526348614 0.888933961014324 0.9548297485327519
0.767237306808925 0.8963298444700267 0.9585411608083197
0.7798641361502858 0.8862311282379839 0.9571038408386969
0.7837736979682972 0.881258105877439 0.9583119467343951
0.7755445215709589 0.8839022753081816 0.9513045861370497
0.7737788615008272 0.8868671206620622 0.961761657174416
0.7854759031940148 0.8817825820378623 0.9536823284313001
0.7777291422912079 0.8853638242359391 0.9602216396356406
0.7750638229567521 0.8836997934616365 0.9588809334983922
0.7887765830024279 0.8779744551810902 0.9516347817575598
0.7847578940691188 0.8927842018334821 0.9540811269824555
0.7720337100807445 0.8815836029019548 0.958065711945406
0.7742238681930522 0.8806981573116855 0.9516547729986521
0.7915231985590674 0.8692324837596956 0.9573444209161904
0.7831257048354549 0.8805006053756906 0.9572923278649331
0.7683601655262483 0.8855576881845945 0.9562208776192178
0.765482855479647 0.8903194750660416 0.9597977155457444
0.789484396089882 0.8791738457338588 0.9548563124187569
0.782692412140696 0.8835188354547568 0.9562361725358316
0.7822809706091858 0.8829643200668845 0.9568940309644003
0.7907401598001539 0.8818602252287514 0.9574474688032996
0.7712519803262137 0.8848343009341019 0.9601785482947788
0.7714618688615928 0.880951737508321 0.9568205558605803
0.8010381956516313 0.8610488854193089 0.9524267930646859
0.7727534744675362 0.891263779910278 0.9592140619415027
0.7779268253284961 0.881314325965696 0.9594690566265612
0.7639008433247892 0.8878701514228866 0.9618919097765669
0.7655777104701206 0.8840427327983644 0.9571244209384603
0.7658092020429632 0.8905308261592173 0.9553580512859778
0.7779029355447341 0.8799977051879606 0.960052601432831
0.7794226608900227 0.889973655071515 0.9573912535003821
0.7765638879806106 0.8833890502365901 0.9570621304303675
0.7650880130428794 0.873087906272515 0.9560117501584604
0.7668561152330815 0.8763998681680585 0.9575658337879503
0.7663706658196315 0.883572685002115 0.9560035204216122
0.7781884740908022 0.8874839284811747 0.9605959736795916
