# full, direct, likely fidelities
0.9994915039770387 0.988670229771115 0.9956626293103588
0.9994242892026072 0.98418532777532 0.9942500421255215
0.999458685484775 0.9870463131933419 0.9937633447471074
0.9995008442599207 0.985252631624475 0.9936937833207721
0.9994814733224607 0.9876170148760335 0.9948069961550379
0.9994871687400951 0.9860955123416609 0.9951159802383017
0.9994883263076132 0.9891953766093252 0.9955674628552382
0.99950859308207 0.9868129930305015 0.9945057563130586
0.9994783501558401 0.9851597029013763 0.9955887682809408
0.9994614896202496 0.9878449362488493 0.9960475718800087
0.9994821485503222 0.98361018537525 0.994763744426398
0.9994631450408342 0.9866462308798108 0.9957218577283178
0.9995081663715539 0.9867000814648312 0.9953281768429033
0.9994894267004368 0.9884343291937844 0.9953537526128249
0.999477041554206 0.9846285542779023 0.9953431096493813
0.999466034486457 0.988008688469857 0.9960392208552781
0.9995047351600767 0.985574565482391 0.9948567102366626
0.9995036638080929 0.9871187583584294 0.9944967694304251
0.9994853630393294 0.9885306639300941 0.995910917026809
0.9994770622961366 0.9886026545773663 0.9949316183684498
0.9994701975396726 0.9878470622394935 0.995049051186828
0.9994770286398049 0.9863436775753999 0.9966373110627472
0.9994779634911696 0.9849996526001601 0.9963103970412315
0.9994896250808992 0.9863754227704508 0.9957709190402797
0.9994767082838508 0.9875855442566561 0.9959793087671396
0.9994986744622834 0.986807254126458 0.9950509297688535
0.999460916978923 0.9867304044653332 0.9970042144674885
0.999511510117803 0.9851423833066014 0.995207039023719
0.9994794414538839 0.9833207489108494 0.9955134161602572
0.9994512672018379 0.9863581744471897 0.9952540408338217
0.9994654372345265 0.990225962851616 0.9959683933945935
0.9994910282095703 0.9883646254149201 0.9940491166825078
0.9994990609151916 0.9873056368885211 0.9952923630858368
0.9994614219097785 0.9836185287527566 0.9952903606984776
0.9994796781407767 0.9873324597705977 0.9940757026915974
0.9994647517452607 0.9880858664704989 0.9956776882409982
0.9994714547093838 0.9857618179616126 0.9960325716101956
0.9994703255656894 0.9864421499748081 0.9947160725850938
0.999455582304155 0.9833467952949398 0.9959260995857112
0.9994871298084201 0.9864981171067732 0.9950717221939354
0.9994806771766406 0.9908534478964985 0.9963827184111032
0.9994792974014777 0.9899537572316292 0.9967262969768456
0.9994581818353219 0.9838989949785979 0.9939391201263769
0.9995048877179603 0.982404108283773 0.9952210870807547
0.9994875276875761 0.9844154913813619 0.9963700136908281
0.9994883725159682 0.9896096179450683 0.9953393694028796
0.9994942688166791 0.9911690456001299 0.9963854231391497
0.9994614288163601 0.9857387992956472 0.9964947335094426
0.9994946225664129 0.9875892209073523 0.9962536586599421
0.9994780212479043 0.9865830224239424 0.9952898197810898
0.9994807881463272 0.9862412596017122 0.9957986816378869
0.9994875781341404 0.9867762875014864 0.995274797386485
0.99949017503794 0.98594147403538 0.9955171049305382
0.9994648109289256 0.9834098023875206 0.9930076260306894
0.9994621672302431 0.9869641418501244 0.9948898627926163
0.99948937811251 0.9868790442378028 0.9949383448688016
0.9994672114768997 0.986379418292356 0.9949184323962182
0.9994850488051652 0.9843744994080517 0.995671625446085
0.9995217167565698 0.9865074149352787 0.9960584473644462
0.9994776599659279 0.9855328274403313 0.9956836353317299
0.999476608028692 0.9857692411046112 0.9943952853365332
0.9994998978909839 0.983100004168073 0.9945074198806494
0.9994908848736199 0.9874525630053063 0.9963685547188762
0.9994765448827349 0.9881963976225967 0.9955535361057435
0.9994401261216526 0.9871032345916771 0.9948650365367608
0.9994761876968116 0.9877480134860942 0.9947485328854213
0.999467125814527 0.989560929779024 0.9953138623096529
0.9994784075205552 0.987440410966121 0.9953654052874106
0.9994999105143842 0.9892272288873463 0.9956012760014544
0.9994692116147734 0.986084013537318 0.9960823664231591
0.9995045182370006 0.9888194908621869 0.9958954657328352
0.9994692689923246 0.9827181386163214 0.9952749350260642
0.9994577228932194 0.9839303860648709 0.9939706876752851
0.9994631599303685 0.9869681512695802 0.9952173696723235
0.9994697763817967 0.9887692547413347 0.9949895487034132
0.9995026827208319 0.9881724411761916 0.9947426116729284
0.9994496424066851 0.9865283689070483 0.9953560913555067
0.9995101768028676 0.9858966485769852 0.9941175063520934
0.9994715663157782 0.9880579604054598 0.9951005821772784
0.9994761610827855 0.9884929276618555 0.9950848459908247
0.9994749086590229 0.9897649684122749 0.9963879595133386
0.9994704963644336 0.9853790357933907 0.9955457757395925
0.9994433115714917 0.9849746550292633 0.9934807637860219
0.9994598631489126 0.9853297169702928 0.9948222448404673
0.9994569561798442 0.9865913417073451 0.9952514995262718
0.999457404863894 0.984245832447307 0.994348866156576
0.9995087540298275 0.9831775542846531 0.9949484445164481
0.9994731151308596 0.9844975394185222 0.995023395091311
0.9994955344180727 0.9858041986506988 0.9954945411031808
0.9994719031758962 0.9865791213565025 0.9945619528876035
0.9994509079696933 0.9840235259735957 0.9951617022464728
0.9994548849533047 0.9876733496971981 0.9951030939564476
0.999464161932743 0.9817287694467229 0.9952462585997554
0.9994876785016099 0.9857890157174513 0.9950682646619615
0.9994752842981791 0.9894629245850892 0.9937684443688993
0.9994369954683342 0.9878954971104834 0.9950217735858109
0.999471935574909 0.9839567360283678 0.9939930139263864
0.9994742701890496 0.985401213705948 0.9950828067517821
0.9994826862487024 0.9866610598604798 0.9946270474954058
0.9994920874876292 0.9896293675375478 0.9957524368834476
