# full, direct, likely fidelities
0.9537468246710693 0.9749337258663838 0.9901439791106021
0.9534176571775016 0.9759714125221715 0.9915307992856534
0.9530888659510132 0.9732283637042578 0.9908374775789952
0.9530265715997173 0.9754082597234569 0.9902189738996378
0.9533543410351163 0.9755910795019869 0.9909174277854472
0.9531202267286288 0.9755271684385453 0.989312152733683
0.9527275981881501 0.9770161349905462 0.9909617580232994
0.9532341238036139 0.9740666801167814 0.9907314638772297
0.9531062800740785 0.9734233151190181 0.9907319730563416
0.9533033024026837 0.9737482253674539 0.9905295034252131
0.9533181537263182 0.9764021774401378 0.9915934637634224
0.9536387069726763 0.9725022582345606 0.9916610773904577
0.9533034727790226 0.9750178539760779 0.9906115927011464
0.952971116507847 0.97702487263124 0.9915539243969961
0.9526766066134972 0.9746072598141449 0.990789936152152
0.9533106738768253 0.9736404338648944 0.9899762051277434
0.9527787017668835 0.974805724056566 0.9905268686797498
0.9531462952942237 0.9769285580834803 0.9909435042759197
0.9550975920229493 0.9702618195743227 0.9902471713812943
0.953684786766448 0.975632527355572 0.9913467305795711
0.9528274211400554 0.9755818714834316 0.9907256845230115
0.9533897688629692 0.9757383586565977 0.9915667758524971
0.9527082462503178 0.9742120715235345 0.9906691950967524
0.9534092508277658 0.9754095213440925 0.991723455710383
0.953120568184829 0.9732970806808401 0.9915810926016065
0.9529272411981479 0.9741811724894698 0.991493622918377
0.9532547397034772 0.9723716954060523 0.9905782627607688
0.9533678332613592 0.9747842223210229 0.989908801073824
0.9532929756101944 0.9759773602410579 0.9907423597017206
0.9531946305284612 0.9772202093236108 0.9912157668003204
0.9535088269229745 0.9741166425688204 0.9900487797508523
0.9531278187931302 0.9725043794498066 0.9910059465305976
0.9534447153134125 0.9734797585648642 0.9904398211949005
0.9537491041954572 0.9732946010932577 0.9896969642750083
0.9531795129127998 0.9742717256662382 0.9919436360288284
0.9533364680973996 0.9727970673023317 0.9900502751201907
0.9535006035424897 0.9704266479169144 0.9903090357367071
0.9529024358031352 0.9761846293950858 0.9913348403071557
0.9534580951211573 0.9750917924945495 0.9910772388050632
0.9528347846889115 0.9765604487850248 0.9901694573078782
0.9532394083224215 0.9764350499705462 0.9913923443955808
0.9535115613352054 0.9724250981262393 0.9900549544200713
0.9529815882459705 0.976118854367491 0.9900411013288948
0.953280682451916 0.9733786559574481 0.9909450779856437
0.9537087277812978 0.9726208992278551 0.991405336848442
0.9530133905024473 0.9770740096686212 0.9918164166482422
0.9531287400802069 0.975541608430508 0.9912078568906318
0.9532649125857386 0.9723846892920757 0.9910815185543523
0.9530544634049916 0.9725494858384768 0.9898395909900783
0.9539324900646086 0.9743954457364039 0.9894772326111505
0.952782227374744 0.9743244552774957 0.9913710746121893
0.9528614594129847 0.9743247981439371 0.9910843908071398
0.9530877666712346 0.9727865771258032 0.9920486016397969
0.953323625080571 0.9757214401912038 0.9914165818519859
0.9531037719209535 0.9765078499656651 0.9913313260979161
0.9537286136544448 0.9761612587523048 0.9907577290758159
0.9540354718439941 0.9695533047531378 0.989255692598733
0.9542327105483548 0.9745563788912762 0.9900473540281985
0.9535224405926838 0.9749140597063979 0.98956381835338
0.9540089266757467 0.9756028546964425 0.9908674927857295
0.9532937242170246 0.9757503991926225 0.9902067359455615
0.9536107927550643 0.9721259500121048 0.989927471450864
0.9534087985434512 0.9739268339373861 0.9908387589093334
0.9533310240570071 0.9722377290497531 0.9913810890416255
0.9530130862061983 0.9757981982017881 0.9895713542435626
0.9529100296195394 0.9776698478426026 0.991302753702749
0.9532174251716681 0.9725123118981425 0.9908337907315787
0.953454328388193 0.975078062946406 0.9906911627372083
0.9535111671098535 0.9738329780924962 0.9910148185344368
0.9530150511060779 0.9743775984885575 0.9910579061864473
0.9531723282644232 0.9708987213405067 0.9908251204521168
0.9533631573707214 0.9741550052150652 0.9899492463267293
0.9536748888842514 0.9744874681049688 0.9918247412676866
0.954066136066492 0.9745437057233868 0.9895453645322785
0.9537553632285345 0.97485852239957 0.9910683169708202
0.9529717260313688 0.9706831834292313 0.991763327095996
0.9533411247769341 0.9760183556516915 0.9905418181397445
0.9539151893384306 0.9706308960198208 0.9908524120559713
0.9526910832664616 0.9746613945971687 0.9897562552186094
0.9528101986001969 0.9750354672418703 0.9910231461665081
0.9531503993599969 0.975294785508154 0.991212725208926
0.9540799006103083 0.9728851559174274 0.9896649234288384
0.953841759560908 0.9726622134683786 0.9909964288184335
0.9539421580305705 0.9727752255864592 0.9899823245199848
0.9540492422336365 0.9742019406519775 0.9907446843519786
0.952866948794727 0.9765099801772339 0.9911897095136059
0.9532024497209971 0.97523890310439 0.9913572624661467
0.9541428163750272 0.9735780945183394 0.9909189864888761
0.9530168987100537 0.976026870107054 0.9905564172383933
0.9537268594713167 0.974457209281922 0.9909616490168721
0.952863023630607 0.9743622807338423 0.9904977392883018
0.9531131967588021 0.9737627842232139 0.9912277282760873
0.9530999413035719 0.9771576006418339 0.9907552489506195
0.9540727057032395 0.9750949014320323 0.9905311804796648
0.9538570783160534 0.9745628991074977 0.9922429860301842
0.9533786462183004 0.9740865176747395 0.9908637322959696
0.9528290293600347 0.9712073529751626 0.9905124286880831
0.953212036599134 0.9731986319700928 0.9906980944602369
0.9529141007403389 0.9749455290406239 0.9907409429447496
0.953026537553897 0.9725684525777836 0.9892880512912924
