# full, direct, likely fidelities
0.9997476896045667 0.9982406148846303 0.9991838978413912
0.999729980167264 0.9985545549038383 0.9992586979727877
0.9997424256693818 0.9981618852035793 0.9989676526561172
0.9997433964370521 0.9982790563533966 0.9991646920190306
0.9997586503442315 0.9979775810208986 0.9991146433292364
0.9997364821930075 0.9983215403988887 0.9992082410859834
0.9997337115956657 0.9979982136653996 0.9992028139567529
0.999738626776647 0.9978233730306537 0.999018053790761
0.9997395331560733 0.9981235825687369 0.9989741380926362
0.9997594031585718 0.9982598763530509 0.999129810077974
0.9997487765466452 0.9981737157283279 0.9990950285545467
0.9997509918030284 0.9980044402789592 0.9990497544537559
0.9997603344636868 0.9982812977771425 0.9991284324278142
0.999738948938761 0.9977682655106132 0.9991633895220138
0.9997439504683618 0.9979194667853668 0.9991718933513873
0.9997479659402045 0.9984579389943677 0.9991679916198501
0.9997312663895266 0.9979652838457376 0.9990004348736813
0.999744726011874 0.998064870346053 0.9991404287039136
0.9997377764733828 0.9978742813231983 0.998824387305686
0.9997491629225037 0.9978381218154383 0.999178354137905
0.9997450601317969 0.9980169203052303 0.9991717957164596
0.9997443575202735 0.997585515282445 0.9989333996666628
0.9997586842440452 0.9977719305462358 0.9990266909151186
0.9997555851806074 0.9977114110900619 0.9990475233175999
0.9997366009968036 0.9971508206409714 0.9991423912609169
0.999745760299684 0.998205535977119 0.9988564190716408
0.9997382069467273 0.998104231048505 0.9992795699292442
0.9997395921678115 0.9985773481880904 0.9992424184547107
0.9997470237658793 0.9981312667860097 0.9992733949909015
0.9997279145076375 0.9980010842813665 0.9992300250748266
0.9997410475037234 0.9980661013161909 0.9990810544071413
0.9997219851981954 0.9982280623450368 0.9992213612861783
0.9997596010586941 0.9985918637277298 0.9991304374277243
0.9997696370379604 0.9980686971533451 0.9989736686191284
0.9997378049162399 0.9974917168445354 0.9988816194940092
0.9997487021024797 0.997805011442514 0.9989872566994273
0.9997305397897185 0.9979214706662785 0.9992511779414001
0.9997323093960533 0.9979696253774131 0.9989646313119519
0.999726404491666 0.9982133037863913 0.9991353188404115
0.9997392714276035 0.9983151998666808 0.9990731872084799
0.9997417387422464 0.9980728968845874 0.9990837000562154
0.9997519912834604 0.9984639895497264 0.999054734434556
0.9997184288009132 0.9985041244969658 0.9989279654286349
0.9997457619916438 0.9982881825267091 0.9992314684954037
0.9997407692263691 0.9982504093706117 0.9992326908900141
0.9997673929145331 0.9979859455288751 0.9989867487129507
0.9997346546607732 0.9976896528514627 0.9991541729966187
0.9997221252706939 0.9978594533935039 0.9992947416284402
0.9997373231347153 0.9983830054692858 0.9993304090426003
0.9997370797859069 0.9981205031872079 0.9989062853395476
0.9997420447544186 0.9980861041959503 0.9992833866536163
0.9997112401197967 0.9977948485667485 0.998966402557557
0.9997611131296308 0.9983679866396313 0.999140185310962
0.9997348657776494 0.9982242315826114 0.9988310915150372
0.9997354533158704 0.9980072234440007 0.9992221781623197
0.9997449953831703 0.9981069157492503 0.9990008805558087
0.9997328337134699 0.9982386092603782 0.999187146554287
0.999752204725966 0.9982811175045769 0.999192930470469
0.9997478003816306 0.9978480821679295 0.9991993815075124
0.9997692293345063 0.998201969989693 0.9990644451843175
0.9997406019952172 0.9984227722672147 0.9991998785740278
0.9997394978165687 0.9982943403808151 0.9990619878382144
0.9997376341716224 0.9984864274114262 0.9992608362800124
0.9997546167350386 0.9981525577570693 0.9992044670582231
0.9997262636637583 0.9978497083325765 0.9989605713405213
0.9997379848497269 0.9977874512400098 0.9992598884158754
0.99973060948942 0.9975940643461663 0.9989073976362823
0.9997352408242565 0.9979566311378629 0.9993701485716799
0.9997316021830871 0.9980300506557073 0.9991238733568106
0.9997345721074553 0.9978786017759587 0.9990654692352162
0.999756121912746 0.9975008617792196 0.9988540482748354
0.9997261522674491 0.9983890037756019 0.999210093301881
0.9997342795174359 0.9976150559298509 0.9990109636197902
0.9997448661620674 0.9980376286538767 0.9989250386685058
0.9997333272524859 0.9974499387428875 0.9991139999003923
0.9997408561862382 0.9980454539314512 0.9990931348898464
0.9997535842448454 0.9979006455806587 0.9988244580245027
0.9997588908504212 0.9982893585741113 0.9991677305996537
0.9997356593879201 0.9978378483014112 0.9988910367002374
0.9997548493006495 0.9981409292624023 0.9991101421007441
0.9997041229391238 0.9983683631540454 0.9993451292852416
0.9997370797588836 0.9978198897619112 0.9991908899686686
0.999738730718361 0.9981182188019123 0.9993084094638378
0.9997396962010163 0.9983123332246034 0.9992804180870409
0.9997517099173868 0.9981921110864862 0.9989219870444271
0.9997274522662172 0.9973810616757987 0.9987624162771993
0.9997478113612737 0.9980157469986009 0.9990105065369298
0.9997521134760102 0.9975477656059953 0.9990164175569544
0.9997265580519924 0.9978259100031139 0.9991336092160441
0.9997317613644153 0.9980399553315938 0.9991035777923684
0.9997387774022518 0.9981525375352153 0.9990883241156601
0.9997460859983075 0.9980774299236008 0.9992107852504868
0.9997302802954846 0.9982439384220918 0.9992590113489738
0.9997306440113646 0.9981329723008251 0.9991167312871765
0.9997473253059702 0.9983718826478911 0.9990157296337963
0.9997496220127647 0.9979208077462746 0.9988710119042008
0.9997267866643124 0.9977793244822425 0.9991345207299458
0.9997376597877928 0.9979948538509592 0.9991834098551562
0.9997420217569575 0.9980610998950086 0.9990215580112918
0.9997330964384764 0.9978008716309845 0.9990252396319406
