# full, direct, likely fidelities
0.9990567233458779 0.998285712126522 0.9991294788924152
0.9990524245314814 0.9980001743822373 0.9991518453141534
0.9990530908044659 0.9976014009460651 0.9991562570228483
0.999061726220412 0.9981163595575344 0.9992394005805679
0.9990452133369828 0.9979070626261323 0.9992102330334588
0.9990550287514735 0.9979147808169302 0.9990589977774503
0.9990482573508762 0.9975754873784382 0.9990950147815288
0.999050008510229 0.9979031620341459 0.9991454890252381
0.9990477391622989 0.9977935263190643 0.9992840517207331
0.9990559767544008 0.9977245175289595 0.9991614608203692
0.9990542405799331 0.9979397101733533 0.9991333763124789
0.9990614525798182 0.9981459758251267 0.9992958393986464
0.9990587896299087 0.9977719384389548 0.9991186954835404
0.9990430194018532 0.9978880170839514 0.9991762096698601
0.9990547820627368 0.9978438009171843 0.9991462938055354
0.9990525265593131 0.9978678208742231 0.9992522407118243
0.9990611332143333 0.9981918595696554 0.9992393536424308
0.9990481438558249 0.9980218607403374 0.9992960208143858
0.9990519031064583 0.997914579866574 0.9991163415151754
0.9990569420949729 0.9977492376840158 0.9991990841548735
0.9990603992246688 0.9980924230220032 0.9992136712445461
0.9990618786067945 0.9980510959059219 0.9992372468612197
0.9990509385077483 0.9980141925417881 0.9991857307654306
0.999055269000429 0.9979737925061984 0.9991559281231929
0.9990543873361022 0.997967415227872 0.9992479781381444
0.9990581683291284 0.998101847081147 0.9991025912323777
0.9990541054989261 0.9980788359491632 0.9991887622810699
0.9990600282002814 0.9978939742804822 0.9992610570002457
0.9990569647513263 0.997799234327968 0.9991007073204103
0.9990659228039508 0.9979634595319522 0.9992502941310879
0.9990508005046652 0.9977948065166953 0.9991673949832224
0.9990368944385964 0.9973131922096842 0.99917573396265
0.999045423641762 0.9979615777207669 0.9991239778704349
0.9990519876090852 0.9979405349497852 0.9991762835951993
0.9990604164367876 0.9979539866212364 0.9992383097195219
0.9990596401873418 0.9979860069628494 0.9992482145735362
0.99904613925709 0.9977438198497642 0.9992131928611242
0.9990399368407947 0.9978452840134365 0.9992219916787177
0.9990403625125431 0.998019151444068 0.9991154864824162
0.9990574371615843 0.9980021686381202 0.9992145500980072
0.999048911291055 0.9979837942242784 0.9991252378018409
0.9990663033780605 0.9982162470755714 0.9991226401066428
0.9990517200467934 0.9980504939426922 0.9993092858227854
0.9990447471293689 0.997890265389079 0.9992512806671889
0.9990517636965761 0.9978394311534509 0.999092097969194
0.9990502052457034 0.997801740851411 0.9991008674169556
0.9990476089281537 0.9978616104278276 0.9990942397713977
0.9990512972582579 0.9980405554565787 0.9991384560472873
0.9990645094993327 0.9980489267520003 0.9991924196252083
0.9990529527317148 0.9977162551409426 0.999159619753384
0.9990538623013661 0.9981659395634827 0.9992133945396479
0.9990476803105568 0.9977381159319291 0.9990709176398689
0.9990438743104137 0.9976590925860163 0.9991546025409215
0.9990599893994785 0.998203507823714 0.9992303465242546
0.9990652560162266 0.9981296677633571 0.9991979906493174
0.9990547924659477 0.9980471727149739 0.999129002121012
0.9990587288354031 0.9980777035532091 0.9992074727146165
0.9990430055033649 0.9981365752376247 0.9991862902496992
0.9990478929066916 0.9978977916223754 0.9991157410947474
0.9990594943849372 0.9980236770388767 0.9992844546349868
0.9990539680361454 0.9981480870591706 0.9991095681292506
0.999040871562871 0.9977401941767081 0.9991948037057841
0.9990612284056654 0.9981091390894982 0.9991367558517122
0.9990454531943419 0.9978406118074199 0.9992462911786164
0.9990547231882502 0.9980832146801393 0.99918034777126
0.9990575166840179 0.9979501201704852 0.999193165481582
0.9990539098281288 0.9979206338143135 0.9992132597670927
0.9990503881526254 0.9979281312516393 0.9992260733083517
0.9990567348034564 0.9980327434123227 0.9992609465203741
0.9990558050308314 0.9978258081446958 0.9992345048956047
0.9990441657227506 0.9979978249381906 0.9991236409891592
0.9990459024128358 0.9977426631163536 0.9991886122821346
0.9990498943535985 0.9977116603073625 0.9991496769403805
0.9990642425813282 0.9976688693176237 0.9992123789066075
0.9990591745170396 0.9974562043985677 0.9991542991700997
0.9990416299569019 0.9980913872381164 0.9991838845601435
0.9990562127990773 0.9979374087854153 0.9992797455159794
0.999060685696872 0.9982209009891653 0.9991800324441384
0.9990614250790693 0.997892377250671 0.9992596599051423
0.9990579844526153 0.997996594862868 0.9991173700023454
0.999044073838399 0.9978734328410412 0.9991034603039216
0.999061496194578 0.9980847681720327 0.9991746194790109
0.9990449066877011 0.9979168752034918 0.9992111554913982
0.9990554188596276 0.9976219577344159 0.9991551303564591
0.9990566368968528 0.9978852100102358 0.9991761097157731
0.9990412817183132 0.9978827475423815 0.9992473474187621
0.9990506884507596 0.998071339030849 0.9991992377452953
0.9990496038557244 0.9977626834003864 0.9992291242603054
0.9990552786762157 0.997919418515479 0.9992075110265661
0.9990506852318534 0.9977418580977744 0.9991996784972965
0.9990457709652298 0.9977953581165852 0.9991751002896755
0.9990570974111137 0.9979009084333682 0.9992357918611274
0.9990596649360441 0.9979614413997402 0.9990897400131433
0.9990474379439215 0.9977806303360999 0.9991676695570343
0.9990483972497324 0.9978973166260484 0.9991441048689824
0.9990556247586466 0.9980533226881392 0.9992145312159401
0.9990580848364351 0.9981217390055006 0.9993000835448995
0.9990624356026961 0.9979136475980458 0.999117023737534
0.999055578186707 0.9978277297723022 0.9991971124617917
0.9990623081812771 0.9979633702473847 0.9991660688800821
