# full, direct, likely fidelities
0.41388919946618374 0.44673908316096256 0.6532878134885864
0.36512413307170916 0.4790518217121148 0.7050541181865295
0.3744103339209925 0.4565737119109058 0.670315359720221
0.38547288072957275 0.4736153946120204 0.7261465979007559
0.4331951066847295 0.4753061791537183 0.6807504558168308
0.39143037143492715 0.48460104870661214 0.6962483499448587
0.39249452986411104 0.4821429120636161 0.7104610818973964
0.39152853398984844 0.44078821962996306 0.6963946742421432
0.41833079974875226 0.4820010832481341 0.7200493363275371
0.3967525568512533 0.46722832075527776 0.7523346547990915
0.38893793540937377 0.4514698388334257 0.7339585488767965
0.3930224234286843 0.4339312143579629 0.6287464242286684
0.4038184427263771 0.48048761404399426 0.6444547904686447
0.396540214251809 0.4926059491533553 0.6999234544246615
0.40452988165119863 0.4749410416043307 0.739645345313775
0.3965052159831481 0.4653439798897715 0.7407038450281671
0.3903089488243491 0.4786226362055475 0.7339770465605524
0.3481851506750734 0.4621564191111018 0.7157988325730991
0.42119749547115926 0.44475861447501785 0.6605117551590646
0.3971050923640016 0.4442972297201222 0.6593399084527678
0.3589038911720243 0.4817247680702631 0.7451244902056828
0.4101577292321624 0.47086697374628617 0.7110549644610963
0.4229964657718869 0.4458328181232765 0.6994266237669415
0.37653786928162913 0.4630438623061493 0.7355967159046298
0.3693110698280384 0.45057317864497276 0.6868193904326896
0.38626120247403367 0.4813037228618259 0.7146830775251584
0.39570282831012654 0.4838625851087186 0.7102446740098809
0.3784089841260933 0.45351889887549324 0.6968402585209981
0.3918148407007396 0.458686023112559 0.7264006292843892
0.3913683447064812 0.48483597781813176 0.7074161249364672
0.4425177688526444 0.4456796405427928 0.6304398455277829
0.40633224485810365 0.48629057844044604 0.7450576707338172
0.4338368148660475 0.450697633392393 0.7141815993930131
0.40989404868864365 0.4766001335078916 0.7521106897417356
0.3650251629991701 0.49523958713631283 0.7315710354634959
0.3881101640470627 0.46349711043316333 0.69811900395971
0.43461017479246344 0.4697772118310861 0.6594398525154151
0.39010462129947504 0.4648899937773269 0.6942010476541457
0.4060458549677897 0.4499428384779627 0.6914756741412723
0.41337954902635166 0.45057889498108245 0.6831794215327405
0.37900246437993146 0.4794534228916352 0.7484429931025918
0.39304536361292924 0.4714266963626639 0.6963876686445151
0.39038468823270117 0.4740959469322469 0.7246147678023434
0.39111623160058173 0.4665862286942829 0.7246501162935609
0.40991126129004457 0.4964118738079219 0.7573878010584434
0.3869743716151348 0.4395929768597092 0.7193378557659383
0.42280287024932467 0.4833411437226185 0.7189886925259227
0.38807515125715475 0.466047567407376 0.7091356044083084
0.4092626203609816 0.43976506610316607 0.6843585506103513
0.41589219213283896 0.47009421409007485 0.6910706071849528
0.38625131031987947 0.46651389435835605 0.7036778889481621
0.37657745145905513 0.48716899185989704 0.7476611262401593
0.39425239214176405 0.48311191479650595 0.7580248864988371
0.4202931930309232 0.4692678111113492 0.6982044844599589
0.4202468041033046 0.4528640614854098 0.719649260899156
0.4103110859262621 0.45868776990617793 0.736456556325865
0.4388455351067054 0.4526164451700724 0.7025012712528984
0.43056367985183874 0.4753230272056678 0.6977868931716001
0.40836929515898696 0.4994093430717311 0.7235189828164176
0.4730872548691587 0.48015072864252034 0.7358986112065531
0.40918367069311207 0.46804654931639994 0.7308953162763434
0.44257985756216817 0.44563525929880926 0.7042995622250942
0.41044066934129714 0.47392643267328194 0.7173825789317801
0.42142101537941834 0.4259134573191554 0.6852619383658035
0.36602827787094505 0.5002101036635317 0.7792196755222595
0.3832064566091203 0.4776455640583668 0.7271932260227219
0.41157084433573093 0.4256881902407377 0.6578761022163857
0.4265665199076105 0.48589002418046356 0.6965942629851328
0.40022514023815114 0.4737225405414026 0.7728655854509573
0.40852637062423697 0.4637667773218759 0.7070731954211985
0.4331637986411504 0.43593371916988705 0.6906035121100701
0.4070383252999516 0.4717938851633312 0.7258116295875299
0.3961110573157978 0.4933451094453048 0.750798382116257
0.42777914149876894 0.4739938529283447 0.7146811334752781
0.4321390265789128 0.4835895817806653 0.7177551443678925
0.3953975917568805 0.4758765762298532 0.6890140825965333
0.39801929058072777 0.47758758794769707 0.7433887539448031
0.44023681481256477 0.46810886975234933 0.7178561039673909
0.43331696381687973 0.4722677203884587 0.7181821218759186
0.3904444263332629 0.475352483179001 0.7274026297978351
0.37360406676150754 0.47927243827447963 0.7394355651737319
0.4393277810003879 0.4533890134012909 0.6673769130063726
0.4179756260080124 0.46653880308413753 0.7212889986003118
0.41020913536640885 0.46088703339522985 0.747615658291537
0.4440228433192506 0.4793821771910037 0.6915084631652441
0.38989929692272923 0.5079406882626334 0.751088860386679
0.39587297270302174 0.4880995933423914 0.6870014494354529
0.4825860542856981 0.4694027360409353 0.747799512530385
0.39766865718191613 0.4907071107985663 0.713922036202307
0.40154344759618044 0.4580408976490328 0.7006071507489178
0.37434165072260495 0.47250852676263905 0.700287826062418
0.37561105776525994 0.4575371220620913 0.7097512616921767
0.3824432747444195 0.48370503686306604 0.7473170841724636
0.3993111910305121 0.45280707535462145 0.7241860720592586
0.4118197770774902 0.46790631381174186 0.7090367079863462
0.40363123297087045 0.43872984843419616 0.687423756337497
0.38738087706171476 0.4283609263519425 0.6490408120533528
0.3740507983669006 0.46787482744694586 0.7079299393761
0.3792343770294156 0.4890178059880816 0.6978852976987909
0.4081068149771778 0.47817678553151516 0.7114338085028332
