# full, direct, likely fidelities
0.9990600494779678 0.9978070529293033 0.9991898566860914
0.9990443450310865 0.9974971184519839 0.9991562771565484
0.9990483154392718 0.9978358067696527 0.9990787886111965
0.9990514868504395 0.9976767076009463 0.9991962735473818
0.9990557000334822 0.9979612171100343 0.9992014547158135
0.9990366432538771 0.9976221736188843 0.9991500318357647
0.9990507111178206 0.9977729864957471 0.9991983747264916
0.999039408952745 0.9974169117895453 0.9990786062474696
0.9990646255068029 0.9974105522003606 0.9988739197324804
0.9990465897896248 0.9975681924354335 0.9991803928588251
0.9990340046141901 0.9968842114819941 0.9991411208556789
0.9990513112977609 0.9978632938823491 0.9992065514855969
0.9990367040223449 0.9978158336811234 0.9989742728128183
0.9990415354125187 0.9978287786255605 0.9991233217693373
0.9990465733526775 0.9978660155452695 0.9993181100056672
0.9990600080230857 0.9975782110950085 0.9990426289637904
0.9990396434857999 0.9975496659835367 0.9992057903239402
0.9990413901425332 0.9973708623423881 0.9990424442940609
0.9990365828020958 0.9979174925696259 0.9992717727645912
0.9990538498310866 0.9977491523264306 0.9992389397180589
0.9990639853645008 0.9978477983449494 0.9991582340656054
0.9990455048811916 0.9977942349337932 0.9991431569341783
0.9990410020039647 0.997771386882468 0.9989619169055597
0.9990523525881878 0.9974577664135099 0.999170096501054
0.9990503168139268 0.9979087655815739 0.9992510088823718
0.9990511668478077 0.9975876779555858 0.9990577896212365
0.9990529735512538 0.9978176320959622 0.9991956237174471
0.9990551585990811 0.9976348940426241 0.9990619152338057
0.9990421470449672 0.9979583845693389 0.9991966161275795
0.9990456576166088 0.9977396387119755 0.9992335871060195
0.9990300987793822 0.9973382512461814 0.9991170521439449
0.9990419830138637 0.9977063084658533 0.9991575817127083
0.9990622093633642 0.9976400107765773 0.9991336217509071
0.999043383039938 0.9974432235739162 0.9990599151140753
0.9990343453756466 0.9974177254633695 0.9991421980643618
0.9990473480711568 0.9976900732264056 0.9991529640831096
0.9990431595918507 0.9973423776058821 0.999041724414352
0.9990424546778267 0.9971051674369165 0.9991420189896314
0.999037519904673 0.99764187363893 0.9990332655880199
0.9990378034018786 0.9978231630755918 0.9990752599286117
0.9990597025712556 0.9976016359654162 0.9990958996325188
0.9990547669519534 0.9975143398220537 0.9990659386939127
0.9990496467419726 0.9976383343612408 0.9991317185191343
0.9990487972832565 0.9978229532310364 0.9992182044430695
0.9990513966171438 0.9980358042751558 0.9991694505423542
0.9990573635464497 0.9977565961593419 0.9991972752255108
0.9990288034683826 0.997538191649978 0.9990483298574881
0.9990372200922807 0.9974456679693107 0.999075700361184
0.9990532045045671 0.9974815320934916 0.999086215220458
0.999048078569811 0.9976250113811481 0.9990988842651766
0.9990536935256715 0.9977984713400453 0.9990042085425973
0.999061130135506 0.9976526924787841 0.9992732424168046
0.9990448396929261 0.9978493886680956 0.9992474348482476
0.9990420080684898 0.9978364648133888 0.9990951623507561
0.9990465107985598 0.99780639212491 0.9992563569764159
0.9990431959980648 0.9978345722620521 0.9992110249821596
0.9990409966619633 0.9974909522253885 0.9992798949829703
0.9990309954107636 0.9978528954617785 0.9991132672117826
0.9990465173941889 0.9978586951296085 0.9991553035198922
0.9990463566227729 0.9979481648602662 0.9990883903368776
0.9990440607898373 0.9974990387964269 0.9991041916490183
0.9990453665083358 0.9971441746393633 0.9990521010612431
0.9990491884616076 0.9977254116118563 0.9991012801620348
0.9990430479443484 0.9974901677571044 0.9990955987914296
0.9990481955646618 0.997484196889048 0.9992518824899023
0.9990570448082543 0.9979958213849689 0.9992178338411288
0.9990475018983186 0.997548847514765 0.9991476532917057
0.9990380121232318 0.9973970966116376 0.9990806700996392
0.9990525441066431 0.9975597074147238 0.9990361859642763
0.9990426182916282 0.9973119172179188 0.9991088555660839
0.9990486059818331 0.9977224429290131 0.9991818069902855
0.9990429920128063 0.9971197519472115 0.9989497266910183
0.999061382872538 0.997868995446424 0.9991852177679004
0.9990504491595178 0.9976448114066314 0.9992745197475613
0.9990217044873305 0.9971309121194368 0.9992536052012109
0.9990693443860736 0.9976974263158706 0.9991535803693907
0.9990376587225102 0.997952213747584 0.9991592312177675
0.9990552779316311 0.9978369126489595 0.999243494331461
0.9990491506114892 0.9977863861720881 0.9991835220824558
0.9990489454388964 0.9978270179779439 0.9991611511014534
0.9990506057957539 0.9978028898090028 0.9991877825054852
0.9990352404743317 0.9977288003752321 0.999211396675658
0.9990354686667381 0.9973381195582752 0.9991318962255463
0.9990434438810385 0.997972301065176 0.9991369450291235
0.9990435096343696 0.9973407947173472 0.9990547555965359
0.9990585743136423 0.9976954034804446 0.9992206093648333
0.9990553961300034 0.997337214466369 0.999108826851015
0.999053343905311 0.9976014000818101 0.9989485999939062
0.999054551592739 0.9975486143962808 0.9990579715483202
0.9990283153714388 0.9976114692272675 0.9990281986243259
0.9990519755452476 0.9974230834144213 0.9991792477387684
0.9990437935162263 0.9973715259369103 0.9991928164121764
0.9990265025153227 0.9973532259075095 0.9991240676099893
0.9990549463171905 0.9976327333342256 0.9991665707275998
0.9990504073552217 0.9975370527552245 0.9991641579436263
0.9990692190254152 0.997675311554399 0.9992243643622628
0.9990429616567669 0.9977822309449632 0.999203092214011
0.999049139419253 0.9972859886703559 0.9989844961737475
0.9990559484687299 0.9977275899127039 0.9991246868900991
0.9990502091955002 0.9973788654415433 0.9990630928058046
