# full, direct, likely fidelities
0.990416051286419 0.9747451716337961 0.9891867106999902
0.9905707650975556 0.9747153135472366 0.9906514509966743
0.9906162201354386 0.9721200084865784 0.9911783487594382
0.9905958688467917 0.9722395744986481 0.9897069534476464
0.9905180815261602 0.9749623034149233 0.9908155364585198
0.9905788241459332 0.9738649552584877 0.9914211352819143
0.9904290683743882 0.9727525177726069 0.9917804475469603
0.9905213468981553 0.9742598632696337 0.9902672053836004
0.9904385530087794 0.9723797951171546 0.9899492031013982
0.9905862143877338 0.9737697472444926 0.9906741498780742
0.9907776721666984 0.9751256336026922 0.990459498016695
0.9905011635765427 0.9709610963116404 0.9896835563810608
0.9904110033937786 0.9736660063222502 0.9909571693792598
0.9903283681000262 0.9683734600006293 0.9898764954704331
0.9905257709137552 0.9734981549263667 0.9907988726984276
0.9902828222106282 0.9696557189555419 0.9905446007735887
0.9906177675977316 0.9764931418306804 0.991380774255018
0.9905227501248054 0.9720030907773792 0.9905398483767794
0.9901633409949443 0.9666272665353973 0.9885486269861811
0.990673686127545 0.9735095274406327 0.9913293675508515
0.9907562674405772 0.9739666840211603 0.9912538600790374
0.9907706625722063 0.974956310526431 0.9899985297693293
0.9906047066561093 0.9731860620367544 0.9891949417312851
0.990565466667268 0.9722597035925802 0.9903691180343487
0.9905475673293763 0.9733965320462532 0.9909049739165975
0.9906367921404303 0.9690926502264224 0.9880028182283893
0.9906273398953676 0.9745692050220297 0.9910632306157126
0.9907602907021472 0.9748788189955578 0.9905977098296611
0.9905842532941825 0.9756474179598779 0.990948752812558
0.9906344077631183 0.97270265437244 0.9911135946075885
0.9904330181557064 0.971870139374514 0.9904267160072835
0.9904649656419472 0.9725631558393827 0.99099247982478
0.9908219219471528 0.9738044373216892 0.9894741442770175
0.9905160070020753 0.9749870301529262 0.9915779921042353
0.9904524068996637 0.9707357136809004 0.9920481225113843
0.9905430221500963 0.9743797298491181 0.9912046458824407
0.990268829344908 0.9684002922340094 0.990344936372529
0.9905345269063502 0.9711609989013762 0.9916213330126032
0.9905192011599003 0.9741366628636385 0.9916659592182071
0.990558413361785 0.9726998150054771 0.9899593730196838
0.9904870889521574 0.9761525965452005 0.9910309832838213
0.9904186904222251 0.9698032329765951 0.9901552107175079
0.9906499734086678 0.9763264323084031 0.9923165830908055
0.9905225309720334 0.9739971204343655 0.9905886717037194
0.9905082160125966 0.9772474675997311 0.9918136863429297
0.9906185611380178 0.9736064183959462 0.991630247626982
0.9905500410489364 0.9741256427114925 0.9901569085450583
0.9905135414507473 0.9745923019935044 0.9899187692194702
0.9903756873172386 0.9727514161209417 0.9913035400770293
0.9905846330353046 0.9693207910864058 0.990479824520727
0.9903817994449197 0.973091626987165 0.9909184652001476
0.9907337349410718 0.974675707857437 0.9904887532030804
0.9902439222743854 0.9723026400423075 0.9891587849375106
0.9907361779882965 0.9746219807084324 0.9906705044722374
0.9907002934701727 0.9750471727856954 0.9901430926977192
0.9906449998157763 0.9772861209172912 0.9913268760980527
0.9906552499984829 0.9758414924413247 0.9916283142766803
0.9904967812211068 0.9729582199771223 0.9908479280675886
0.9907292039999653 0.9713090945249419 0.9913927031794723
0.9905952504696895 0.9750098799316954 0.9903184052891099
0.9905076322288876 0.969616128605176 0.9914908649931802
0.9905151876972527 0.9746014351901555 0.9901838090603869
0.990380687704212 0.9771469988190188 0.9914554093964579
0.9904282240671571 0.9751343975720207 0.9903608588644728
0.9904933242570577 0.9734408722781849 0.9897132226562672
0.9907918837209214 0.9729753666823845 0.9902955802313945
0.9907193570642588 0.974715205727384 0.9911187562646879
0.9903531396438288 0.9721850955688701 0.9906617698698317
0.9905512209593783 0.9717677716421151 0.992061975006226
0.9905640890621443 0.9731185679715956 0.9897745813016383
0.9904575822532302 0.9747341970296055 0.9905621767998872
0.9903680297519456 0.9728826382345538 0.9918567982718631
0.9907938085655347 0.9705255623519238 0.990443542000543
0.9905182030601516 0.9740711358555578 0.9906437668916708
0.990451599116092 0.9690636011737035 0.9902472945399374
0.9907066990997518 0.9760231845273071 0.991429397807609
0.9906627538013046 0.9760547022774813 0.9896436046846351
0.9904916555906744 0.9751217257857118 0.9905909160994397
0.9903274930349384 0.9726799147259451 0.9890911661427819
0.9903734369703188 0.9737486657214061 0.9898850708034462
0.9906302314823306 0.9742105764111105 0.989752601086942
0.9906110309283402 0.9732065842083649 0.9909203104211108
0.9902482934262221 0.9699546111381087 0.99121939880464
0.990372906891758 0.9745639811976238 0.9918860973068773
0.9904005724300009 0.9750050066598048 0.9896631152194075
0.9904927756448139 0.966912393064963 0.9906727785848704
0.9905300618516876 0.9754953128670802 0.9909183494006893
0.9905347403789331 0.9690397542574086 0.9907480974512283
0.9903481007394626 0.9680356881632891 0.9891584438557207
0.9904564073105205 0.9749761425022941 0.9909114434798949
0.9906914631399469 0.9714904230089337 0.9904395855535996
0.9905869717271446 0.9713270420643679 0.9921941600645191
0.9904622260992807 0.9735070146998492 0.9911401861910569
0.9903308623935743 0.9654591399075086 0.9885940029278389
0.990525768998501 0.9718153579846339 0.9904140669085384
0.9905692618384251 0.9725901256407872 0.9910769245221609
0.9907493700022042 0.9745158436462918 0.9915805428367911
0.9905615308602064 0.9705416689674098 0.9891344257998028
0.9904630304967633 0.9742589823591271 0.9903748848494832
0.9903654783115703 0.9706344538907985 0.9888549014754209
