# full, direct, likely fidelities
0.9632789913740882 0.955024185669452 0.9817666580393605
0.9637240830904972 0.9496159346266608 0.9824817482180878
0.9640921522078613 0.9515023028638514 0.983015122665081
0.9634849129604847 0.9519522142048038 0.9833492756505514
0.9633446636947163 0.9577858512513453 0.9832430775110035
0.9633681191111487 0.9483147134013747 0.9813451241354577
0.9636239500501937 0.9557432035852396 0.984675336724239
0.9639477881428086 0.951592453861575 0.9813829201220239
0.9635442140488647 0.9483147889563734 0.9827268170561126
0.9632962907383285 0.9491833249111215 0.9824899495033447
0.9636283798042892 0.9490678581794364 0.9821724572049747
0.9633321930849453 0.9540865806012282 0.9868627096717851
0.963471387929009 0.9546731881787119 0.9839081197981124
0.9636305404538598 0.9555892873188594 0.9831316780294214
0.9635045742524756 0.952818828940293 0.981923510266642
0.9636083520948068 0.9461905647539701 0.9850253149738661
0.9640758252138724 0.946633358256772 0.9855609065236752
0.9631382594903076 0.9555705791750932 0.9791457793329248
0.9635444688125755 0.9541666521389114 0.9810154141394047
0.9631244777411365 0.9592079149165564 0.9850343782189999
0.9628569374407898 0.955696725532593 0.9825075644935083
0.9627150252425981 0.9511826620616068 0.9824494181091511
0.9630644019905712 0.947181562354388 0.9819998959528107
0.963013389482403 0.9510911681378258 0.9824270697176827
0.9634044832604208 0.9510700730779027 0.9815719647997458
0.9630683260834819 0.9538301548563883 0.9814328307516215
0.963292797015922 0.9545731536070674 0.982269327226687
0.9632965635614249 0.9461325334347549 0.9793391515071465
0.9633855430998534 0.9566770743730305 0.9841232882832666
0.9632650619441094 0.9499409839894116 0.9828860399604034
0.9635494964483697 0.9470908120557119 0.9824748655646133
0.9634028529137005 0.9547435643390491 0.9845509748845134
0.9635539141103326 0.9533535326987739 0.9831246762476181
0.9631124325984228 0.9545065537856603 0.9825607560793235
0.9631797501466373 0.9516504734105953 0.9830007484702526
0.9632976771429798 0.9574722794769285 0.9825171759809349
0.9629784283844183 0.9547708084268414 0.9787639377936854
0.9632830582923043 0.9510394315509303 0.9834516805550422
0.9635634033943835 0.9474438426510639 0.9800492363063489
0.9639537046142443 0.9543472099730869 0.9839614943320629
0.9633286076742985 0.9507257531452142 0.9817654851251436
0.9627529142782066 0.9523446055552262 0.9850303932044151
0.9638689055092095 0.9533951755069701 0.9800147742000125
0.9627634719380478 0.952035757307711 0.9845917050740931
0.9630599141436174 0.9600807707621989 0.9843479809673163
0.963026468983484 0.9567625243088568 0.9846358205718647
0.9641974717212286 0.9460889178730768 0.9825461008258338
0.9634412940207069 0.9528354327144838 0.9837486674094665
0.963063228616455 0.9519444960835368 0.9818913075588279
0.9630696824718838 0.9530036001430425 0.9835999374095278
0.9633705398029757 0.9578831690798322 0.9829510977721955
0.9633708487154375 0.947301762197916 0.9847963173519835
0.9634146476849442 0.9490683508982344 0.9803364699458302
0.9633077624341078 0.9550154175296481 0.9850371388294751
0.9632302159940306 0.9508741974544014 0.9839475939626469
0.9631542047715403 0.9476376723877349 0.9821068487198005
0.9633072491797321 0.9474037773600545 0.9827335825104582
0.9632675020096809 0.9543142036612455 0.9825743661082987
0.9630664990000721 0.9510290624190952 0.983888912728739
0.9634738083015925 0.952608327418257 0.983319588721388
0.9631394230018084 0.9499399397553717 0.9833980443990674
0.9636001107084735 0.9485727226543512 0.9816494485674838
0.9630711149874847 0.9502899756376296 0.9817784780311097
0.9634137377317937 0.9539802168784888 0.982265200085115
0.9627379070850753 0.947816260971894 0.9820965642470139
0.9633054043645248 0.9560434303067108 0.9811074057502365
0.9633197742716342 0.9519495522886743 0.9831035792755536
0.9638101645251027 0.9538739243546783 0.9814618328414672
0.963266203427279 0.9505755058407135 0.9823132809174815
0.9636861732388313 0.9479213635384551 0.9835019635518971
0.9630451210791873 0.9496777956126897 0.9826826791445256
0.9629189414220597 0.9499285615029617 0.9817408082911144
0.9635912088911252 0.953034392263796 0.9842400225338067
0.96301815867352 0.9525429165603208 0.9807662992006664
0.963010463195488 0.9503333091687869 0.9817533214911328
0.9633659170632032 0.9494973692731713 0.9813005841746579
0.9633328047825921 0.9555101658375592 0.9830122819038716
0.9634682660820563 0.9499298318829293 0.9845215149870553
0.9635331806584664 0.9568610067037684 0.9835245074002045
0.9634294896844844 0.9539437983092297 0.9820333922202756
0.9630040081574125 0.953386826869389 0.9834429203239241
0.9635690801564794 0.9470319657635943 0.9802672772102237
0.963571621021917 0.9546149365985814 0.979522533050524
0.9628927136878742 0.9469957520650225 0.9844883100423044
0.9628830303056897 0.9452518924445268 0.9798966520166579
0.9633696572850494 0.953616964542303 0.9829728393115711
0.9638245493041439 0.9517287725729013 0.9838682117524219
0.9632322517201293 0.9544755870460276 0.9820947925652397
0.9631232914085813 0.9496417237683198 0.9847238128699386
0.9634417675939075 0.943289113036218 0.9825625763716371
0.9635130382926879 0.9497525758658812 0.9822728552522163
0.9627714868307425 0.9504537849308144 0.9815392648857859
0.9634537963927544 0.9514194409801591 0.9806254866668762
0.9633331250809823 0.9515088009852909 0.9841066121326
0.9631016109545484 0.9522341955766747 0.9830728754396245
0.9633492385488551 0.9487207692380293 0.9830224690405779
0.9634593100118661 0.9559768026702983 0.9840089461664173
0.9631129939303991 0.951332249453968 0.9806317054874174
0.9635653429324084 0.9527205319916133 0.9815518009448986
0.9631023810551878 0.9471351493711151 0.9822675492948618
