# full, direct, likely fidelities
0.34860253929512103 0.4912522027401768 0.7071517350934436
0.36559543365750524 0.5095412665587394 0.7132188184844054
0.36242048666174803 0.5179166520893655 0.744154313271889
0.36455371264347547 0.4913108922398375 0.7053500157908686
0.35943251602902093 0.5089948253838176 0.7323361354039932
0.3725523549163999 0.4893766533160151 0.6349440636196895
0.3529861296867485 0.5143475813179241 0.7377322556466182
0.3604772325540968 0.49847604885766855 0.7199902937420621
0.34533919751108105 0.5076136925004845 0.6855518168644082
0.38486790839972146 0.5098951117724981 0.7258102119873207
0.3701135642307512 0.490795018838783 0.7102794342814212
0.37293667471729347 0.4800139671321361 0.6954122556420725
0.39675584364380384 0.4898243343055309 0.708126615891245
0.3744151576534025 0.49984599854033296 0.7216683343311537
0.3716692737249305 0.5098338733043577 0.7194446470036382
0.36229615238464397 0.4826747275752038 0.7272219474039598
0.3624291186322792 0.5026981905439247 0.7427934335235599
0.3860776796616922 0.5056036480581931 0.7376383796608399
0.37917800105374017 0.5134211913533969 0.7240065595409729
0.35033971900081995 0.5000785582103932 0.7261310408866031
0.383142953244016 0.5076427893692916 0.7166813851547402
0.3623889190912204 0.5166140380821551 0.7260127946972649
0.3809316982291022 0.4984238531691316 0.7305399219931826
0.38265897576204816 0.48833872713730675 0.7047028749486052
0.36227990319352077 0.5105542302538802 0.7240588265549459
0.39187784909126555 0.5014194402404688 0.7183014820291813
0.3691638678501586 0.4895026847535382 0.7073156213191264
0.3544213666685259 0.5112523878716863 0.7240192862922987
0.3793756805166824 0.5014353282095267 0.7338405896095214
0.3381135182404198 0.5040399601474603 0.7487234688363369
0.36209023794628103 0.5129999831593552 0.7464761309435217
0.36412710201511367 0.48924506049915795 0.7080269454526714
0.36004533925016724 0.5015024922156228 0.7273991868907516
0.3708182610527077 0.4983653235393111 0.7105451729128387
0.376846671981129 0.5281426709977491 0.7211052501912099
0.36916927788372444 0.5112218107962747 0.7009585999518605
0.35991899245903597 0.4831435677867078 0.6896395562977883
0.35794792936549547 0.5124184668226319 0.7559481122709696
0.352550068234107 0.49554990809272315 0.6972651935459195
0.3680784931909213 0.5056910521044502 0.7472927683336555
0.37393329914800716 0.5029066765462021 0.6807478599351565
0.3579384901918718 0.4890619658942071 0.6626574786163301
0.38106259272382614 0.49585626451121095 0.6348079739155681
0.3751187942737704 0.4970518792676589 0.6991905632381997
0.3884053939226961 0.5075067147629643 0.7283512494641601
0.34991249279678294 0.5027372371834796 0.7193959693670096
0.3717248724841292 0.5135804462695021 0.7403663511363356
0.37541623909153615 0.525419021098254 0.7409012818294353
0.37514620047931024 0.4893812321699202 0.6991305725976753
0.35855123670882183 0.49530901959392726 0.7123426635238425
0.36580914484156746 0.5048330873119908 0.7490702499999935
0.3493445508173868 0.5072851690999455 0.7358283164911092
0.39372006615547717 0.48850601489408874 0.7547753102821368
0.37035942204396344 0.502843892964859 0.7191326588662493
0.3669250917011273 0.4967246135931262 0.7112116909169719
0.37453399086234207 0.49093475791654656 0.6798672026457521
0.38710105079735413 0.4899590122530679 0.7192388082526427
0.3624032673624417 0.5122015012652167 0.743285413619239
0.38377927318629657 0.514347781213062 0.7132347619125329
0.3588181660943173 0.5047944595531197 0.7572805340391362
0.3644106248399737 0.487162443560926 0.7295460480642936
0.38578701398184645 0.4860169187826207 0.7014241872627466
0.37779566874657255 0.4881855054778814 0.6995233230226818
0.37529037219655775 0.5057111639663198 0.7021942305952221
0.3826057452340069 0.4874955474441034 0.6996055232361316
0.36610889072492286 0.502838380746999 0.6975522646954286
0.37928328872260664 0.5111599025136563 0.72890687695383
0.36593726829759354 0.5038477351443508 0.7090436700262025
0.35992062611253695 0.4853312807225634 0.687893168287257
0.37539121724558794 0.49097331236326247 0.7048923805802486
0.35679758354264474 0.49529033100230835 0.7081606393521204
0.399873844092497 0.4877547454795039 0.6990338568123273
0.3720849809294555 0.5110956313752715 0.7199899086402195
0.3549288627294186 0.4786653688988235 0.7277051906467128
0.3757586135689514 0.4886552633645657 0.7149816673034073
0.3643830579031249 0.508988369153844 0.7420404421868844
0.3613206936940548 0.503727974497317 0.7170190912869279
0.34743955154578815 0.5090963536512252 0.6893767964525614
0.35981415604550465 0.5008698368625699 0.7226127037650628
0.37878303821967546 0.5002592358751943 0.7052191940187474
0.3984764555939745 0.505165310895328 0.7135181869618235
0.35500695919864955 0.48553415864580335 0.6889355450279738
0.3742780875154086 0.5041375066132223 0.7233844638226353
0.37836183093298126 0.49943078952654785 0.6891681572463453
0.36732457092484444 0.5045799191355027 0.720407425153517
0.35357899279716026 0.49491974130045957 0.7229600545752943
0.3687158350121443 0.499059614406448 0.6812780332514115
0.3548463232670854 0.5001219202657585 0.7496574050683689
0.3686142211084384 0.49395777045925976 0.6788016683768096
0.3622902135186163 0.4790754142090276 0.6874433132028932
0.3725750871844299 0.5001179664511073 0.7429721193098985
0.3565373583316181 0.48457359907052405 0.7161222681389002
0.36485828132320475 0.4974209279911285 0.7354454249593065
0.36988139462938796 0.485743261677638 0.7166705055450585
0.35867522721261125 0.4940382397471333 0.7074714608290021
0.3796517328424342 0.49364772739035906 0.7425298062640179
0.3588093677682381 0.5139033373525502 0.7027069038796944
0.39808624850243124 0.4898859830698355 0.7001014572840379
0.3700089160261218 0.507541374255586 0.6737951102115355
0.34253233563484614 0.5114219729994126 0.7489794406335755
