# full, direct, likely fidelities
0.9994477366580667 0.9914540701148723 0.9970980598255832
0.999457213299087 0.9916166521126327 0.9966640471771784
0.9994870317437112 0.9897554432248179 0.9957923714568909
0.9994751089268368 0.9877863732080373 0.9952264187086678
0.9994604638933189 0.9856829788693201 0.9957554995288961
0.9994607044820982 0.9900688559817042 0.9964697002773467
0.9995079949123244 0.9908118597503263 0.996505511033413
0.999506645574237 0.991627584538026 0.9965111030171144
0.9995067150488002 0.9904653578964968 0.9971108934794175
0.9994886179292519 0.9894973432190036 0.9965891745815343
0.9994914202296932 0.99218891169303 0.9965976268339105
0.9994652493723949 0.9898284587740862 0.9963317865650388
0.9994652632369561 0.9902797108220402 0.9959506455749743
0.9994860357725023 0.9909582901328261 0.9965846356222936
0.9994834359068804 0.9892529776222504 0.9965570637037621
0.9994723112191067 0.9879825507892182 0.9967924824415936
0.9994907146268129 0.9923030194583913 0.9974748465836882
0.9994883418669748 0.9920754911302446 0.9960101356168221
0.9994769359110994 0.9892658122734267 0.995559465094076
0.9994730658206548 0.9895746906839836 0.9957530854355597
0.9994508896400484 0.9884144481414734 0.9964238184037484
0.9994674944414091 0.9868659548978469 0.9950287998357923
0.9994570202450189 0.9900351417573509 0.9969783842610787
0.9994713247846422 0.9909352031239499 0.9961055759189249
0.9994840807075243 0.9904887867715579 0.9971187477959923
0.9994714638280694 0.9891311099276906 0.9962580006469629
0.9994803484063706 0.9917307196544175 0.9960758282106369
0.9994950176720717 0.9906858577601868 0.99641458933605
0.9994788371431101 0.9895214729025833 0.9959128350603044
0.99949226584603 0.9896646310270432 0.995787547961603
0.9994765314464432 0.9904920623743709 0.9952601963633245
0.9994792864078507 0.991095797740212 0.9968201528743983
0.9994618561343477 0.9906291333211475 0.9965013160895732
0.9994928315148705 0.9893098437926628 0.9963239878230747
0.9994611324571105 0.9897508381667959 0.9963484948342677
0.9994582937107863 0.9879895954219157 0.9954123685512932
0.9994831329008989 0.9885979944074587 0.9951585996025463
0.9994731677542827 0.9882637667597748 0.9966783167295703
0.9995054703144265 0.9907332916355023 0.9964146742238013
0.9994793961936319 0.9893526594019686 0.9962838901608282
0.9995031240805589 0.9884490511052435 0.9962736874646322
0.9994768959741999 0.991238432687079 0.9966507222641251
0.9994821343811785 0.9901117480326013 0.9967142723679793
0.9994945265134173 0.9916763567366519 0.9967441882443315
0.9994944016138554 0.9920253503067834 0.9963314301741054
0.9994838062085664 0.9912342698340899 0.9969864845432231
0.999514822866465 0.9898948609819667 0.9967777236435117
0.9995000431570187 0.9891886279756568 0.9962415254020723
0.9994913713143697 0.9900364040196433 0.9968053953487602
0.9994918469950568 0.9891693079341489 0.9961905228233824
0.9994943822054093 0.990642362357927 0.9963511106504847
0.9994851575406408 0.988676464339086 0.9959807526219432
0.9994851230849818 0.9906633787484893 0.9967022865515589
0.9994683324044873 0.9896944493583607 0.9962260335451011
0.9994555455179296 0.9915284789620583 0.9968240953246489
0.9994864734965986 0.9886283718008739 0.9955255826068227
0.9995028473250599 0.9909105928470067 0.9961523680603006
0.9994944034313538 0.9895604639440871 0.9963368001103855
0.9995078230673324 0.9908777698936981 0.9952878357544291
0.9994753138444769 0.9906162037200724 0.9965210794200885
0.9994949153948539 0.9915003317751712 0.9968209062014669
0.999446197930217 0.9888322386302885 0.9960367478274748
0.9994919102224911 0.9931883887740199 0.9967993932421485
0.9994900346791978 0.9909718483138129 0.9969861626579655
0.9994627465903633 0.9897536871135683 0.9966631105469563
0.9994706707751283 0.9884502279701596 0.9969749988604997
0.9994706789073958 0.9915568498352586 0.9964626276284235
0.9995030064549982 0.9907026613627844 0.9967718713138048
0.9994753065427444 0.989759822681454 0.996462487408887
0.9994886973331556 0.9906562590049198 0.9966459327521883
0.9994617826563067 0.9903884295534161 0.9963427739390754
0.9994923722531335 0.9886967174309633 0.9967727577704167
0.999506304621579 0.990728848723947 0.9963608654464748
0.9994968993935132 0.988431480471825 0.9965810330027511
0.9994697260043753 0.9904356956952567 0.9963968475916507
0.9994757866370906 0.9907774446654193 0.9957278015724004
0.99946540091555 0.9878153937548158 0.9965759601514028
0.9994574937329723 0.9895323615096434 0.995748114418178
0.9994679076088758 0.9903776891054729 0.9962676449628858
0.9994752186776553 0.9894791615183475 0.9968572853147919
0.9994935626379604 0.9895655469056873 0.9970648008092762
0.9994872811822724 0.989589886989431 0.9955792903783587
0.9994485514271277 0.9904827378984412 0.9956406058282706
0.9994587818010867 0.9890034517478659 0.9965107041876354
0.9994729444959026 0.9891971143613517 0.9962773710466074
0.9994569521552962 0.9872352951053927 0.9959187294455345
0.9994924775454909 0.9912367398210575 0.9958236198232457
0.9994614572199804 0.9888566213880686 0.9970101826517418
0.9994756289167122 0.99134732459109 0.9967811134396597
0.9995043820021833 0.98945895109959 0.9972978695848872
0.9994635834851484 0.989648261374046 0.9956135530296589
0.9994746398551902 0.9901187822765718 0.9961089959950885
0.9994740935067559 0.9912941335432102 0.996425803002332
0.9995039555641938 0.9895998843288147 0.9960091596288342
0.9994806310606771 0.9907155786727952 0.9953606847858142
0.9994782543955193 0.9909856426811106 0.9958367495688719
0.9995173116179179 0.9899700899549027 0.9960659890552367
0.9994619076650448 0.9871485096948209 0.9961229745478418
0.9994281102979943 0.9910298651303429 0.9960028721242983
0.9995024628545364 0.9905293152587098 0.9962984596871425
