# full, direct, likely fidelities
0.5475984457913214 0.6318553996294317 0.8314864078127348
0.5020569490847474 0.6583825166380805 0.8319925787659398
0.5091099387103033 0.6402079297760388 0.8266073324107014
0.519599007911179 0.6558872557418176 0.8372852727390386
0.5591867465220086 0.6372429621710621 0.8465712182410987
0.5285807685848357 0.6501040569951068 0.827581397038394
0.5253832199186848 0.6673179004671985 0.8502379670638759
0.5282106386948121 0.6535249722446904 0.8326438657816116
0.5471613929248121 0.6475101118779153 0.8335001402350466
0.5307479384580199 0.6560344594353783 0.8460403239757798
0.5227592406290344 0.6475237170028699 0.8483075937475486
0.5307487360535577 0.6191524111611347 0.8450673522584938
0.5343613309411954 0.6881153848248172 0.8664198680631443
0.5327357997258523 0.6715537460843954 0.8567310965475755
0.5332538525102192 0.6684911634473005 0.8613060118852851
0.5285832127752377 0.6515190657256059 0.8605859877286255
0.5242552889877773 0.6790526998052104 0.8404636787154002
0.48548344934844645 0.6766766249091142 0.8644333916865938
0.5557815996710886 0.6582209362516231 0.8592242521719811
0.5331075502231108 0.649071830663555 0.8167800773733445
0.4938418889390646 0.6608647668547868 0.8552802644264251
0.5414091190088843 0.6289110658842505 0.8162432558537804
0.5483787072305045 0.623639056028428 0.8406330397763032
0.5151974639559742 0.6602954137355124 0.8356714207816944
0.5056646751007984 0.6555374262108864 0.8405370743083697
0.5198787334464159 0.6564407494487493 0.8484331289575985
0.5306535414900964 0.670917734879416 0.8373698933913905
0.5117625955699298 0.6645537898125669 0.8245973827990755
0.5275487253046948 0.6862397540250192 0.8580749050621637
0.5269184932678121 0.6615037346027685 0.8243093534351177
0.5696256297710741 0.638350180354217 0.8185275141515693
0.5378279971995337 0.6413685622747284 0.8297543266289307
0.5592296127847399 0.618212235463221 0.8385540996649976
0.5417546116179048 0.65207367708115 0.8446937627291815
0.5039213485545337 0.6458477666137172 0.8478757022336532
0.5251311111290428 0.6519164965666309 0.8532529266690505
0.5625701104473445 0.6594196343107642 0.8354022475475705
0.5226002274392834 0.6643216317114379 0.8407194547769092
0.5386620051822858 0.6430375704674242 0.8387053466383959
0.5416326487841945 0.6484521168809321 0.8435313991540445
0.5153511618133195 0.6669520006938532 0.8438698703750083
0.5271233904788755 0.6554015448996554 0.8466155798965128
0.5273340262845356 0.6202366225789893 0.817622387483205
0.526518401500437 0.6607311307985749 0.8569429387342379
0.5416748949652634 0.6733983676652975 0.8500194104174058
0.5212792093934023 0.6549904496148455 0.853379126868031
0.5524389448721643 0.6504660404368097 0.8137894503568618
0.5244348284188239 0.6368987413068633 0.8418351546799234
0.5388104452404379 0.6683798309892836 0.8335053236521712
0.5472289518218704 0.6639676538067949 0.8264853349512923
0.5184369538379134 0.6425801700634727 0.8453446407373344
0.512737695019088 0.6618516542609986 0.8436857263409583
0.52650288107632 0.6286992709896789 0.8415728969133195
0.5497349100278324 0.6697183281444702 0.8254530797369702
0.5487262332632922 0.6241384153373841 0.8107280730180911
0.5411171919698909 0.6269798011088188 0.8280621404852629
0.5680299513266157 0.6286292346956799 0.824064166955932
0.5603343505439369 0.6515372564254057 0.8290718196077755
0.5408791818566737 0.6499160446405471 0.8457403785865886
0.5912282121069434 0.6298099749854178 0.8492845728325432
0.5429915312167263 0.6669627507056238 0.8369107611290975
0.5699158140303341 0.63063706273261 0.8293373019501808
0.543928943711723 0.6287414396127172 0.8319724637817428
0.550928088595812 0.6394677139062194 0.8329804836579509
0.5045392598976004 0.6771937343377212 0.8577665904293814
0.518258855230558 0.6694100750458412 0.841938093707796
0.54122005634857 0.6401848489530433 0.852279569327346
0.5551284950609098 0.6739005022527622 0.8651438688721781
0.5312854731017927 0.6312351905781052 0.8270215968527176
0.537210148464468 0.6359808875602994 0.8433698151700747
0.5634798683956707 0.6197929829787158 0.8430615671580098
0.5396983968157817 0.643062996344521 0.8331239037773596
0.5310586759958169 0.6454091539312505 0.8283833578065066
0.5605284959350052 0.6237364544134301 0.8473053810992633
0.5594394184032131 0.6551534000574107 0.8120073415334992
0.5307785015463584 0.648501454720054 0.8450219036252622
0.5334174198019662 0.6804586650020783 0.8543856418638743
0.5671334926782271 0.6327062949484598 0.8407411860612661
0.5580934746393712 0.619067278048086 0.8183047086370074
0.5240425335837945 0.6644445615596098 0.8390472211026916
0.5099730460976467 0.6572287655479456 0.847265345032747
0.5672307379067361 0.6340955662765166 0.8234879883893118
0.5493368899102257 0.6386966416496529 0.8250366950608262
0.5429143779136544 0.6035754056515359 0.807108233815906
0.5703066550258981 0.6240516671110851 0.8121196775482578
0.5240890356576725 0.669622492532147 0.8443648144017382
0.5279563951657599 0.6505336675527754 0.844276014363805
0.6005354641179802 0.6333111706514669 0.8089546274819448
0.5307143192105336 0.6587650036083225 0.8282376593099663
0.538110085101303 0.6261617865559047 0.837716752541482
0.5120251677957881 0.6558211547990427 0.8228991930986087
0.5103731642587027 0.6548045207308394 0.8475414469445676
0.5151145620868424 0.6430251377373051 0.842416972939725
0.5354550156269526 0.6875634839855129 0.8543825930700026
0.542382944832281 0.6614814236465447 0.8531625439159035
0.5374499380955584 0.6284429479490525 0.8300819468209779
0.5187805416261059 0.6416314244345356 0.8327829393151303
0.5110832040935182 0.6508409203817542 0.8393093408510572
0.5142812366361064 0.632618278766337 0.8446070927308015
0.5440793973072804 0.6568180817505634 0.8294090587314518
