# full, direct, likely fidelities
0.626035828850007 0.8098564878692602 0.9251930107786325
0.6407792003547337 0.7793427851922533 0.9159858735539876
0.6404788056417012 0.81609543826427 0.9251313420621062
0.6390425336416115 0.8058256423227089 0.9195044658067411
0.6367015956318519 0.8062491536485397 0.9212258703637656
0.644622820080542 0.8013505133624299 0.9167441419630789
0.6330735578988167 0.8107944031861225 0.9238875595703435
0.6374479499170099 0.7966665673877047 0.9173735332983256
0.6268700187638265 0.8263631726010793 0.9204029409663437
0.6572584642421371 0.7982408334276875 0.9216660118110908
0.6409902923409577 0.8079106861719841 0.9161020293360898
0.6479857139373054 0.7891512659175532 0.9101911988796265
0.6610431394528069 0.7940147123052728 0.9132662022076516
0.6482506900133306 0.8121286890421098 0.9205303162001499
0.6446476260251588 0.8140280072996465 0.9194346072554551
0.6369383134315025 0.7890083886583159 0.9123879127478377
0.6373806386636348 0.7997326429974967 0.9194075859029737
0.6523616867380297 0.7977154462783943 0.9186328523133076
0.6502557694762392 0.8039144624269208 0.9231985975957564
0.6320129689824602 0.8131155277748038 0.924773652492997
0.650208939874276 0.798696656746598 0.9142055761766683
0.6395708322913701 0.8081312167123578 0.9208850835872974
0.6527787158795828 0.7959417660147206 0.9124648578020662
0.6540844747118671 0.7951656455847443 0.9085658351565545
0.6370677521400339 0.7966251353261603 0.9212160556679088
0.6553243544164189 0.8066875968930923 0.9133101944474762
0.6447208863901636 0.8039637745123215 0.9230612772773672
0.6337967830426616 0.8163456848516877 0.9182671240334913
0.6501672139162119 0.8008748206920843 0.919430967556323
0.6200750698174528 0.8106022404286924 0.9224632690564578
0.6361945353255676 0.8057884265219505 0.9193060244942952
0.6374020067111248 0.813479636818338 0.9227277544559847
0.6358080164273306 0.8138693519198027 0.9228476127626714
0.6432261229315503 0.7929917688059643 0.9183705345783496
0.6474189099589577 0.80246324050997 0.9162002175460917
0.6427004306068717 0.7986859430261639 0.9098053153863213
0.6357034767372541 0.8026363611731975 0.9210210461755339
0.6364329053587784 0.808165991522005 0.9217065601730922
0.6320498849570315 0.8118320943021882 0.9241817869102684
0.6447898112452395 0.8042538872822735 0.9230396985153558
0.6438233936736416 0.7976633585832386 0.9211346509232539
0.6351197262590238 0.8035964745877976 0.9060563985032272
0.6495186533625247 0.7914871531357698 0.9152292325515409
0.6478477447355524 0.7972815896811567 0.9219803211236636
0.6542850266535016 0.791459827385398 0.9118679581297933
0.6295850467105444 0.8147153175937875 0.9217018702165546
0.6419523591871661 0.8013910941743815 0.9189441028911357
0.64762834855152 0.8108540987523721 0.9191794126825578
0.6466641631277347 0.8087818540046099 0.9145181395801745
0.6343523116924874 0.8015976431775982 0.9183432605877715
0.642868363738347 0.8118320064013134 0.9178169151103431
0.6304712569336516 0.7899762820410273 0.917063578916874
0.6572355275587136 0.8087242115125355 0.9305524426601341
0.6458030373257817 0.810337821223158 0.9191130638278479
0.6432942348145283 0.8038775389552906 0.9221960024705238
0.6450301492304952 0.805007301344167 0.9196788618085695
0.6540794267624872 0.7956103227024974 0.9227401499076939
0.6414550812872074 0.7986900116315289 0.9168386741412646
0.6506978511416892 0.7990738025333292 0.9234190448956129
0.6371085321152717 0.810124857904979 0.9195242807199902
0.6369733775228462 0.8156074397962999 0.9241281715910078
0.6529323722253841 0.7989552881324719 0.9196495926359498
0.6486817707893925 0.7925841149658702 0.9175375700116725
0.6459955363685345 0.8079150167679192 0.9199261169957259
0.649820953233978 0.8170062135668088 0.9255051721400059
0.6418700361962262 0.8009215314232665 0.9122544725102177
0.649884484235187 0.7925147628532919 0.9176924358817461
0.6412981700605956 0.8142263385221419 0.9219697499177029
0.6367283934161522 0.8033793029289089 0.9110994569896533
0.647785491473027 0.7910754728764092 0.905686983965328
0.63454737807839 0.7935168242852081 0.9166394119801148
0.6593865232781387 0.800349853564338 0.9153949415941736
0.6474636392405374 0.8048661539373938 0.9186810243941371
0.6337230129255458 0.8034292276261769 0.917060364105145
0.6477612739727605 0.786322602100482 0.9105293463663922
0.6381974284071809 0.8060801453749241 0.9198430794609976
0.6377408473820096 0.8055907166543743 0.9178923527985334
0.6296688678474832 0.808133422083075 0.9211810658227352
0.638742947075272 0.7969779231581765 0.9234288936599477
0.6454168539189941 0.8100634360698427 0.9228159487818071
0.6631903376862919 0.7836215961187637 0.9060765881017101
0.6335815205917438 0.8093887160850962 0.9156868518303832
0.6462114390150944 0.7943231914869342 0.9130590589019761
0.6479409103601036 0.7971296871327193 0.9058238648740258
0.6423578572926041 0.8118742850373368 0.923094098627478
0.6302873412841954 0.814741454264374 0.922657062504609
0.6417717373247792 0.8097711260855357 0.9189908321293815
0.6326412659809473 0.8052675199133587 0.9178315977079982
0.6457331058984351 0.7963224116709471 0.9213764032914274
0.6403284371218034 0.8108218368498654 0.9187734996625505
0.6421738373027925 0.7905182451164021 0.9191885575897761
0.6346555873481315 0.8079067365567566 0.9138952181648777
0.6437052370980887 0.8053424757197524 0.9242572982006794
0.6445555326233354 0.7970162430909412 0.9167497627779123
0.6379906949986466 0.7918136669605317 0.9135392696733708
0.6511790386523768 0.8039772188428547 0.9140669667368344
0.6332776571839881 0.7924523365725137 0.9095103762062071
0.6639001050973882 0.7764908297073674 0.9131299248838747
0.6434356741680588 0.808330324251867 0.9210480769156342
0.6238685929821725 0.8017404353059039 0.911588460301901
