# full, direct, likely fidelities
0.9924144260633116 0.9947884621146392 0.9979991352200098
0.992592984305765 0.9944718286322001 0.9979371119094701
0.9926564716240235 0.9946378178167562 0.9977205492675296
0.9925692431843324 0.9938909802230578 0.9978415741199991
0.9924430239887262 0.9940837949623148 0.9977941422917783
0.9925276292153266 0.9939893151607913 0.9977430295714863
0.9925961585243236 0.9944704664075189 0.9980418683977099
0.9925862821128845 0.9950236106281871 0.9980756831462279
0.9924821907686258 0.9945555987943915 0.9979887922645081
0.9925585557547657 0.9944916191362979 0.9982182220085467
0.9926215133697875 0.9941922518903087 0.9979733807239737
0.9924886248632996 0.9939970558063439 0.9979726206691005
0.99248270782882 0.9948161879754726 0.9981572736952316
0.9925801455022437 0.9946292745445708 0.9979013254102382
0.9924895836154074 0.9943338460638281 0.9978787220181955
0.9925558623883272 0.9941908093884325 0.9981912919127486
0.9925637921121516 0.9946150299486033 0.9978320312228436
0.992729246219039 0.9946196279522256 0.9978538941058596
0.9924921058577633 0.9938340691207491 0.9978596899835354
0.9925493091199129 0.9942779518628344 0.9978681388724707
0.992742137890931 0.9949114321218233 0.9979765845243322
0.9925100102150199 0.9946737879839366 0.998085141729305
0.9925196964299118 0.9940405409900713 0.9980181621739914
0.9925685027206574 0.994342664630146 0.9980908852139913
0.9926655290737408 0.9947678281873076 0.9981679036506488
0.9926008016798448 0.9947623363579412 0.9979035874612187
0.9925064112072627 0.9942329033600488 0.998164820298068
0.9925857446480755 0.9942508296841548 0.9978089992110236
0.9925588028752362 0.9946696902902614 0.9979762423157857
0.9925265694685517 0.9951967025623074 0.998104725511531
0.9923728114104943 0.9932934163616223 0.9980862297825026
0.9925159835758541 0.9945911172881321 0.9979167058347471
0.9923691806253485 0.9936495241556946 0.9982302668794658
0.9925107430728943 0.9934671611896562 0.9979267886469406
0.9926537299394819 0.994759727041072 0.9977454858171853
0.9925335432140394 0.9939650714942234 0.997717170265021
0.9924106405664098 0.994281051316147 0.997961954479575
0.9925680393884299 0.9940156015083752 0.9980370008999041
0.9925389740726446 0.9948249000403555 0.9980210926967813
0.992483919611891 0.9941039960445387 0.9981667346279784
0.9926140291411966 0.9948077155455646 0.9982516478525867
0.9925516882320771 0.9943743541938959 0.998086242992152
0.99253449176195 0.99454294815414 0.9980212454477493
0.9925582888032316 0.9947870494704707 0.997784541994401
0.9924965999136272 0.9944185337266909 0.9979572936395646
0.9925923446345755 0.9946560185496299 0.9979212853356403
0.9924755462108377 0.9946123784667681 0.9981125191652588
0.9925784112964707 0.994298241422122 0.998041916117139
0.9925537302083735 0.9943171225423431 0.9981563379527018
0.992444961296235 0.9941147219669371 0.997906624168659
0.9926152160900933 0.9945953441033023 0.9980367444691658
0.9926656271404286 0.9945162865609919 0.9979992862915421
0.9925855365313659 0.994525586640958 0.9978589537179015
0.9924287703787594 0.9946635427739186 0.9978229662869844
0.9924827909836529 0.9946961794159653 0.9979611935424731
0.9924533004518129 0.9943511447657679 0.9979802247154602
0.9923793194903509 0.9934936389772117 0.9974933365246761
0.9924511940713412 0.9942602970929613 0.9979181388015008
0.9925235159855662 0.99482690262977 0.9978200426777866
0.9923246731594085 0.9943887276728689 0.9981249446853778
0.9924790219785519 0.9944867807626127 0.9980589648136083
0.9924443151582449 0.9938336308828446 0.9978322730360837
0.9924316105077816 0.9939024578140537 0.9978962058350086
0.9925061056052451 0.9928824579225185 0.9979174490339804
0.9926388063223043 0.994595707494945 0.9980445145786294
0.9926204089468076 0.9951356199574463 0.9979872991311252
0.9925182902906091 0.9942218023370543 0.9978721859611354
0.9924434518862342 0.9940498210323054 0.9977100121487322
0.9925467601649551 0.9948346947223538 0.9982573475571772
0.9925415139680035 0.9944245549398926 0.9981893598551899
0.9923815919153642 0.9938483622095282 0.9980348865811954
0.9925188751022688 0.994454680540933 0.997948542962199
0.9925258108989263 0.9940161653642936 0.9979357777971453
0.9923745552995242 0.9942782097684991 0.9977875317781266
0.9924412640348788 0.994709888047446 0.9977899333407405
0.9925324748152023 0.9934989363146755 0.9977823319700498
0.9925402667107337 0.9946659220315699 0.997848878205529
0.9923930262471813 0.9939225046376134 0.9978264425044623
0.9924162365068503 0.9939230200940277 0.9978920657224523
0.992598385643917 0.9949342765736703 0.9980540304411919
0.9926217460981323 0.9943843202897582 0.9979334330333317
0.9923728289265272 0.9932028985695265 0.9973260898289121
0.9924309203714274 0.9941649664675064 0.9979513874589114
0.9924551364550361 0.9940401541167722 0.9983334764860564
0.9924093254463167 0.993109422628624 0.9980774631552923
0.9925391853684679 0.9945332024755192 0.9978565620968682
0.9925126876348365 0.9942127985990248 0.9977229610417273
0.9922671319306656 0.9936070626855663 0.9977200496725743
0.9925230940125718 0.9941576831883026 0.9982102801789308
0.9925060879220623 0.9942971337385417 0.9979333572429004
0.9926315312107754 0.9948164271710275 0.9979857127807329
0.9926260179889916 0.9945425782374117 0.9979615787210575
0.9925924591428212 0.9948974322039459 0.9978039359356268
0.9925257774982966 0.994650901319404 0.9979119398175785
0.9925100111155049 0.9940647910547987 0.9980384192359504
0.9925143450932025 0.9943516735984735 0.9980463233335914
0.9926152246353198 0.9941239906509757 0.9978966622808136
0.9926343910486741 0.9943598866715747 0.9978857531066291
0.9926255946624081 0.9943219867183618 0.9980014387285925
0.9925012623819693 0.9934963383917003 0.9976785080400751
