# full, direct, likely fidelities
0.6932250162358368 0.9551625655582149 0.9788158534425566
0.6896742422723482 0.9563651646341793 0.9793216804975975
0.6948446635085991 0.9545581262570204 0.9789297494184875
0.6985966846312671 0.9544744688573693 0.9791119339280928
0.6913980637496657 0.9559404928222731 0.9786458360714734
0.6953666957990086 0.9559854657092407 0.9787460597929182
0.6918320011022746 0.9559667548796196 0.9789194409298708
0.6928778638520063 0.9559083372689056 0.9789829437183851
0.6949021254194504 0.9548549197321125 0.9792561554924294
0.6926928792929224 0.9551693338740467 0.9795543554199901
0.6983133045381055 0.9550685856993326 0.9789306875777911
0.6956192042760232 0.9554957880720331 0.9790235827206811
0.6966416051742513 0.954612345164956 0.978137939901987
0.6931124612093136 0.9556862456028187 0.9792989257850042
0.6920144114383786 0.954808638923979 0.9785100418446733
0.6908770112519892 0.9562857968026013 0.9788157987364632
0.6911751331066626 0.9550721959821254 0.9788414831275036
0.6988546353958255 0.9539746628305829 0.9781598581385044
0.6955585738058593 0.9550840165541805 0.9788574807155258
0.7092272656899561 0.9520618334483362 0.9780921802541583
0.7020425144232364 0.9527050685180134 0.9779436861322286
0.692289869577375 0.9553877006612883 0.9786579776728881
0.7013530156943161 0.9541217083275213 0.9780142963136063
0.6945518547488777 0.9537828791360563 0.9790383697985179
0.7045866321726056 0.9543611360361077 0.9782565443252804
0.6997675022268198 0.954389235103917 0.9786172557420352
0.6995212529712754 0.9532769268662543 0.9785293811793315
0.6950469777431781 0.9553609458890387 0.9787031020627535
0.6894495926629137 0.9546525537289592 0.9786574176358758
0.7012132765405064 0.9543520178123711 0.9781372496259289
0.6945346796852249 0.954762470794977 0.9790201618808002
0.7009844227884241 0.953037836325473 0.9777548231512795
0.7089063086095105 0.9516769765623962 0.9779057545999207
0.6909063233463731 0.9558294564970099 0.9793468275006798
0.7061519433895265 0.9518616560901582 0.9783257177825907
0.6983557185230577 0.9545926191267875 0.9787382620474331
0.6925810517787077 0.9560795435767127 0.9792096165601729
0.6950507377418476 0.9552806656541182 0.9792146335993729
0.6911006519730086 0.9556625686976757 0.9793760039359486
0.6945873927680065 0.9558109420847585 0.9790851423471832
0.69589819131604 0.9542391270037747 0.9786782115430311
0.6946197617145856 0.9550522437464128 0.9791063879794425
0.6968326326041425 0.9551665887333485 0.9784458021840439
0.6951093539153929 0.9545315273035577 0.9785405393554638
0.6887279277724353 0.9561151354570587 0.9790684219147339
0.6948480479372503 0.9547599201060202 0.978767232835288
0.696591771559442 0.9546023672858422 0.9786442511861164
0.7009104013112308 0.9544685831506627 0.9787476403974371
0.7026694818731108 0.9529926453108134 0.9782642752339457
0.6946439401509914 0.9545727536520328 0.9789111897238836
0.6923878066008736 0.9558535309881833 0.9784916612086828
0.693907521611787 0.9553804549750841 0.9789358286182681
0.6995038183795688 0.954702804191188 0.9790530834310432
0.6935915321743252 0.9554288800326476 0.9791057430673051
0.6911167993044555 0.9560314647591146 0.9788854980648919
0.7011852614553488 0.9524834858344106 0.9779078690149505
0.6921796627598009 0.9561626626363455 0.979180806135264
0.6952261753988763 0.9564348880638976 0.9792701522626955
0.6995613288776033 0.9539959896397538 0.9786841137089147
0.6915033352551242 0.9545977667619339 0.9783378640108472
0.7010218743293077 0.953586349845832 0.9787024973613407
0.693132541283049 0.9554098803568063 0.9791213364757311
0.6953913406487328 0.9551321192922846 0.9788715285474686
0.6995607914438895 0.9525426698931607 0.9782062817484181
0.7046717077544477 0.9542182027710399 0.9785881813906553
0.6936116201782468 0.956422693363263 0.9795461153364906
0.6934523969291715 0.9545058091498425 0.9786680608049645
0.6940871181753189 0.9545474065151364 0.9786384259466163
0.6978991686504813 0.9548744623223523 0.97842084809997
0.6941971448447565 0.9551889685752973 0.9786147843788985
0.6987872926868062 0.9549833905718325 0.9784011543370823
0.6947924902821923 0.9555960040789397 0.9785164072741773
0.6988266377139924 0.954277650761262 0.9792811937910906
0.6970206275628795 0.9557668636301132 0.9788521555100839
0.7022242732497017 0.9528409443065711 0.9780080437561542
0.6908944020103477 0.956180994344265 0.9795222881125709
0.6976251284784935 0.9545833919096496 0.9789223554947508
0.7002324138128413 0.9537570250846431 0.9788554073271043
0.6893356412320506 0.9557013233377777 0.9789926564515326
0.7001010776076363 0.9534984144224721 0.9787428222003143
0.7065963924112875 0.9511434529472939 0.9784031733194893
0.6954264686504512 0.9545189429302502 0.9787825603548194
0.6942829839327639 0.9538446356270575 0.9784211019900781
0.6941439737342708 0.9539937099313563 0.9783019222622228
0.6889148114061566 0.9564944168742036 0.9789727550042143
0.6957830852996821 0.9551988497292843 0.9789213374353184
0.7000223618489441 0.953694090283802 0.9782207847048016
0.697110168261712 0.9545702255240525 0.9785387933358857
0.6917272462446997 0.9551742633815138 0.9789758183374484
0.6920635286833744 0.9547125524708965 0.9789415897211249
0.6940096252452971 0.9564877170475953 0.9794771895331366
0.6949595469780019 0.9549126884157811 0.9784388187320577
0.7027012793797224 0.9529382400777694 0.9782706071700267
0.6934988163784935 0.9549679326677076 0.9791815434206821
0.6976835482531583 0.9551134200809538 0.9785015574348775
0.7019512292633833 0.9535257059772088 0.9783651233858324
0.6933829984292558 0.9552115122127288 0.9784009504752073
0.6933646376577852 0.9552781161487857 0.9787762320922703
0.6999123640889029 0.9546605975305332 0.9783789298110446
0.6940038789371525 0.9543585411766431 0.9788010339058335
