# full, direct, likely fidelities
0.8285323300203917 0.9660851090705805 0.984177199369823
0.834269839497017 0.9652937161200622 0.983875277007421
0.8290743150917864 0.9655006853913903 0.9838058331590274
0.8286752855781672 0.964929690755695 0.9834762869397905
0.8290399843902817 0.9650034315098104 0.9838501062671884
0.8300030284496777 0.9661078044583824 0.984028160674847
0.8343856045425522 0.9638917547138175 0.9833745226015941
0.8300317258345057 0.9646760619995322 0.9834790645135695
0.8299097812541718 0.9656256979952649 0.9833911797948134
0.8297495113969208 0.9658722975842174 0.9841397917368975
0.8295723372447872 0.9650086619925632 0.9833999942913872
0.827359588088456 0.9666793795104132 0.9844100420015802
0.8276722021246699 0.9657486912426219 0.9836489037119401
0.8303388364687392 0.965534104454571 0.9839217436505252
0.8308095738388869 0.9649697439561175 0.9833255219544383
0.8282624451590147 0.9661121438075377 0.9837414468468827
0.82857821720767 0.9665323564577003 0.9836786051720886
0.8319876136757829 0.965047427432013 0.9833091500499591
0.8305750958710039 0.9648980377669862 0.9838790837292167
0.827908436736604 0.965891986869808 0.9835856633093524
0.8300566515898616 0.9640801183050963 0.9841189627432184
0.8279961920383567 0.9661509982031935 0.9837000103358335
0.830457617103887 0.9646183175508943 0.983578820369487
0.8322128954742785 0.9647882361449474 0.9833418422496838
0.828825114234787 0.9658154852321481 0.9840136931135367
0.8294570402451958 0.9654739289316064 0.9836100058254844
0.8277674811342894 0.9666539642195405 0.983987165492529
0.8284202707172603 0.9660495061278125 0.9840581896926611
0.8338394644648977 0.9643410712590688 0.9835191899482334
0.8284207876540759 0.96610491453898 0.9841803285173109
0.833356394171344 0.9651108398384227 0.9832395001013755
0.8303524978588 0.9651101935676659 0.9840739432866552
0.8281749518745427 0.9657438339882686 0.9838374946122707
0.8333236999648297 0.9652079121818652 0.9834457615385693
0.8323167458577804 0.9658537227909152 0.9836820144956423
0.8295476622325646 0.965086550379273 0.9838788508831545
0.8294772075729543 0.9655411967921185 0.9834786344878967
0.8282187426149225 0.9652403011430318 0.98367380622451
0.829608142089044 0.9651831157344656 0.9835805005456113
0.8286039631673349 0.965601436277433 0.9839240233515055
0.8336394773794529 0.9642900902047695 0.9830759481193609
0.8266360861067075 0.9667453868390612 0.9845546210885194
0.8279201891387196 0.9662090024024819 0.9836393560660999
0.8279743165948812 0.9654370688046385 0.9834448830824557
0.8287140481592215 0.9654415311378957 0.9839867863207555
0.8309235703973993 0.9645159065496164 0.9837060899164938
0.8281228169678003 0.9657986138391487 0.983502847646246
0.8320892627087396 0.9653617628089778 0.9834187060102008
0.8297477038674895 0.9653992621102582 0.9839878466017126
0.8276328503075338 0.9664161254514276 0.9840425003620369
0.8278923123806767 0.9659116528934528 0.9838814642142131
0.8293708572326015 0.9648595689219367 0.9837028648991923
0.8303639176638149 0.9654261216732972 0.9835940913434774
0.8283930887854244 0.9662960057033012 0.9838642816046621
0.8326867043219036 0.963959614270348 0.9832315466967109
0.8313347782495192 0.9656625420370493 0.9839122451390989
0.8310368761414679 0.9651488824957976 0.9833963512647905
0.8294622092256725 0.9648212899156983 0.9839634378867439
0.828423163066693 0.9662436732545137 0.9839223343525305
0.8296330901028257 0.9658757113653667 0.9837398871233936
0.8314573329932597 0.9649274739246152 0.9839203859687841
0.8326781157562005 0.964904410244542 0.9838081913738282
0.8297726086394098 0.9660288577574937 0.9837064804459065
0.8281796395267091 0.9664600511103134 0.9841024158135792
0.8331297223864534 0.963702632732778 0.982543852635182
0.8314728421359919 0.9649801157014745 0.9840293307256202
0.8313682882835656 0.9639245234328382 0.9827233322093837
0.8292562600467336 0.9648963686708745 0.9845839478107554
0.8297111163941489 0.9643765363156559 0.9836522877806113
0.827902249955968 0.9658272467405496 0.983687901455683
0.8323620301852195 0.9637737405766625 0.9829884084874536
0.8306008978094229 0.964797872597557 0.9835452684963444
0.8296390037293856 0.9653044175434438 0.9838677846899384
0.8269879955931625 0.966405113388018 0.9842516206160004
0.8331590285207235 0.9640231713353715 0.983520575465469
0.8288295342141075 0.9657791546990748 0.9840434062422491
0.8287536901942365 0.965955369940622 0.9834839250240046
0.8275947327358463 0.9661867266238772 0.9836302458676901
0.8275306062039715 0.9665117490059281 0.9838300381724332
0.8275065772757455 0.9658882228365581 0.9834899714812132
0.8284239451598764 0.965221750036596 0.9837995244224295
0.8312649590852256 0.9655219309477061 0.9840740093008604
0.8282495585070697 0.9647557437199223 0.9833573831804276
0.8293015718645801 0.9671324240786706 0.9841330931506508
0.8296027762023453 0.9658257590660464 0.9839414277118961
0.8271560788332032 0.9658549813841437 0.9839726549775599
0.8295447846090035 0.9647303293089043 0.9834110269906587
0.8297220368545353 0.9658079003724891 0.983768415909467
0.828607242732457 0.9651345070715676 0.9840508440717053
0.8296674846305316 0.9653038403549629 0.9841807146093626
0.8292262088689714 0.9661257594315104 0.9842489020343453
0.8278594841903268 0.9653060887690198 0.9835566141731058
0.829527088768082 0.9653419892242835 0.9839871616010243
0.830612134458695 0.9646086730314184 0.9834248507904428
0.8289359877108344 0.9661903409493302 0.9840888106039601
0.827035494727843 0.9664594451832336 0.9836138195961429
0.8347411224917232 0.9626829809322508 0.9831778975250376
0.8336813365848562 0.9650640347108297 0.9838461788475886
0.8281761754084209 0.9658585883591189 0.983974123607059
0.8290183955062314 0.9658047842457608 0.9837962009122696
