# full, direct, likely fidelities
0.7004357520716827 0.6065179230597453 0.8337515201903666
0.7209018476250125 0.574143466669059 0.8312973838854888
0.7216402092198501 0.5826362464604692 0.8323236301546577
0.6957242093434323 0.605543429543023 0.7858847399098549
0.6963228776412562 0.6390945637293562 0.8088339048559693
0.7250260587133955 0.6055181011476778 0.8297860510562498
0.7034695406036259 0.625763940516092 0.8325332953524932
0.7250162152771273 0.5615509915507718 0.7664205280938805
0.7014921432161997 0.5983009003622002 0.8453715550934252
0.7089885488161519 0.5758035890423486 0.7979265396214474
0.7333527090722857 0.6250266942998209 0.8529032397506663
0.6883255859901288 0.613582583339534 0.842078993765796
0.7230769400977047 0.5830575925993712 0.8082456232240632
0.7144317769512769 0.5982950605138818 0.807963159688196
0.7109224963464461 0.6090323015569574 0.8404449449037791
0.690746732641545 0.5996259069439109 0.8314532258528955
0.7303154578229263 0.5836163668302595 0.8285402431398182
0.7161274164924587 0.5817906058320851 0.7972806950131534
0.7091853382958165 0.5943545797157793 0.8181440231433299
0.7061943632524896 0.5942105515546671 0.8311349851466768
0.6986781437981906 0.6297352018855814 0.8493853321290922
0.7136694105432051 0.5864970085289736 0.8003817664919468
0.7152296046050681 0.6073861327947496 0.8240878328257423
0.7083868615721023 0.6076185948695387 0.7961605358120337
0.7080940874617695 0.6070682827652538 0.7943824718219664
0.710474074731561 0.6068525802494683 0.8411087157427191
0.6993870309863461 0.612825730016212 0.8216117754209776
0.7036391528268902 0.5642965172693201 0.7923246137356567
0.6891567068980451 0.6228396438626772 0.84097706945589
0.7067437558052916 0.6132388621408642 0.8238795781648431
0.7347830003008118 0.598769057277749 0.8123565862531953
0.7268866095036429 0.5800911144917381 0.7921471893271392
0.6895974220961445 0.5661676559021322 0.8305302237049027
0.7243783537463502 0.6011576640910413 0.7846602433290849
0.7249905099793352 0.6056363049066009 0.8166693742651623
0.7031712741747138 0.6264598024128073 0.8350552771812471
0.7156927817956746 0.5803294033556776 0.7751994190566169
0.7221251931791333 0.6063623562893069 0.8350454733316868
0.726616872582033 0.5679303234664991 0.8173966603001855
0.7073329285020977 0.5810728054885457 0.8057723245128209
0.7125745093422585 0.6313467808550209 0.8280140436980886
0.6997658697256425 0.5891486247873534 0.8290609426290985
0.7060950003925859 0.598300444387681 0.8126771255885884
0.7043094544815907 0.5958987521819608 0.8099472345096899
0.7097639337048036 0.5839553638295202 0.7908012047688976
0.6951204023456827 0.5794426532807457 0.8192677667464013
0.7455525356051967 0.6176944820086318 0.8297547320597433
0.7208979535725663 0.5622483306649003 0.8101550508754248
0.7069107322037936 0.6273142098079186 0.817587177367406
0.7078053523020665 0.5860670836813158 0.8339100234406353
0.6935432754415384 0.6114082643402342 0.8450219689916924
0.6901335176624788 0.590504159120224 0.8024536046223961
0.7046255133348304 0.5967649928772585 0.7994660635834964
0.6990839203467346 0.5557290034056442 0.7957120782047072
0.7271410642529986 0.5923226096853573 0.8404412174411403
0.7221731046552327 0.5798668005964642 0.8122792791337108
0.7268280676499409 0.6006497086400105 0.8382545727621092
0.7171474301872501 0.5920077463370657 0.8199810819465968
0.7332242914270996 0.6106379549855429 0.8075913534743947
0.7178311617196483 0.613345321752861 0.8054666429535514
0.727232233370944 0.6048276323151969 0.8144316135600402
0.7206972478535113 0.6039502888386125 0.8235882817444532
0.7089108189411787 0.5198530826802783 0.7795868163770687
0.7063419223815529 0.5682219918069255 0.8072319142080008
0.7276489333514937 0.5796844163644197 0.8251957817537482
0.6988407730794306 0.5861515593827493 0.7892205336812306
0.708955314999958 0.6029406163377474 0.7784542651590062
0.7288819553922405 0.5974988116721524 0.8039806889397286
0.7080000060593862 0.589510155311745 0.7827118085179379
0.7176114491363045 0.5996202325373078 0.8249587183123012
0.7029447058228028 0.6020540145188269 0.8325309326732061
0.7226446943663175 0.5731416619694045 0.7970333293790718
0.6858484153188531 0.582880280294446 0.810640271352061
0.7149049514062044 0.5914892663273761 0.8034330051786024
0.7407125508322834 0.6057117034010951 0.8376830131723333
0.6972175351674611 0.5911477803316939 0.8339987329545682
0.7229043668490157 0.6192592550143324 0.8272314718804454
0.6854396149865926 0.6057303176496311 0.8212112508673308
0.7024589513032717 0.6035102641727345 0.8172331057777177
0.7051096012264614 0.6112692132921366 0.8280698911013127
0.7044888245943006 0.5725839223413665 0.768155010757993
0.7262924369358196 0.5912949610299983 0.8111555431048759
0.7306125811435215 0.5868095985146625 0.8156860593827715
0.7149984019342149 0.6020819191369918 0.8201191170448203
0.7226852084965053 0.6069984335954861 0.8277045379179577
0.7035588127188142 0.5613214152279681 0.8187511355713507
0.7063691080374449 0.6245291758061671 0.8403781041384216
0.7077627798987135 0.6031813114505153 0.8266187941500684
0.7050134059952982 0.5603176657312767 0.820416275672212
0.7211767806921439 0.5907983400052335 0.8235036470458966
0.7109974684002898 0.6045449011026742 0.8220099347796244
0.7157150107126774 0.5785185801384851 0.7954033196915751
0.7318943864526414 0.6282361655050438 0.8256175022648332
0.6926876793544388 0.5931555528933372 0.8221707831772904
0.701242127412885 0.5597429647814453 0.7827610887102111
0.6993502459626687 0.6143469527591094 0.826530628351619
0.7061829700740937 0.6492983052816673 0.8391769253521546
0.7185292497949143 0.6547791513542195 0.820439681112593
0.6842955076278047 0.6103555194017941 0.8333958887353863
0.711267970643724 0.5765674939952351 0.806567348228796
