# full, direct, likely fidelities
0.5643302013846586 0.43939729470776 0.6859517423239023
0.596188045930187 0.41664609977573697 0.6862692777438733
0.6010148408110569 0.41074090718396034 0.7052339880739354
0.5604164357870941 0.40125582722168823 0.6677570155002527
0.5613671734253639 0.3971216702344471 0.6422341434419755
0.6080940452241936 0.40955449093749324 0.6468679254212981
0.5763497196570616 0.40067001706769484 0.6268297133443087
0.6053156997837346 0.3874784275858064 0.6350697637088771
0.5769416516350943 0.43736368130855147 0.7161061261459946
0.5841053209489846 0.40613958964331004 0.6596777539027896
0.6218103616869044 0.3865558288343258 0.6381505365213893
0.5591907285225224 0.42284457750760807 0.6741686355941553
0.6086227905141675 0.39866831214580606 0.664568605079357
0.592757983749687 0.4152274379405469 0.7058924982337832
0.5833983355387458 0.42170209286927873 0.6429985316303649
0.55497682691777 0.371971116625797 0.670668965201902
0.607479533384799 0.44491075089319804 0.7133529129668782
0.5968647676175933 0.40513070412701163 0.6152178307976708
0.5824116487682529 0.4181365850773169 0.5701565177405623
0.5763854512229014 0.4004389201257211 0.6056934358673297
0.5692220190792217 0.41246873423750047 0.670729820411901
0.5898855766185528 0.4062910921357791 0.6482850365409031
0.5963563647073639 0.38991614266463337 0.6361903424393436
0.5836858244515207 0.39441724844048753 0.6501599606887137
0.5823423303000856 0.416618611301858 0.6468634892499742
0.5909510005039726 0.3980735310510554 0.5873649254926002
0.5670670031552701 0.41168865041683145 0.6920887346278163
0.5795376764425407 0.4080856307284671 0.6604806132291168
0.5566658666590236 0.4162467606046329 0.7152201079973247
0.5792227897724274 0.41890011491484463 0.5952022588602144
0.6219418597956831 0.40579381807450504 0.6812721539210683
0.612003541158813 0.39621825751818746 0.6325867676332362
0.5545532953868022 0.420670156281047 0.656192043932233
0.6065287995961997 0.40123711590267425 0.6939764720880266
0.6078290261142034 0.3673608740352188 0.5794393540985426
0.581790387434084 0.39667944741307043 0.6264488324535149
0.5957298284806996 0.39978986714894654 0.6650520393046241
0.6049893846229412 0.3850560655759445 0.6318886138872378
0.6084341416222073 0.406358385899311 0.68813436839905
0.5827527264405339 0.3931725365887244 0.7381914887001614
0.5865648360022919 0.43332313990594523 0.6925145857265715
0.5730284248033072 0.39069722257683787 0.627766675001257
0.5796017037938217 0.4019248676188777 0.7069870022299284
0.5800462232203981 0.421090200907137 0.7210928395603846
0.58843961327068 0.43040267382505015 0.6866399564789756
0.5604073786872547 0.41445381522751734 0.7286392440986642
0.6358989808898384 0.4295554020500925 0.6459168714218174
0.6010923549919285 0.41525242476943686 0.6997831717544797
0.5791489475209375 0.43064185316943043 0.6899637409136158
0.5822814440589119 0.44013157542358977 0.7154504122549993
0.5618849958837155 0.422387842753516 0.6463112594388096
0.5558871392770538 0.3962585340677002 0.6346022706266529
0.5754534674812194 0.44450513266360836 0.6777522107013466
0.5662752965771409 0.41449274214275394 0.7042526649053759
0.6102215385969312 0.3589899040629803 0.5590952358059826
0.6091656205591801 0.38514249750096197 0.6452924018581223
0.6110703990894952 0.3904781354557644 0.704408895861283
0.6000648554669203 0.4450292116643631 0.7509512252888594
0.6206453905217028 0.4146495979658002 0.6729263747265709
0.5968677888808726 0.4107253069048448 0.6836532935814457
0.607768201578978 0.4081863543567152 0.6661286506492631
0.6027406246391495 0.38791593016860626 0.6647579440545478
0.582734101617058 0.3852956749372983 0.6304896033889259
0.5815724901067987 0.398997117100375 0.6353433621433188
0.6149750005124587 0.42682935344022177 0.7247894974982222
0.5705240545607543 0.4255530225430227 0.7458839958166055
0.5850697242873243 0.4049364986716834 0.6652594822658994
0.6151640276204459 0.41264468358128625 0.6979866732506428
0.5878595848340774 0.44503796287794656 0.7125793277577235
0.5965252247612101 0.3706273213360007 0.6318960186639
0.5827982294714551 0.4048595133336865 0.6910085995282694
0.6036259784130185 0.4180960438701572 0.6333580085559473
0.5503794562102365 0.4121951331087905 0.7222583934236428
0.5912183562244618 0.4154806857675596 0.6674451143542551
0.6293874871436042 0.3943258259506813 0.6722607213992413
0.5664363455516036 0.4036357588042602 0.6400753678415375
0.6068821376813262 0.4073471514096003 0.7202559900110909
0.5488493936137844 0.3954165844769894 0.6665671826744204
0.5692464485674269 0.43173209157198 0.683026962985732
0.5777465236090258 0.4074074314113055 0.6967713058233717
0.5810599151197082 0.4299062637642068 0.6750324562135358
0.6081143972127666 0.4287165678311075 0.7145262443428817
0.6134151347052949 0.41390391686934364 0.6883645259725132
0.5944038591164342 0.43415715262621607 0.6931756769760807
0.6029612975058789 0.43148557712680724 0.6918701918685293
0.5793407043596278 0.404346114377221 0.6693287220317188
0.5780115895263171 0.4066643125779088 0.7095106432300518
0.5837833938856356 0.4363215734270912 0.6613913250485187
0.5817389513465617 0.38726870440324174 0.6225931351664984
0.6044651825637728 0.41012005064098095 0.6693822331398573
0.5869851234284671 0.43489721823347977 0.6118877147977023
0.5980264558958333 0.37610371913294693 0.639208163012243
0.619541311043969 0.406975327442612 0.6914942544895727
0.5611815491394277 0.3883291406335439 0.6881299093954123
0.5687720080455513 0.4123733219195776 0.7053536296809759
0.5653874080184039 0.43855476109878183 0.6345348192962932
0.5816866909386661 0.40094437888370943 0.6555754584561883
0.5972327622232724 0.39284824421410214 0.6004653061639875
0.5520783523177689 0.40976879655093323 0.6775504397672464
0.5894667684350082 0.39984125420304906 0.6205174602767882
