# full, direct, likely fidelities
0.9997444063807728 0.9895221185126972 0.9959346371596666
0.9997426849942999 0.9899255633490649 0.994772388969865
0.999742592763952 0.9898148726783471 0.9961855963958517
0.9997493458918412 0.9843173220899191 0.9945399439163107
0.9997416133814778 0.9906070042524867 0.9963750894620188
0.9997350022682057 0.9879144846504236 0.9959048192814516
0.9997309297385388 0.9877274669233834 0.9955605147364092
0.9997711942185855 0.9925941377850154 0.995999297185647
0.9997391267599 0.986535576555653 0.9950809688779437
0.999741870795401 0.9873989593034648 0.9959176780809426
0.9997439878038298 0.9913515206626384 0.9965354479302498
0.999736095343473 0.9882629327278739 0.9954277733623801
0.9997480523389487 0.9883439278833405 0.9959321846834781
0.9997247943719791 0.9865379566532524 0.996348036127331
0.9997523405012138 0.9911108866150713 0.9972069356564075
0.9997460966353496 0.98892856326841 0.9957467444391044
0.9997347957013712 0.9866033376175882 0.9952709243373468
0.9997312977536823 0.9867130580270568 0.9970241259213586
0.9997393053805081 0.9932281832968717 0.9957510780350683
0.9997404899695946 0.9886631461468675 0.9964086294297818
0.9997562404434397 0.9907627137870192 0.9963712838269045
0.9997503304452616 0.9895967130472167 0.9964635697671822
0.9997351281709461 0.9890776096873536 0.9972183048965902
0.9997240147765669 0.9885333353306557 0.994949070665198
0.9997341928922453 0.9865398985978603 0.9956054422120627
0.9997464556593284 0.9888392068076519 0.9959265102890439
0.9997385796916436 0.9897197196271401 0.995839310500137
0.9997399786176074 0.9902173926815644 0.9949410687718157
0.9997377957020108 0.9882977690757927 0.9970346176408061
0.9997521203874712 0.9855528413067673 0.9944190874301534
0.9997294059774541 0.9918561076781599 0.996882386320635
0.999741416455112 0.9896169664846235 0.9956338685952851
0.9997701130348654 0.9903331558999727 0.9966285534002597
0.9997456618656237 0.9896364052291886 0.9957997519821462
0.9997632672700368 0.9869167322584613 0.9960010235639154
0.9997353589312484 0.9880279319881741 0.9967300639576135
0.9997330629650363 0.9866170729068896 0.996768127968528
0.9997441536631108 0.9926795972883908 0.9961932486361159
0.9997276134384823 0.9849780164433868 0.9959992832921352
0.9997338662134333 0.9891200476249534 0.9951363755184669
0.9997124861632157 0.9897117417982494 0.9957807033479911
0.9997380664401669 0.9920919446732521 0.9959001322691927
0.9997459199306311 0.9840646012727926 0.9950085345723305
0.9997404063483369 0.9897577941926765 0.99435466332044
0.9997472260570001 0.9908721408189044 0.9955830001329146
0.9997421680419859 0.9860228846197612 0.9953074447209731
0.9997464373963152 0.9858599312155564 0.9953301410911932
0.9997495673172381 0.9902775631226515 0.9963165599171402
0.9997236855994482 0.9908610483770751 0.9952906721614204
0.9997281071938396 0.9884175690834698 0.9957299864092668
0.9997488002659053 0.9924828211311445 0.9956064272877295
0.9997473825148289 0.9886661297381752 0.9959053342802263
0.9997380868390713 0.9879722576228337 0.9967761908704993
0.9997369713640346 0.9868961507922505 0.9951571679296642
0.9997418560494539 0.9883796762279692 0.9962061722750509
0.9997274669003928 0.9881550481922982 0.9965637427270752
0.9997384588410323 0.9889394692733168 0.9963207828767409
0.999735803176717 0.9897673940535605 0.9971407383788434
0.9997492582954906 0.9894529004897229 0.99637256948789
0.9997446835841224 0.9838270941067323 0.9961383260813764
0.9997539543594642 0.9891293655101453 0.9951924291455755
0.9997430695225898 0.9919852245626914 0.9965285974827637
0.9997267660905309 0.987075040653251 0.9953476368474845
0.9997241040524844 0.9910696346687617 0.9951247097150073
0.999730367550055 0.9882861695526654 0.996740250420673
0.9997389371177874 0.9911410245740402 0.9957989889068524
0.9997387450174056 0.9904765558128893 0.9958225824546317
0.9997412107714261 0.9892242797607064 0.9947017328115019
0.9997404692802297 0.9895439015113897 0.996016237971748
0.9997454808026722 0.9889759545424184 0.9965816151693653
0.9997313864982457 0.9852369534997424 0.9946825993361094
0.9997548953972003 0.9863709975234126 0.9962862167093656
0.9997218732889216 0.9902059561717483 0.9956404089123007
0.9997417424769723 0.9886622512367905 0.9966848493826751
0.999738955722981 0.9929331271255395 0.9969974071695148
0.9997413002251402 0.9881720503458609 0.9962323456731776
0.9997279315915807 0.9891886738937623 0.9959172778308438
0.9997438878278413 0.9869075409782567 0.9962943650612487
0.9997264810537508 0.990204902625143 0.9960060767640975
0.9997574551818819 0.9886451553968062 0.9960706121678672
0.9997341868412257 0.9897119597528018 0.9949309401557943
0.999744333694348 0.9876701169281087 0.9956297930134815
0.9997330890992563 0.990580340347654 0.9958003791625316
0.9997239416895582 0.9863636191362141 0.9965951068284956
0.9997317015182619 0.9841368941459666 0.9961486063571794
0.999775028900411 0.988560699517827 0.9959917544099056
0.999764581731017 0.9912365469252393 0.9960732453572916
0.9997562887527972 0.9904548711056577 0.9966354453474939
0.9997507619229559 0.9920110276574196 0.9964099307182874
0.9997408621819707 0.9848825010966028 0.996501244323329
0.9997404619062134 0.9921332603039794 0.9957618393383515
0.9997311416914314 0.9918409424107384 0.9968815368564677
0.9997463691012778 0.9879060699732318 0.9966767357054039
0.999748165500146 0.9881539142666373 0.9962860565784126
0.9997569584293152 0.9915859579074939 0.9950315093941736
0.9997399222371504 0.9880826976378709 0.9961773332497016
0.9997379068476802 0.9898464260095076 0.9961206655944064
0.9997329296980875 0.9895520924670115 0.996556349419861
0.9997449058957637 0.9920752809841533 0.9968465307395776
0.999744207047722 0.9881112808704632 0.9967605943262493
