# full, direct, likely fidelities
0.9140903035131924 0.9746712616298674 0.9885359886257592
0.913881200424656 0.9758090874294675 0.988983911018088
0.9140306962294423 0.9755735231294881 0.9882750785638305
0.9155270080316461 0.9748179190688631 0.988512906666309
0.913716100780544 0.9756839682451824 0.98874439217793
0.9133055424530822 0.9758755888398667 0.9890731016071482
0.9135682805680697 0.9765133568269821 0.9890359646030704
0.91341536505728 0.9772588051907826 0.9893197233691275
0.9140765130717844 0.9766122688688479 0.9887294077918292
0.9145700835065506 0.9750795977713079 0.9884827225560973
0.9135492957037499 0.9764754869778849 0.988693958940501
0.9141075683317157 0.9760855506374411 0.9892025737936271
0.9140896102108106 0.9760330352843374 0.9888380141248476
0.9136671558162723 0.9750079936104626 0.9886006411054704
0.9139800949871821 0.9765118604627946 0.9889427915879907
0.9134051156104342 0.9772044247119055 0.9893867898085177
0.9136710336420887 0.9761400099018648 0.9890812126829481
0.9144744951616888 0.9756909112208371 0.9884293523055978
0.9140381301177052 0.9754791353443788 0.9882523334103046
0.9136338690467255 0.976665742151628 0.9888973815058013
0.9134974340617666 0.9756301008468882 0.9887939084863374
0.9138034805017445 0.9763227921929944 0.9882568492397482
0.9134705434776749 0.9763990361337548 0.9889535817349073
0.9137815124716548 0.9755504406242468 0.988597254990596
0.9129271159187308 0.9766124564372024 0.9892556541455892
0.9135259284783068 0.9755718802148542 0.989244674745132
0.9134821192597192 0.9763547590907309 0.9891743998859119
0.9144164323535051 0.9753682366748041 0.9884962579418686
0.9137966647716542 0.975741037318517 0.9891221025067469
0.9137479551295592 0.9769930050570921 0.989100814047641
0.9137871849180964 0.976343384636157 0.9888118834621662
0.9132605926611974 0.9766990849194768 0.9890883820142402
0.914188324472465 0.9758158538231488 0.9886233677974944
0.9135108565624839 0.9759851496224675 0.9888087567394006
0.9139200052931249 0.976272705871201 0.9891354836657524
0.9138521069603175 0.9764883385961702 0.9892520292670777
0.9136414530124747 0.9752240463583638 0.9884814765154277
0.9136941113719891 0.9766226335189008 0.9889285787438381
0.9143775292179726 0.9752286409003571 0.988524709361874
0.9139616507759306 0.9758318992160947 0.9891933349905454
0.9134536054415514 0.9760753956640528 0.9890163903213885
0.9134686747457563 0.9764733004027455 0.9891841449972155
0.9133387958601188 0.976304744951593 0.9890361948735003
0.914257400827423 0.9768591254741023 0.9894899117843512
0.9139115343541977 0.9757571639782672 0.9886906830618918
0.9136455752318243 0.9769002419132917 0.9891430402691407
0.913810533458872 0.9757083880463209 0.9885799359610115
0.9135131542457822 0.9765742333085774 0.9888483718074565
0.9137174599872231 0.9767699275224494 0.9886240541760092
0.9135404551518577 0.9775025525391566 0.9891949513059634
0.9133837274756191 0.9762238145654504 0.9891609660414499
0.9137524533677776 0.9766061647793098 0.9889510207469042
0.9141098303896579 0.9754204956058147 0.9885404316580749
0.9137374506957376 0.9758938638858223 0.988924831061541
0.9135293403131327 0.977043083833322 0.9890839372283677
0.9144033561140502 0.9758877523985894 0.9890214288300155
0.9134011466056823 0.9764741004703322 0.9888654964425816
0.9136203946213953 0.9759367911975512 0.9883808811613797
0.913983814039621 0.9751766945689302 0.9883676631533213
0.9133231569538417 0.9744636116018689 0.9884427159699309
0.9139230648254226 0.9762250201791676 0.9886158125758261
0.9136091723386177 0.9777609538767775 0.9889488304602781
0.9135660503018349 0.976486620943045 0.9890101821960793
0.9129807322008848 0.9765555687645381 0.9885335342564727
0.9132578335234525 0.9760714648027585 0.9886739793969784
0.9134732783206881 0.9772006160514772 0.9893249501950696
0.9140936195669644 0.974534301731327 0.9884629728799498
0.9137851913457783 0.9745798647894709 0.9883191244694246
0.9136704471326779 0.9767823618846605 0.9888573430746402
0.91392379132247 0.9756362135216908 0.9886242191398568
0.9141510901837087 0.9763013816007257 0.9887848085554772
0.9144059489719294 0.9754270350245572 0.9884200667166257
0.9128959722338473 0.9754721848968294 0.9888354909186566
0.9147980767527573 0.9745907652901002 0.988080223919562
0.913685376471246 0.9764122407789441 0.9888212394153254
0.9133935121269037 0.9763401939796498 0.9889795251420274
0.9138577591486723 0.9748428904546105 0.9886118254965192
0.913275124844052 0.9763912269598123 0.9889868995829786
0.9139352783731074 0.9767192359945409 0.988671431139264
0.9142770796704204 0.9747108786387318 0.9885732810824718
0.9134015268614838 0.9758978240819253 0.9888914156038939
0.9136523161006265 0.9760591289526177 0.9885237152658775
0.9135889972811366 0.9754647584365437 0.988892302514894
0.9140051897080196 0.9752807145840898 0.9886416373983667
0.9139704258211441 0.9758822372309397 0.9892212083385877
0.9139684424608748 0.9758988385451703 0.9894480911688495
0.9137156383838609 0.9758601326427387 0.9886520494948463
0.9134792531260152 0.9755152128223329 0.9884336090176533
0.9138967482595614 0.9757143124744796 0.9884205659109323
0.9135925230585027 0.9756817699456444 0.9890504937247474
0.9134477165188785 0.976750776894069 0.9889860560052195
0.9135569204673862 0.977351979927845 0.9891128927705716
0.9139651760106392 0.9755229423746666 0.9892335958176209
0.9144951310876189 0.9761259516026374 0.9892715181320552
0.9138322393676402 0.9764013398464271 0.9886526980789899
0.9134877879933472 0.976806276785709 0.9887345421072158
0.9135214858609925 0.977095054910676 0.9889626128950579
0.913754622854668 0.9769768720578098 0.9892004014592852
0.9137155501060686 0.976276584136111 0.9887929012420624
0.9131014822825337 0.976677637138151 0.9896326849689382
