# full, direct, likely fidelities
0.48400424300312467 0.6633533244376265 0.8304385399225468
0.501064821788901 0.6418229456983703 0.8130851559313071
0.499835535369604 0.6716686146679514 0.8447462390815129
0.5005860411951788 0.6612208930837992 0.8418375363520854
0.4975262279198926 0.6487329088158725 0.8468880125164302
0.5079140168863608 0.6432371853715648 0.8346408189200485
0.4918487459067977 0.6705610403619966 0.8537798043463188
0.49939751716348796 0.6709044292481472 0.8491420378399634
0.48337216232784974 0.6578888926517155 0.8375664584807083
0.5236233026745263 0.6552557791939543 0.8368668275447926
0.5050860585794344 0.6579571134944172 0.8257452325458825
0.5105776106030788 0.6471248924595672 0.8255107479719345
0.5292914505477943 0.6460944762073749 0.8294322515990022
0.511418119330489 0.6578892940907195 0.8427907868633945
0.5076054111838109 0.6611726007302331 0.8344793523765468
0.49883621820248486 0.638237953036873 0.8341797333299775
0.499277539473399 0.6459963672786836 0.8303806910169929
0.5190536349930155 0.6632689837390261 0.8608128084478908
0.5150331971411399 0.653138844867799 0.8244411395564885
0.4869860066132905 0.6394310004642786 0.8244492393516473
0.518267511783773 0.6577852853367461 0.838815125722943
0.4999322325201273 0.6633334790203261 0.8503805399776266
0.519754410822383 0.6505368192140708 0.8295011018757267
0.5187025829361617 0.6147265450960786 0.8104006597717307
0.49849980558287277 0.6499373340959678 0.8171912153649629
0.5233862847370125 0.6589297118613214 0.8330874635602596
0.5061422010924688 0.6579862585488648 0.8360812603268397
0.49304346603731164 0.659169471794029 0.8412958341008188
0.5165788494781453 0.6660355659544283 0.8342276089195914
0.4747499297392542 0.6677988529467273 0.8415920904505962
0.49587847092182014 0.6590486067142269 0.8422299984362464
0.5014380912660479 0.6684252370456965 0.8346079180740176
0.4985368956215932 0.6554568362667147 0.8093719759307573
0.5065189844296581 0.6503743414619348 0.8341626257327179
0.5145038000286658 0.6469391083519623 0.8382001700453596
0.5065446268680517 0.6601043659418423 0.8223559053091662
0.4973912464915339 0.6670888974205113 0.8523050445062454
0.4944703556898622 0.6473542139112102 0.8252407834667773
0.49177590639702795 0.6595918816038611 0.8309973879639371
0.5073430918310338 0.6534717163458796 0.8270103361819681
0.5084508721027078 0.6502905055050048 0.809597850466557
0.49537670539049306 0.6608518526705207 0.8285593887557946
0.5175642537507003 0.6566726733393438 0.8364822335717285
0.514413629232461 0.6531719864893246 0.8381826178101917
0.5210289190236316 0.6545745548941887 0.8464812353042888
0.48648394715238713 0.6636019979846042 0.8288875441615086
0.506641070149536 0.6420146988918582 0.8093541047975942
0.5111912131989559 0.6716320747034554 0.8270485889682863
0.5109180700499538 0.6439445639135363 0.8151822351431695
0.49497254766826493 0.6778134633221359 0.8345556789164473
0.5053852150699889 0.6504348276304677 0.8147718331749756
0.4894236069551578 0.6413233336497247 0.8114105689040804
0.5258881726197401 0.6563274752521967 0.8295082966065624
0.5083334507937859 0.6574368378417657 0.8381252636865886
0.5032501493609167 0.6778070582694625 0.8435513756349516
0.5095527239439142 0.6495514204326244 0.8328122902907918
0.5201677831488789 0.6695569457389371 0.8405380107377789
0.5012147081764994 0.6669491788275751 0.8519818312950772
0.5164326066923435 0.6511264325095228 0.8257098144729447
0.4983679495868696 0.6479556497886804 0.8247386612752479
0.4965475500159898 0.6565594701479985 0.8210833879871433
0.5196342670019091 0.6609407074819402 0.841396325859393
0.5132930852510142 0.6556406909810042 0.8290789780466188
0.5099829812190441 0.658337711038024 0.838117237311674
0.5176830907432219 0.6396073324148545 0.8355814332300593
0.5050813204347178 0.6450503801676977 0.8185415288144279
0.5144415928777437 0.6550010148380443 0.8428219695300059
0.5014244848858577 0.6585466044558808 0.8269769638397922
0.4949668363934277 0.6311727760873139 0.8200185482273299
0.5111695599583677 0.6495025286847492 0.8344674472270309
0.4933116971778847 0.6605644384069824 0.8270931693755982
0.529558802033365 0.6479039347599002 0.8382791597214443
0.5113668044524614 0.6707549966985293 0.8434988352797882
0.4941044370329198 0.6685563135002927 0.8413137412854839
0.510972380615531 0.6579482607937776 0.8219379220138275
0.49994976414190284 0.6635012787882919 0.8380989576229639
0.498903548526518 0.6762881443946291 0.8316901847600687
0.48474587656172935 0.6564082828693519 0.8316617602878907
0.49690228253449475 0.6598739556855289 0.8268088354499199
0.5119494535932301 0.662117019217562 0.836581119809842
0.5320147372182977 0.6313913515910395 0.8133660203576856
0.49457902832325823 0.6774385004247521 0.8343341581481974
0.511679517621902 0.6475428928723372 0.8251077900131478
0.5141995964611682 0.6408985697258394 0.8266849478712854
0.5051028101580296 0.6733015502658846 0.8277751117919223
0.49047598970926887 0.6522832643826568 0.8372164075125567
0.505407242486309 0.670007023537962 0.8419085515104027
0.49278041099950315 0.6638936586525187 0.829334517122138
0.5065743020854606 0.6547709196107285 0.8269654414850831
0.5011657130240094 0.6615173903964535 0.8451171354249436
0.5066030412917186 0.6359776621434203 0.8365978803492106
0.4943091699790992 0.6530745689430014 0.8467935088411531
0.5039366591831211 0.6509980799314731 0.8461061137430849
0.5070971816645162 0.6591729220071001 0.8245940785973743
0.49818162924129816 0.6581495536189483 0.8448766671429282
0.5169038038573956 0.6463226062721337 0.8353109145987822
0.49601419136465974 0.6547221799066517 0.8387574139976981
0.5312128179457791 0.6486679621159529 0.8296119756859704
0.5059215016478931 0.6504045492467125 0.8200949695883271
0.4797254424577621 0.6649279001449236 0.8377204990178945
