# full, direct, likely fidelities
0.8012520095682846 0.8001148735909624 0.9199604747536787
0.8042413516351732 0.8050820525335535 0.9091613118041417
0.8172700708204584 0.7974322576068417 0.912049545985157
0.8002920463944604 0.8047766589979046 0.9051568995313306
0.8109396393834938 0.7892614412996388 0.9048353709260719
0.795959490037483 0.7902387724316384 0.9123148651215309
0.8078097424721508 0.7960323020649537 0.9110429675173757
0.8043620205692048 0.7940015567256682 0.9133571262124435
0.8038443760087484 0.7793951490044532 0.9031305194537994
0.8110683221465658 0.7919291019180407 0.9038969747679622
0.8054327996963634 0.7939264053919595 0.9073766475272127
0.7989620063933784 0.7972241529126513 0.9169510745946666
0.80568358819313 0.7981212385655042 0.9038148336039599
0.8113144582140637 0.7847780586449938 0.9036216309730032
0.801845589492661 0.8075670536620627 0.9192494519300737
0.8034461836851712 0.7881403830965732 0.9094071077683421
0.7926278936761225 0.7864938634316552 0.9062483560530005
0.8038947037335551 0.7974859070221232 0.9144474930086489
0.7993637981554851 0.7878970159247107 0.9108174721527248
0.8009902474550472 0.7917514249802947 0.8954909150239172
0.7973737036525878 0.8011838703990055 0.9125702036700861
0.7976196672480849 0.8005385650470432 0.9036167651173566
0.8093967151023543 0.7835407650997717 0.9008914156123529
0.8026416317053884 0.7938027345719694 0.9033124771303357
0.7973531069281485 0.8003041100165836 0.9165576231182107
0.8098737626954232 0.796268465085749 0.9092812009892041
0.7998420445058676 0.802665766393941 0.9159763943729344
0.8022093899873106 0.7762307760632776 0.8984108350664102
0.8015990000118239 0.7944356532152992 0.9178100325552141
0.8066187753735486 0.7820372449743896 0.9085741641316837
0.8042361563820307 0.7908475678951632 0.9151107443468871
0.8199294380112097 0.7670431473344247 0.8927972479335803
0.8085098391719951 0.8054342025558935 0.9128901142875293
0.796962282657327 0.7849046288556163 0.8977355909821386
0.801315224627479 0.7910994631387145 0.8992696789326096
0.7938219148517529 0.7962916940257325 0.9102194519893713
0.8094785436696224 0.8007414783602895 0.9159970322873358
0.8112476850806892 0.800495510302616 0.916577900486999
0.8189213178717573 0.7828856959097101 0.8948612903094038
0.8017470663982981 0.7992458685714456 0.9111015029289659
0.8043997280113775 0.7888952305212834 0.914658201519632
0.7996331930354641 0.8069259709197526 0.9115404823447406
0.8082689947008499 0.7850943112261622 0.9134046278213359
0.8053786153838195 0.78579724276496 0.9122367619099734
0.8025724250420677 0.806616439762021 0.9226220426768854
0.8047844027702638 0.7643189838535127 0.9091292408096239
0.8095896850252322 0.7880877456913148 0.909603591345857
0.8070533541622091 0.7909879026437249 0.9176920311787505
0.8001791103368129 0.8149498111091407 0.9154801330257146
0.8005465763212213 0.794216247790225 0.9135033221953804
0.8037922073347893 0.7905055858108317 0.9179633619410248
0.797414742777767 0.781740039416106 0.9123772508560933
0.8068812510804556 0.7837056611835507 0.9024212054100823
0.7988543918652931 0.7783935577369976 0.911269719167951
0.7912846224170864 0.8097540105966433 0.9068470675578472
0.8002142667517819 0.7956750656682001 0.9249274220795882
0.7999758198995114 0.7872590432696437 0.9109507141412004
0.7996889248740541 0.7857139936663381 0.9137659354421551
0.8052506354412374 0.7888548199459401 0.9174273766013918
0.7992277378420554 0.7777504369561924 0.916477556513798
0.79627197646541 0.7989456967136742 0.9112867228579528
0.813720859224673 0.7732959065287287 0.9016739794596297
0.7977315624264371 0.8040317679116117 0.9145757695546958
0.8149969871526266 0.7910924164150044 0.9127987075787201
0.8057256971471449 0.7945867366406113 0.9191368219223701
0.8021430803090666 0.7902713520983057 0.91793923205246
0.797823161103943 0.7955523491132 0.9090527141318844
0.8106304350957334 0.8000504306028868 0.9044345247309059
0.8031755622519712 0.7845298339308715 0.911322753958561
0.8067953671610347 0.7872910334642399 0.900214157416631
0.8095671541221446 0.7854766962625385 0.9006929766417962
0.8061183760368802 0.7976980051214084 0.9145921185599418
0.8125603915061683 0.8034595203666594 0.9187402681763787
0.8071697074854896 0.7801720699798355 0.9089473995969898
0.7981882718788174 0.7940640822270545 0.907463179356755
0.8038147727520463 0.7877173864225692 0.906939973332566
0.8020604825882502 0.770016781964425 0.9066135971696487
0.8002341875632596 0.8057661935393131 0.9130632059830232
0.8008327276037976 0.7927630527235621 0.9106141338603841
0.7929128766815905 0.789642934335332 0.9118573950456988
0.8108691613098921 0.8024621230884427 0.9212482552153383
0.8056969948379902 0.7973510658381228 0.9149301755689131
0.8047831957734463 0.7871754963909813 0.9117814129414097
0.8003412926313483 0.7965389889834807 0.9122853813105481
0.7972485843428159 0.7984043275491783 0.9114413297058913
0.8003848108661803 0.7960813319949567 0.9104122773884712
0.7973918836475924 0.7706632746637943 0.8959698524530518
0.8112401819641504 0.7773800368902423 0.9057220939337992
0.7994625649418401 0.7917003419724039 0.9128015512362566
0.8139132120151964 0.7636397563892882 0.8938557066603857
0.8110020720483571 0.7936677245451715 0.918138657786033
0.7986562240549212 0.8092387577496872 0.9157369887308623
0.7922574844586638 0.7971772955999744 0.9170991821590574
0.8072243791751522 0.7877276337348039 0.9094697568200116
0.8004179661986126 0.7941429761726868 0.919639123013903
0.800770529380849 0.7989196175306791 0.9132008882271703
0.7980604213674288 0.8089487738224556 0.9148653392089521
0.7942447145545768 0.8036412467386828 0.9112819827054363
0.8089186449627103 0.7813812050112903 0.9043688082358889
0.8031559284702113 0.7910753664956237 0.9099112471773343
