# full, direct, likely fidelities
0.8827526123798378 0.8837452872723074 0.9514615831720818
0.8886319293143657 0.8768496192730754 0.9516826935957557
0.8899350316990724 0.8704618753574317 0.9555750760684389
0.8826156744549086 0.8682933386708738 0.9471276715828679
0.8819990899793472 0.8729097894062531 0.9536800352842038
0.889138077238636 0.8687425044463226 0.9415549818130081
0.8832929964248332 0.8581787577473903 0.9537242790671312
0.8895295756474862 0.8576542500815876 0.951472397331564
0.8850747235483467 0.8646142007477264 0.951716789763163
0.8847610742061838 0.8716250368710087 0.9504802955519881
0.8915114325481259 0.8592816548376492 0.9592830159278142
0.8790202902650345 0.8784160195200295 0.9557791381222874
0.888820293441884 0.8647242467455539 0.9514138430008634
0.8876149371490085 0.872608253467988 0.9515083479078944
0.8859611431345881 0.8608357490107814 0.9527136695658247
0.8819215671348986 0.8655556182753379 0.9528709702619579
0.8922563343676403 0.8586849366089945 0.9540553675223252
0.8869560360232219 0.8756289062630195 0.9548885664068469
0.8861643079479117 0.866555946145003 0.9490851008353335
0.8848162034961546 0.8746245526067218 0.9570530164855373
0.8813643631439354 0.8760483569774669 0.9518430740518565
0.886145027378645 0.8656254944713517 0.9500368626991015
0.8860625289061304 0.8521581100607835 0.9497534771292258
0.8827937267906727 0.867565577702295 0.9492067586233012
0.8847729597152009 0.8779780604742496 0.9486065941106157
0.8848260498299269 0.8637126725451044 0.9459926744156475
0.8836243954261456 0.8717517817942425 0.9559345871911344
0.8844759602536426 0.8565387931247538 0.9477014865470449
0.8816874451884626 0.8786457725887864 0.9527265247841912
0.8857025654339572 0.8721928402972138 0.9525317255726353
0.8926167621062956 0.8627408930127852 0.9472517931796789
0.8901964632545182 0.8721222493069452 0.9483426294097157
0.8818453257302873 0.8693425665043844 0.9551529015461618
0.8888333391655963 0.8678113085068291 0.9445073524548797
0.8888125359016159 0.8492611134980834 0.9444119659231333
0.8844963854864641 0.8690160264516441 0.9491830892636085
0.8861839334299759 0.8627472586866641 0.9472032517135262
0.8894961946175499 0.8733942052186715 0.9559516047644194
0.8876620686798162 0.8513827164201324 0.9491062597413148
0.8859498649115255 0.8809349027840901 0.9518704889935325
0.8871830067569343 0.8562335109678879 0.9430275561877556
0.8819395287941798 0.8662691887384831 0.9513585555491891
0.8850878864417407 0.8627564630594035 0.9529466706453049
0.8839602053175121 0.8621707678133517 0.9483513844609968
0.8832824329768516 0.8717425480546654 0.9473291482620367
0.8819120389295247 0.8681514522786122 0.949859799012243
0.8954177373179576 0.8703630172446327 0.9453218126819913
0.8869252543706021 0.8656949673772663 0.9461531273993024
0.8833261157414644 0.869235600375001 0.9486104726538162
0.8832036507574119 0.8645630259247837 0.9491840774014304
0.8823518337183875 0.874248564393155 0.9515037951112507
0.8812521003114925 0.8588737702230256 0.9489134816710637
0.8854134370076348 0.8699707912223749 0.9480826866062575
0.8823119453858678 0.8758506892089085 0.9497541098177487
0.8888279220340772 0.8749550122390687 0.9466454844550407
0.8861901507637852 0.8454124840465206 0.9462418027718885
0.8877945838070992 0.8591227305573808 0.9564651845573977
0.8863118598265306 0.8806903139676829 0.9536447140425076
0.8897760935754806 0.8658487217606958 0.9515593554146059
0.8875548365049638 0.8709854046312518 0.9512306425362465
0.8863660288564799 0.8524652153188071 0.9425606659217126
0.8888177492811781 0.8673464825538962 0.9474029673842194
0.8845070479817528 0.8633791815998041 0.9463944435604493
0.8840668429513447 0.8686066021359287 0.9524310505527145
0.8899470304335021 0.8677504748517482 0.9483813243294739
0.8837250344956246 0.8845536289280143 0.9528839154938649
0.885323889835585 0.865274941839142 0.9541422432642432
0.891093438037999 0.8669446540830991 0.9474211399517458
0.8848273448389409 0.8613032526805801 0.955958245218927
0.8878631997085772 0.8558947538148366 0.948809848301681
0.8837958581945667 0.8669486419599163 0.9531617287547954
0.8875543885758106 0.8676384458490761 0.948381135781763
0.8804005130038087 0.8737151972318846 0.9549363192726693
0.8853267811851739 0.8649486661064211 0.9546649381033986
0.8921928660270776 0.8606752948836535 0.9532472702916274
0.8823259659016905 0.876226475779471 0.9509328250059141
0.8879106002564401 0.8700217559303738 0.9481454879561717
0.8795612294879551 0.87364862100877 0.9541410182327491
0.8843389794713794 0.8762432287375389 0.9526328918221948
0.8856615412865874 0.866145063343 0.9523950928661138
0.8827492454328116 0.8719620427961592 0.9507721472496837
0.8897810195942666 0.8725634201543842 0.9411909442113674
0.8914800652318473 0.8630977241368096 0.9496051867466807
0.8863350465495133 0.8678332903734979 0.9516908527994218
0.8902022120400815 0.8467148991660206 0.9323192206709019
0.884239503453172 0.8649362040626719 0.9550287506089833
0.8843099484014372 0.848841915103091 0.9438890547506759
0.8841697576999867 0.8718636540646933 0.9485785100936175
0.8829868570534232 0.8753641663007868 0.9564079428839325
0.8893400909195974 0.8603777309836236 0.9513375415686225
0.8853077142953326 0.8650706482660935 0.9375622651492639
0.8847033149694274 0.8713645845708425 0.9375123539448817
0.8896026150260354 0.8633832558325324 0.955068412147432
0.883060856045918 0.865785855178185 0.9510501031304219
0.8838205447925799 0.8678875792599692 0.9522839590473366
0.8826749074244723 0.8588808638932284 0.9507835972184987
0.8847124585865669 0.8703532583330974 0.9497250463244216
0.8860960099715328 0.8598017061668481 0.9463127322655805
0.8804914281492261 0.8763484998988115 0.9487574704796966
0.8860433690340931 0.8568159548581396 0.9414482087615883
