# full, direct, likely fidelities
0.9989747244191841 0.9966122869830559 0.9984234071049564
0.9989777322777238 0.9963988630337203 0.9982811621760022
0.998938057810469 0.9962673749252021 0.9982689544054861
0.998905406203988 0.9964715581142589 0.9983624716303868
0.9989950178793467 0.9963546913287101 0.9986153778144927
0.9989548987305161 0.9965620139880567 0.9986024531800685
0.9989341174626201 0.9963202387111292 0.9984074713401808
0.9989515310418197 0.9964502405238385 0.9984450547550615
0.9989259311043159 0.9970283830826352 0.9986301528945593
0.9989576101586812 0.9960598208322697 0.9984867604275147
0.9989288923689627 0.9962516116999632 0.998266703874693
0.9989621955454453 0.9961282353073689 0.9985517382856691
0.9989806102397621 0.9964847512585958 0.9982973665096981
0.9989323298230325 0.9964766457547856 0.9983919736488519
0.9989385189333245 0.9965443543720007 0.998271978246724
0.9989647046118617 0.9960635520475607 0.9982965536697127
0.9989619540139468 0.996759350510997 0.9983882069304898
0.9989262498035613 0.9965678443631985 0.9985736329173818
0.99897816697751 0.996301695196905 0.9982754017877268
0.9989971310272391 0.9969329989937114 0.9985580265878369
0.9989511242648383 0.9963809360781439 0.9982161174594835
0.9989527497137154 0.996703876494348 0.9984124918607235
0.9989515885289098 0.9961426347047806 0.9981760500320773
0.9989808018675634 0.9954642942292546 0.9980842678813882
0.9990126281070262 0.996675812551784 0.9984107056494194
0.998928439718539 0.9967333362062127 0.9982634422824382
0.9989592098631264 0.9962599991150068 0.9983158290833124
0.9989728012038905 0.9961646530296053 0.9983724237257354
0.9989556449565188 0.9967356148827589 0.9983993637723374
0.9989735094565629 0.9967289356851632 0.9982987566924547
0.998972435816866 0.995865107011333 0.9982038910405373
0.9989545142694571 0.9959905947361076 0.9984329507938463
0.9989572354194703 0.996255417063559 0.9983698903838859
0.9989764852799095 0.9964944465672068 0.9984874687902899
0.9989554329270907 0.9962412372112138 0.9980624565457732
0.9989483401137459 0.9964988274540447 0.9982077024887975
0.9989777725104059 0.9965449440865425 0.9985009803016683
0.9989442760997923 0.9962908359447614 0.9980516531494019
0.9989717935522215 0.9966188897273718 0.9983348551039603
0.9989610070185643 0.9961263355859253 0.9981424429635097
0.9989935817402488 0.9966852615126414 0.9982554637580519
0.9989182909990195 0.9960470094166791 0.9985801059145667
0.9989023357912006 0.9962692002845869 0.9985215349324796
0.9989273663125685 0.9963593751726513 0.9984361856241516
0.9989272706927862 0.9963535117874314 0.9983165209122682
0.9989119992237434 0.9965884196180275 0.9982716593143732
0.9989360495013279 0.9965705106763643 0.9984706129279528
0.9989424700665701 0.9964162456115969 0.9982389935948373
0.9989896643091096 0.9967197383233085 0.9983630134048028
0.9989863319467135 0.9964544998597785 0.9980771605384074
0.9989882961557068 0.9966496620053342 0.9984618642443319
0.9989300216322083 0.9965364487994822 0.9982896660535898
0.9989770051966107 0.9962688691846521 0.9983349994326174
0.9989717944720483 0.9965229651087382 0.998493701057213
0.9989647198877704 0.9962655302779898 0.9982326934668126
0.999001136318185 0.9958406336080128 0.998403057654506
0.9989842445058117 0.9966287537965182 0.9983130729976198
0.9989478293446068 0.9966158086614529 0.9983630370385506
0.9989557874888658 0.9961135422138222 0.9983611719501043
0.998939625478154 0.9958221340462362 0.9981904431518216
0.9989588432199984 0.996864107158026 0.9982716188586906
0.9989414638709263 0.9966577983667053 0.9983663616244198
0.9989598364591723 0.9955339561949116 0.9982776954553764
0.9989154007408241 0.9956536674475924 0.9979801794173617
0.9989245414157091 0.9962269033147674 0.9986148559273106
0.9989596699613629 0.9963261658185676 0.9983962750410964
0.9989359608486331 0.9964172008935102 0.9981683464309614
0.9989529273498492 0.9962477451760282 0.9983724672697553
0.9989521924447293 0.996146482998903 0.9984202135982686
0.9989860890048495 0.9961520100978585 0.9984650965140655
0.9989456368961389 0.996407988915658 0.9983325213281782
0.9989371212830847 0.9962169640438306 0.9983410027295689
0.9989682037115386 0.9965632380333639 0.9983429825334084
0.9989685497085045 0.9968053517938206 0.9982484396202039
0.9989326990346555 0.996303232133287 0.9983505576471031
0.998986361452186 0.9962645846077075 0.9983769345857175
0.9989777209256492 0.9961434774787122 0.9984666350596137
0.9989735854735348 0.995909418518071 0.9981608231469453
0.998938528351142 0.995674930348452 0.9984363773000092
0.9989306202289768 0.9968118377834533 0.9984313165890973
0.9989507898483695 0.9966911088130059 0.9984417026392871
0.9989285487351612 0.995770518225705 0.9982740173743199
0.9989153820039223 0.996140363443533 0.9983042158729297
0.998966046792661 0.9959495033790183 0.9981978456409097
0.998972681819135 0.9963076889712565 0.998353974942022
0.9989269321503677 0.9965912511280023 0.9985986644655396
0.9989375634194955 0.9965264284718294 0.9985699503852787
0.9989559818185927 0.9967449207683469 0.9983965292271859
0.9989984383665693 0.9968433823149643 0.9981613836978531
0.9989687810072969 0.9966358104497363 0.9984993658432912
0.9989310828853287 0.9961438315637035 0.9981641127171157
0.9989853281076854 0.9960757337047984 0.998184958958712
0.9989570014499439 0.9960039228759038 0.9984703510361196
0.9989883439093719 0.9964807272706776 0.9985121734129241
0.9989626699226746 0.9966127251862643 0.9984725664549077
0.9989063482153056 0.9967191618174165 0.9983715862243093
0.9989275098422778 0.9960245448444763 0.9982288788752134
0.9989351141548178 0.9966138849281841 0.9984822209081826
0.9989376267891085 0.9965029271611858 0.9984327921737669
0.9989593298785607 0.9961893573829675 0.9983408611905611
