# full, direct, likely fidelities
0.9969179352117037 0.9945348452739331 0.9975831759473878
0.9968790044767122 0.9944915277543259 0.9978108243262126
0.9968173683903107 0.9936071164347869 0.9976394332708554
0.9969205441487383 0.9945543614705512 0.9977496598831738
0.996862302531488 0.9939339312317049 0.9979601571425314
0.9969113274074185 0.9944498609403317 0.9975257938287778
0.9968480646748666 0.993759990028977 0.9978290860762071
0.9968602040388346 0.9942991303168015 0.9979788205735727
0.9969037758165338 0.9936961652604861 0.9979846823481886
0.9968406556468083 0.9942028201543927 0.9977341622063676
0.9968850038463711 0.9943558527461345 0.9976891424966348
0.9969127850814314 0.9948472535126034 0.9977960216743651
0.9968748877999306 0.9939336949866427 0.9973661115453687
0.9969066153861312 0.9944715145291944 0.9978124194228754
0.9968561826602365 0.9941756535223011 0.9976337168265612
0.9968927870805362 0.9941505424092936 0.9975926334485147
0.9969486106845474 0.9942619113257775 0.9978118629667752
0.996888032619045 0.994790909282176 0.9978585629018846
0.9969622472909178 0.993966130071159 0.997660555044264
0.9969009789921288 0.9939248743621917 0.997698122447428
0.9969371693044361 0.9945268141808765 0.9978395382462019
0.996947604095742 0.9942254167013539 0.9978700237782782
0.9968755141074052 0.994562569482817 0.9976543603664866
0.9969054468678876 0.9949449512847 0.9978116852417348
0.9969358586814037 0.9943670678894705 0.9975348778713009
0.996865218938534 0.9946984425698195 0.9978339266902945
0.9969273754635216 0.9944115572190827 0.9977874523025444
0.9968793054646634 0.9940440904974237 0.9977856577321486
0.9968992707348147 0.9939756719079548 0.9976831854313976
0.9968663417824093 0.9947992673457622 0.9975057036054851
0.9968914240470657 0.9946228195453087 0.9976807682905383
0.9968161661521594 0.9925062232502612 0.997600381801646
0.996900034898911 0.9941801828422584 0.9977598886453313
0.9969362395357917 0.9943236322803111 0.9975433416448677
0.9968693729761038 0.9942696311085841 0.9978293319497233
0.9969492685302629 0.9941602336037566 0.9976998401731569
0.9968668528658755 0.9934325498035181 0.9978220273260487
0.9968291735018299 0.9940054706086534 0.9977720130892357
0.9968164709343865 0.9943883574310675 0.997803977241837
0.9969171764467746 0.9947753378198319 0.9977170851084307
0.9969094948543845 0.9944452973599193 0.9977731607345286
0.9969381760073543 0.9950851315022688 0.9978765844278537
0.9968554581861686 0.9944594774931724 0.9976741339788375
0.996889273228848 0.9939532814884573 0.9977157514194228
0.9969042338814763 0.9944603433919947 0.9978911467885178
0.9968865325064898 0.9936237811233811 0.9974140445354098
0.996839682038844 0.9940987076240999 0.9976990865480811
0.9968793997516812 0.9943166862741217 0.9975285437596092
0.9968850120179035 0.9946438352777397 0.9977775255752134
0.9968727686008855 0.9935635839599818 0.9977275243506188
0.9969026610247829 0.9940844432195075 0.9977744703580388
0.9969275113903923 0.9939853611695272 0.9977664958683041
0.9968656192882384 0.9944675303706426 0.9977842088330166
0.9969107671724324 0.9944579885299875 0.9976219814973647
0.996954032424982 0.9947632808630184 0.9978429197221778
0.9968868104767501 0.9946405666744006 0.9975446476361802
0.9968976234037203 0.9946705186899455 0.9979845697015672
0.9969018840844758 0.995117275092141 0.9976235040644659
0.9968871719426804 0.9940211763089116 0.9975982834144994
0.9968941104652994 0.994195177467799 0.9976232483071826
0.9969118637035853 0.9939302428720871 0.9977613124984516
0.9968266382093587 0.9936413695092622 0.9976857735355833
0.9969333341176961 0.9945552524592997 0.9974405282827218
0.9968344210059531 0.9937629313702275 0.9978372737307072
0.9968671648956293 0.9942884276742221 0.9977656644502435
0.9968897446271311 0.9945188852674193 0.9977866126175301
0.9968987531500354 0.9945518297634285 0.9976938922592489
0.9968406473770512 0.9942537131405825 0.9974175539242744
0.996872994319092 0.994844154092861 0.9976511184153858
0.9968821764699404 0.9944254768817444 0.9977606664250229
0.9968725720065796 0.9939606363972019 0.9978968622647355
0.9968444570093877 0.9942168242428832 0.9977133651464304
0.9968377061403171 0.9935628009692344 0.9979651738708106
0.9969034154677053 0.9937900356165217 0.9976611298662814
0.9969065696660645 0.994230939218236 0.9976179422597632
0.9968983700034222 0.9942476649656304 0.9976712970330798
0.9969111767857028 0.9941925582994054 0.9974423282593823
0.9969299388850714 0.9947123995111475 0.9977912116167958
0.9969305338109912 0.9941860618848563 0.9976784003448964
0.9969381845893724 0.9944770838963971 0.997637293562438
0.9968835129810255 0.9940549872468325 0.9977140408962507
0.9968968226027025 0.9944495945116336 0.997710518052889
0.9969137148414976 0.994536300036671 0.9977003485526593
0.9968669274012343 0.9929280965204532 0.9977815078120225
0.9969384010134092 0.9941447463313576 0.9977916762946033
0.9969136547569393 0.9945169144440827 0.9976556568692426
0.9969013264448239 0.9943165363111792 0.9974761275463923
0.9968807637731889 0.9942243438757659 0.9976934936948078
0.9968957052831788 0.9946642400328439 0.9977136392689803
0.9968414116743268 0.9933268130829219 0.9976496199964551
0.9968734542555702 0.9937473120152547 0.9976918134681128
0.996918547355058 0.9940550291236396 0.997517324487578
0.9969468972701656 0.9937492234666441 0.9978195956083953
0.9968616700893989 0.9937568425599766 0.9976149832085782
0.9969150300815532 0.9945899725673766 0.9978799268624043
0.9968538983457683 0.9943432823157528 0.9979871596513663
0.9969179879625968 0.9946131830785531 0.9978950827043317
0.9969222649074193 0.9941763708810233 0.997757453629962
0.9968830211726311 0.9937383069535743 0.9972989771784315
0.9968958319694136 0.9946329938220044 0.9978823883737781
