# full, direct, likely fidelities
0.9866429244140887 0.9947226596740681 0.9975495928269104
0.9866755454389045 0.9947225940936976 0.9977633187671836
0.9866828774768334 0.9950155798252334 0.9976720374377711
0.9864522864995966 0.9944325059438712 0.9974731703333328
0.9866410063174379 0.9947509180550761 0.9977204786007149
0.9866791417886993 0.9947942198123016 0.9976986852148562
0.9866800917953852 0.9950590604032135 0.9977252487911473
0.986555041482313 0.9951849323710057 0.9978197199106995
0.98677490513211 0.9949655834410207 0.9976868280029983
0.9865140488079719 0.9946836589584205 0.9974158935670474
0.9867114096873344 0.9946722831655568 0.9977122393092196
0.9866373908551277 0.9948866929190512 0.997602214685192
0.9866288076206563 0.9947462977251397 0.9976567299283653
0.9866165312139495 0.9947124812403778 0.9976600465973962
0.9867405460445169 0.9950833640044942 0.9977683882551971
0.9867501358627263 0.9950754117755958 0.9976351252322021
0.9866874557852526 0.9949846579666495 0.9977196365843981
0.9865921908371864 0.9947174003690051 0.997711577724956
0.9866519759516387 0.9947876502825623 0.9977235525648185
0.9867641493834025 0.9951235675434136 0.9976654358200417
0.986716195421096 0.9950155670271659 0.9977263610939638
0.9866702995470208 0.9949966667251683 0.9977265003194505
0.9866876642387711 0.9951485756899419 0.9977003785879232
0.9866647592886179 0.9949491234882643 0.9975541094612148
0.9866674651514731 0.9950679581801344 0.997743723887012
0.986641283557174 0.9946797434867458 0.9976830365756599
0.9865940597739095 0.9948228373857111 0.9976721366800207
0.9865954212193444 0.9944838275393709 0.9975492991207546
0.9867059772793167 0.9949833162011155 0.997810244850763
0.9868489977439701 0.9950135094804274 0.9976876458206841
0.9866806995162977 0.9949726885868093 0.997738289272565
0.9866778478009143 0.9951098550995217 0.9976808597675357
0.9866327579721894 0.9949263002249212 0.9976119456430381
0.9866665962632475 0.9950579045221711 0.997632521036755
0.9866842441689734 0.9949049215002048 0.9977679240370012
0.9867071817292973 0.9951498253912583 0.9976459185619528
0.98653661104533 0.9947293952089927 0.9977476130287433
0.9866553985678672 0.9950431935229987 0.9976870998773265
0.9865000212699738 0.9945304093101887 0.9974766647307619
0.9866226604972294 0.9950212265293553 0.9977043316822473
0.9866601133679431 0.9949306431132738 0.9976398669087998
0.9867659987939323 0.9950932004272506 0.9977542551957695
0.9868239331336104 0.9949987026179404 0.997635210817668
0.9866678512742355 0.9951514366306473 0.9977563122623722
0.9866409301876986 0.9946719170262979 0.997611006944669
0.9867317984668071 0.9950123900186196 0.9976491553524094
0.9866719099432945 0.9950280290070745 0.9977903879514669
0.9866613370678935 0.995108510849125 0.9977094780049732
0.9867344214782889 0.9951561516309088 0.9977176215263049
0.9867674330446375 0.9951729989671582 0.997708689893254
0.9867532772401253 0.9948301411548967 0.9976410705801033
0.9866345378740693 0.9947721704310963 0.9974959028570851
0.9866017058609814 0.9944973401419535 0.9976528057388296
0.9866453820098042 0.9950268061852686 0.9976933250829426
0.9867045152004281 0.9951610211389225 0.9977050238998434
0.9866374507918576 0.9948740644823316 0.9977228932132384
0.9867498440848318 0.995158926107885 0.9977201286132577
0.986684523043765 0.9949839111258568 0.9976553894684727
0.9866537539835988 0.9948517609936707 0.9976018937468014
0.9867020738815067 0.9950018248748396 0.997698211974729
0.9867033080775582 0.9950683932574883 0.9977788266576556
0.9867865510211553 0.9951413196904669 0.9976848988879276
0.9866948157276869 0.9950986446347488 0.9976779902257359
0.9867469276022622 0.9949980344657154 0.9976710254936424
0.9867373624359017 0.9950575505852303 0.9977157214304495
0.9866949078364975 0.995240260337513 0.9977238082145229
0.9866222425627669 0.9944892815964114 0.9975754941630687
0.9865530319335827 0.9950266324156773 0.99763061204048
0.9867881074494769 0.994983994051917 0.9977024248363314
0.9866145911074603 0.9948325800895835 0.9976003816724122
0.9865230301213075 0.9947631851960532 0.9976574817072977
0.9865586263174358 0.9947728805251527 0.9976575102896108
0.9867120659043844 0.9946860435855386 0.9976148081671161
0.9865341079765694 0.9946005270138248 0.9974898436942962
0.9866455437011017 0.9949337159826901 0.9976460995346952
0.98669878116504 0.9950781275581088 0.9977038110503541
0.9867219932393494 0.9947012302599106 0.9976019210568409
0.9867936890054557 0.9950392380317783 0.9977362629336652
0.9867733640911936 0.9950657064604019 0.9976295696903382
0.9865947271138834 0.9946847440102325 0.9976889529250825
0.9866001285717426 0.9948793169626944 0.9976267302815648
0.9867689152668059 0.9950615386782773 0.9977052925831537
0.9866604559228042 0.9947557114734509 0.9976162791887938
0.986717470850477 0.9948603627669088 0.9977837980383332
0.9866530567365864 0.9946654099592646 0.9977386925764593
0.9866670593598907 0.9949789110469431 0.9976984177771817
0.9866385743124295 0.9947386582652242 0.9975716538071014
0.9866257141248956 0.994781688710134 0.9977041184871107
0.9866687272748287 0.9948874056474146 0.9977355478986907
0.9866689885757539 0.9950158951438155 0.9977210514212795
0.9869000146670087 0.995243531500422 0.9977268350550603
0.9867211156605081 0.995038861962223 0.9977946857461248
0.9866699570375115 0.9947187466807391 0.9976197205032001
0.9866598859492531 0.99489048546827 0.9976711246498808
0.9867520315645159 0.9950561198847903 0.9977296937664336
0.9866808081011702 0.9950923258212119 0.9977809836763738
0.9867924720288923 0.9950541008347334 0.9977422069975973
0.9867088866125416 0.9950277516661848 0.9977454198028121
0.9867511571863598 0.9950054366001287 0.9977491496735561
0.9867698415998017 0.9952125033929866 0.9977104439821158
