# full, direct, likely fidelities
0.9989376053964286 0.9843182565558425 0.9937332298334624
0.9989169962955115 0.9848135039426859 0.9948377822786968
0.9989214266961781 0.9851030045518135 0.9937876725675905
0.9989313486474707 0.9859814284453644 0.9947158721062169
0.9989084177321708 0.983507060921942 0.9944660971898507
0.9989074466165538 0.9873355179710864 0.9956070830839516
0.9989207777931876 0.9846788436866273 0.9942285718799994
0.9989187766475841 0.9841805401162075 0.992089539229669
0.9988977559305494 0.9877002608148868 0.9945833103911573
0.9989051645624578 0.987124088088229 0.9931248022563914
0.9989443656649714 0.9868694232516201 0.9943035646460952
0.998951219581784 0.98731615445098 0.9948135002551384
0.9989490735885508 0.9855613735211851 0.9941490433409762
0.998940968966954 0.9837051136022847 0.9942736674577339
0.9989310470256179 0.9833852720517722 0.993687795404493
0.9989424632196147 0.9848453973013638 0.9944076943906522
0.9989083905279856 0.983025674149456 0.9940730295314915
0.998896500559993 0.9834780722693801 0.9937366945201177
0.9989421742262532 0.9848265359625147 0.9948245304978043
0.9989604600575761 0.9852612279042724 0.9951707072310133
0.9989242917438996 0.9825530311364652 0.9941069575332432
0.998949553318893 0.981896835091015 0.9952631542648299
0.9988887264459972 0.9841624103239615 0.9944537401535796
0.998943512205682 0.9832805103458004 0.994297873916599
0.9989574050836143 0.9812768992973913 0.9927588019749668
0.998964736033651 0.9842409240692305 0.9949121828172092
0.998897652349538 0.9855599446101387 0.9959632276478328
0.9989516735284136 0.9861440151848774 0.9939578717274352
0.9989400514392586 0.9853779154186186 0.9950388784512977
0.9989940579741872 0.9850192758747343 0.995110462928547
0.9988761455438623 0.9836088375380438 0.9932788362957375
0.9989446924175359 0.9838291254445924 0.9940957143670712
0.998963422452167 0.9862601177322033 0.9942388757269701
0.9989582551837072 0.9817103296923099 0.9942964925774781
0.9989376753408842 0.9880717573747977 0.9944765394507541
0.998970594969278 0.984962037596703 0.9951895729959108
0.9989208137216501 0.9864856444545359 0.9947912674173224
0.9989361573066913 0.9832093563072446 0.9934303950235419
0.9989392976374228 0.9858508767955414 0.9947916613701482
0.9989216947969308 0.9808936552980299 0.9945116593549692
0.9989354631313915 0.9846180534286438 0.9953642703712459
0.9989706212628389 0.9841862464818716 0.9951465731467088
0.9989280063174228 0.9824732222015224 0.9946060355402687
0.9989245471971004 0.9822261795430965 0.9931670340792595
0.9989256157873837 0.9844097200651375 0.9940543035204138
0.9989418180531834 0.98592052056462 0.9955531982546398
0.9989473978505379 0.9845693778655852 0.9941085242361919
0.9989632159273695 0.981962367106853 0.9938308750862216
0.9989112002619178 0.9802312552392324 0.9939836874606174
0.9989237856092824 0.9838876772025683 0.9942329816149449
0.998937749217125 0.986439613439938 0.9947457341106518
0.9989543944828865 0.9849295035618306 0.9951730581013916
0.9989598043270715 0.9789949598869987 0.993883059890973
0.9989087554179056 0.9832628206975974 0.9960004101130197
0.9988985076983037 0.9887544482833158 0.9949246326314225
0.9989652052271791 0.9867944735333034 0.9943042963164949
0.9989179773889678 0.9867002953000844 0.9939984300854332
0.9989402318479721 0.9862114613441042 0.9956727440765802
0.9989788467989468 0.9855834787965251 0.9942777019939657
0.9989641412731317 0.98367877796382 0.9923736400686374
0.9989162285443474 0.9846061946007088 0.9954266524204682
0.9989149132864131 0.9828303446224963 0.9936273458415679
0.9989058915577556 0.9856588422444827 0.9942663182238846
0.9989549016053771 0.9834063342324546 0.9951737211667926
0.9989225683156397 0.9848480742610506 0.9935849232670179
0.9989298544601459 0.9842491438832529 0.9931989397823582
0.9989205545395169 0.9860480964425589 0.9947700289411665
0.9989592827730177 0.984777910144409 0.9953822593907762
0.9989145499743476 0.9830993300335431 0.9915974540433311
0.9989295611817317 0.9854730255730154 0.9943854288236179
0.9989322653287308 0.986561554419081 0.9953644821453754
0.9989510356026824 0.9827366844839757 0.9946583716741175
0.9989531546171133 0.9854332419967278 0.9941018256932649
0.9988452538157847 0.9846906522431511 0.9946577935326839
0.9989198568826912 0.9838246433067357 0.9946459893065005
0.9989843225240488 0.9874145509882937 0.994922068652194
0.9989515862156718 0.9839325905173424 0.9938393528091877
0.9989342173209451 0.9833887196242711 0.994585513645422
0.9989280568218346 0.984708523375437 0.9944806094095213
0.9989674265425467 0.9834413502448475 0.9949819130117316
0.9989015871547146 0.9843939611412907 0.9944271615196104
0.9988924708519998 0.9837975012259399 0.9939895687347216
0.9989481097017158 0.9856360053247226 0.99430719195048
0.998948317345431 0.9847530654564601 0.9939973627382761
0.9989294039801085 0.985505185125452 0.9952926515976263
0.9989254630507628 0.9827847917625537 0.9930817217969309
0.9989549199033734 0.9849611913705236 0.9947034124796222
0.9989227189363155 0.9847247251832061 0.9942139900634037
0.9989587183150586 0.9874816546008766 0.9951695974327309
0.9989561271179127 0.9874655102817521 0.9956358038890432
0.998938150876519 0.9839048613714138 0.99271758526311
0.9989265198955155 0.9826356162928913 0.9941033410321768
0.9989686230528652 0.9839883654501765 0.9950380234773691
0.9989666015514057 0.9833344637910143 0.9943601455327772
0.9989218531977412 0.9852191907305503 0.9932288712772466
0.9989502630970792 0.9853051724547262 0.9948129223324317
0.9989026107081097 0.9866948457173764 0.9939881953868429
0.9989400923963048 0.9864816426472316 0.9949359448778781
0.9989294513677125 0.9833674075588511 0.9933226948164685
0.9988968355576519 0.9858158400520014 0.9935230127656126
