# full, direct, likely fidelities
0.9894633660306915 0.9858130667216437 0.9936689846698563
0.9894355013775236 0.9826908698953822 0.9936997032416448
0.9892971033872707 0.9833204960257239 0.993351231979267
0.9893936390178264 0.9843148176566827 0.9937187113372687
0.9892817371994173 0.9837544747912621 0.9933637663647417
0.9894789336648567 0.9857305690190344 0.993858537269935
0.9893876660744758 0.9839135980708865 0.9936719252921092
0.9892059616450026 0.9849986705337294 0.9936618692550704
0.9893089388018718 0.9818053775412519 0.9933665479389304
0.9891944815295607 0.9800880016768231 0.9933976329080455
0.9893617140681024 0.9843519683614423 0.9937294541604644
0.9895804297341599 0.983711928973606 0.9940461884348016
0.9892057966024822 0.9832662108181285 0.9935721668715746
0.9892363921678032 0.9845968119023921 0.9938371359255191
0.9894427141757584 0.9841328203955272 0.9944756224934485
0.9893232816847819 0.9825864825240133 0.9933337937817635
0.9896793807128462 0.9854428664212936 0.9939007603939325
0.9894276851930802 0.9852876836876409 0.9939170350575762
0.9895162965855213 0.9832113737117403 0.9934858388224731
0.9893735237326862 0.9838719478334476 0.993595887951063
0.9895053697467501 0.9850224182586008 0.9940614910356766
0.9894742863692352 0.9839652317408186 0.9940356396517384
0.9893654376228876 0.9865775227938908 0.994103615885193
0.9893624817682948 0.9839173953291648 0.9943632957774927
0.9895319145434414 0.9849558413856548 0.9942209931167052
0.9893106228536332 0.9853561463327193 0.9930222461320253
0.9894375944538708 0.9846323436523012 0.994231561511502
0.9894565650245108 0.9836945585054115 0.9936139601164724
0.989283734763825 0.9837295663692366 0.9937527978526745
0.9892445160355487 0.9848806805932707 0.9941309100706713
0.989467650943626 0.9851240391861737 0.993888769640112
0.9891480655967628 0.9820480561582204 0.9933029497055339
0.989334789837446 0.9815836124641959 0.993800250314385
0.9895112809915766 0.9842694232098034 0.9940604828834814
0.9893888828760572 0.9838724048847686 0.9937241222554506
0.9895128328970889 0.9840548115131437 0.9933185613143418
0.9893474365365923 0.9829723825439817 0.9936127828667957
0.9892537704111593 0.9834079361427914 0.993760316775544
0.9891938094979942 0.9840177172888483 0.9932961999139419
0.989409971448276 0.9852397390761434 0.993532921900587
0.9894707342809771 0.9847566575610043 0.9944413285676356
0.9894632119218209 0.9858874301157087 0.993460826424939
0.9892722397065894 0.984634309745467 0.9939039743679439
0.9892661104393944 0.984322220680104 0.9943520577237587
0.9894359844435545 0.9840714705735114 0.993724964901372
0.9893652403037703 0.9825905983924185 0.99292201344787
0.9894059384625179 0.9827120262851314 0.9935217730816667
0.9893721656739216 0.9838952287328756 0.9938980760912154
0.9895526097719555 0.9856642741573151 0.9938351393318706
0.9894175056895389 0.983458372479862 0.9932486920780392
0.9894443051727262 0.9854694662862381 0.9941739436424498
0.989698075968402 0.9823350312825946 0.9935298023100143
0.9893428318285392 0.9818622133592178 0.9935372408644755
0.9894687990008318 0.9852166602593858 0.9944047917684972
0.9896590519333393 0.9846713599935131 0.993680544558666
0.9896000876163654 0.9851400897606531 0.9940962213989455
0.989405437110324 0.9848660377663644 0.9941260622602867
0.9895012052021454 0.9851639415947384 0.9938871565321895
0.9893035551886794 0.9840255874450744 0.992598441392867
0.9895088748695696 0.9836535525293361 0.9938600656718947
0.9895515640230214 0.9845436639334658 0.9932861946453881
0.9892963522982239 0.9819934707297446 0.9930833157344299
0.9895273174048301 0.9845587308451358 0.9937185068261599
0.9891099051017039 0.9824127816630785 0.9937613597131357
0.9893676251170143 0.9845602213839013 0.9936255272791837
0.989349168756793 0.9847796079919999 0.9939465638635895
0.9895547083139031 0.9840692687917705 0.9933677488674153
0.9893859950886201 0.9831446115018689 0.9938001672151753
0.989453074687687 0.9837735892580176 0.9941758996607273
0.9893195326258823 0.9854276535773533 0.9924135661371029
0.9893658871173342 0.9844193943626124 0.9936853328938776
0.9893250915799149 0.9837286821260598 0.9934386342195322
0.9893087105304211 0.982247646813273 0.9935385830344776
0.9893483838820264 0.9831330925672729 0.9919650254534443
0.989463813552433 0.9811044572501784 0.9938477013691815
0.9895397294254547 0.9832458339519828 0.9936315263184802
0.9894572490227888 0.9828773307375168 0.9936352149127455
0.9894712885989319 0.9850805805041697 0.9934568487858535
0.9895178082976283 0.9831416477580651 0.9939248334340044
0.9897695805334852 0.9844496812762523 0.9938458382163533
0.9892380472162009 0.983102858240044 0.994150997162528
0.9892938615324511 0.9854842367287678 0.9930933489488795
0.9894218635335834 0.9845058514524653 0.9937893505239261
0.9894769536483812 0.9829722090150931 0.9939693367548841
0.9894895016842296 0.9844755891226382 0.993693799075852
0.9894996274527064 0.983682659628784 0.9931751828283955
0.9895593969967 0.9850012362801709 0.9933675480022554
0.9892647889318379 0.983714784381423 0.9940213727387203
0.9894315003175934 0.98552700679641 0.9939807750285347
0.9891414313700079 0.9796497207908107 0.9934443384992032
0.9892504989914094 0.9817344885708621 0.9931228043282874
0.9894735709228035 0.9840641283813514 0.9936256707623093
0.9895211397568562 0.9830474040824102 0.9943999209983055
0.9892645093246841 0.9839678265637941 0.9940804258406016
0.9895300193360616 0.9841474585061432 0.9938724517402632
0.9893751600204292 0.9851751529244074 0.994389213338139
0.989519559337421 0.9850714705959313 0.9937050079042606
0.9897045715805451 0.9845113451429944 0.993644731431464
0.9891815621820242 0.9832536830653211 0.9931279008103667
0.9894733525712828 0.9847701465025129 0.9934494697108496
