# full, direct, likely fidelities
0.9927282102484799 0.9951560729701254 0.9982284411382986
0.9926361271089742 0.9944888428665982 0.9980139692248597
0.9926918378233918 0.9950517050826312 0.9979764076940478
0.992670893304193 0.9947756153044561 0.9980618674281907
0.9926937436480052 0.994796082806536 0.9979075177444766
0.9926388496617818 0.9947343518084605 0.9977657489407656
0.9927054384528837 0.9950737331631817 0.9980683094138614
0.9926441703226487 0.9949382993112398 0.9980574026450393
0.992737264882608 0.9949661935574374 0.9982481254061213
0.9925269302987516 0.9942415668952811 0.9977936934266225
0.9926768819176236 0.994502703729354 0.9981309603776358
0.9926424660911328 0.9939234281251905 0.9979423567466968
0.992544187538431 0.9942196854443951 0.9976782832727501
0.9925855355428103 0.9944859518244236 0.997882516506854
0.9926387654347373 0.9948416166449746 0.9979120840687425
0.9927461241604824 0.9942649997383356 0.9980263970308001
0.9927237890151543 0.9943441909146259 0.9978764362930262
0.9925890710099392 0.9940709833901723 0.9980665966215231
0.9926452216841141 0.9943839212095504 0.9979734608113674
0.9926799693537034 0.994744646731972 0.9980854097075326
0.9926439561831125 0.9943132568685106 0.9980242373043537
0.9926887043059958 0.9945442589801168 0.9979716435079908
0.9926171091532309 0.9945221863976484 0.9979593862334608
0.9925933056535163 0.9936800938550159 0.997765780827235
0.9926411674129719 0.9942268448803704 0.9979358099654569
0.9925643193500979 0.99453405219985 0.9980950769027387
0.9926127144245412 0.9945311286491083 0.9979101022754552
0.9927020604951352 0.9946899694352126 0.9977087866780313
0.9926242382698955 0.9949709689484602 0.9980412737798577
0.9927888503290079 0.9946864563395462 0.9979400332909985
0.992707342892688 0.9944984893992477 0.9980418438148322
0.9926590048085562 0.9947982311758762 0.9979975113886419
0.9927068089762395 0.9952333729179075 0.9980046378723839
0.9926379452961678 0.9944242717479698 0.9979019488283455
0.9925904330153468 0.9943155482880702 0.9979230266273731
0.9926116400913827 0.9947063383136318 0.997849643463389
0.9927158100659138 0.9948323228904069 0.9980829193032414
0.992730241561584 0.9948738201092184 0.9979887147244898
0.9927342240009879 0.9951016579201147 0.9980231855571853
0.9926669343415161 0.9949026778676037 0.9979807109674551
0.9926565006251438 0.9944020019580367 0.9978429147897804
0.9926853956351406 0.9943155518777647 0.9977357231613385
0.9926137980710341 0.9943380976118341 0.9980061043246548
0.9926526151750231 0.9945730371306707 0.9980470991279565
0.9926070862483415 0.9944348508258474 0.9979942962157369
0.9927221752097838 0.995117714320483 0.9980268185992424
0.9926397998120507 0.9946269153443449 0.9981552335332818
0.9926168702213946 0.9948844223412104 0.9979518027434027
0.9926196559023335 0.9946660602271977 0.9980408878341992
0.9927131110430084 0.9944741212818197 0.9979261263515024
0.9926755300376776 0.9947768611357497 0.9978468644118533
0.9927426187641573 0.9944807799849642 0.9979480966391824
0.992581489618372 0.9947006829571063 0.9977674494382974
0.9926016061963223 0.994591755616516 0.998063081416955
0.9926480774679122 0.9947994426498256 0.9979416117369376
0.9926655693913083 0.9946006056099638 0.9979817851594783
0.9925850638335992 0.9947942135943495 0.9980212370959702
0.9926186071010318 0.9947069546790716 0.9980938165225829
0.9926100521787999 0.9942873750190001 0.9980683783714175
0.9926452776152581 0.9947478958104093 0.9980283111251278
0.9927207722681072 0.9948353907287234 0.9980870190128913
0.9926425906383681 0.9943747878570525 0.9977687869137895
0.992684868334966 0.9946306023534619 0.9979321148754537
0.9926182067502038 0.9947712672466428 0.9979512415652205
0.9926160760878536 0.9943490661922082 0.9978906747964701
0.9926421560665958 0.9945277427614087 0.9980622153554756
0.9926781616234692 0.9944107026551486 0.9980752739321772
0.9926326807945578 0.9948677423446582 0.9980335381225097
0.9927170467312177 0.9946298859385487 0.9979883136050329
0.9926462610345574 0.994621632966114 0.9977917346983131
0.9926741689136679 0.9945165651345839 0.9975416939427459
0.9926058739262643 0.9943672346857996 0.9981469546213592
0.9925954248890451 0.9948873171755637 0.998090688711378
0.9927112322596833 0.9946777780544716 0.9979690791934808
0.9925946844613283 0.9946698422655347 0.9981404162777903
0.9926937386505084 0.9947035857912075 0.9979607813847253
0.992693658208557 0.9948679425377691 0.9979758700765459
0.9926786615266219 0.9949529952253665 0.9978982732680659
0.9926952825078772 0.9944507625101591 0.9978435116031786
0.9926286742589991 0.9946715852675485 0.997851166965584
0.9925453568445871 0.9938066737013215 0.9978435886858328
0.9927437998611844 0.9949215139026837 0.9979596308422207
0.9926412977587726 0.9948839247028481 0.9978284522821613
0.9925847327817882 0.9945009833568272 0.9981102036636551
0.9927063360542581 0.9950474561572011 0.9981405442264819
0.9927197257240337 0.994852196873522 0.9980956682487323
0.9926403851607832 0.9942829061877123 0.9979900361185087
0.9927095897238929 0.9945835435299786 0.9978012477741736
0.9926175567346234 0.9946564343955008 0.9980396130888907
0.9926642746612847 0.9944520280634004 0.9979393939903056
0.9926322855170245 0.9943563438418797 0.9978405945777571
0.9926730903435422 0.9946962482961214 0.9980032974001927
0.9926311370838776 0.9950335782144348 0.9981150642596885
0.9926573743510868 0.9944906281646307 0.9979008685824995
0.9926698306140134 0.9949023521820045 0.9980587496171283
0.9926031291341454 0.9942370337897998 0.9979700488458646
0.9927412096986311 0.9944234774835977 0.9979457885420049
0.9925146835607186 0.9938845881835757 0.9981561675275483
0.9926713401275049 0.9944800212916498 0.9978266116852457
0.9927672876965387 0.994989666973188 0.9980363548111604
