# full, direct, likely fidelities
0.9999399383133455 0.999096841490621 0.9996353290059167
0.9999305855013144 0.9992399895156261 0.9994309713908178
0.9999302823435069 0.9992683847423646 0.9995953465497774
0.9999455452212985 0.9990769928299629 0.9996317260849332
0.9999437086838364 0.9992869657346556 0.9996080646431508
0.9999377139441596 0.9991279099136021 0.9995149091288998
0.9999389690972528 0.9993531401971116 0.9996424431004717
0.9999332410423484 0.9988567323321316 0.9996713306747296
0.9999335565515125 0.9989713606386169 0.9994541579680277
0.9999422763978452 0.9990046307804402 0.9994492386027001
0.9999350185182777 0.998884853587558 0.9995884810261447
0.9999369149822344 0.9988243581020841 0.9995099670561255
0.9999356566815725 0.99936350172002 0.99959633279104
0.9999267012745271 0.9991254830828509 0.9995974776887449
0.9999401894375628 0.99912696696116 0.9996253494769253
0.9999448865970455 0.9988355876545794 0.9993859633668897
0.9999307316649189 0.9992948257375687 0.9995487333068154
0.9999392571688291 0.9994092961286062 0.999616963878862
0.9999366378526822 0.9988486813805494 0.999124514924199
0.9999320396058877 0.9981045104128592 0.9996493256595653
0.9999318240338919 0.9989568134539164 0.9993888241117193
0.9999379289817382 0.9990148753095547 0.9995621514810127
0.9999246801063706 0.9990551516263597 0.999567751975962
0.9999387539859627 0.9991043265001496 0.9996607995521484
0.9999339151696347 0.9990619175826682 0.9996095248287121
0.9999404767860401 0.9988465306716641 0.9995602200921966
0.9999332527906072 0.99872222631832 0.99960114271879
0.9999317131584742 0.9988349824550349 0.9993044658954429
0.9999310102711386 0.9993800053285228 0.9997429394964775
0.9999405545159795 0.9989038551780292 0.9994840784627638
0.9999342609878574 0.9990683312295776 0.9995656346480509
0.9999423320426664 0.9991406384622898 0.9995935142497427
0.9999326988623285 0.9990602001381907 0.9995085505114683
0.999934228817419 0.9986726656929028 0.9994586900695389
0.9999346185749242 0.9986265809841566 0.9994641352016207
0.9999359011398893 0.9989038220851739 0.9995294466850786
0.9999340273781495 0.9990195414551266 0.9995305928746705
0.999935635570579 0.9991969347009519 0.9995054390974951
0.9999368098786819 0.999104292095541 0.9995991057938375
0.9999409236361033 0.9990418224132136 0.9995592632202551
0.9999265658122183 0.9987876631689212 0.9995853103230334
0.9999349376430119 0.9990545228773478 0.9995452703926349
0.9999395690026462 0.999155418651805 0.9996683626114514
0.999937918873537 0.998431833604588 0.9995704068923913
0.9999373455157742 0.9988312299942169 0.9996620266010312
0.9999409818425444 0.9986409861097252 0.9995631418514146
0.999931827475444 0.9993439890932984 0.9996609202241634
0.9999355064194324 0.998409800270126 0.9995725936206307
0.999946383571645 0.9986607669672259 0.9994259765991745
0.9999411015107853 0.9988445068930379 0.9997170240824735
0.999931261178456 0.9990265947282103 0.9996208074378337
0.9999356481808868 0.9985544586322366 0.9994385747683758
0.999940231703382 0.9994113698179692 0.9996797400157439
0.9999361069481676 0.9990676270581129 0.9995137664604057
0.9999392843846432 0.9991568517479541 0.9996167374265497
0.9999339122522111 0.9988023806715418 0.9995090867653187
0.9999296929898309 0.9988239170984508 0.9994879419806996
0.9999366425948023 0.9990161876154796 0.999488819642373
0.999941376232892 0.9992845537589856 0.9996751644159879
0.9999434372923305 0.9994304297250324 0.9997370793208579
0.9999242613397051 0.9989072913022173 0.9996251517267905
0.999932699850366 0.9991711805234256 0.9996294445810574
0.999935568730202 0.9986623296712295 0.9994552812824153
0.9999282423674528 0.9991158539497543 0.9994586872682699
0.9999451848991165 0.9990272145765736 0.9996520298262226
0.999938629798306 0.99893524545976 0.9994279999680075
0.9999371299531488 0.9992286878283038 0.9995822795688808
0.9999412305107334 0.9992214113311991 0.9996582002706115
0.9999313066438474 0.9989262883552494 0.9996274669697566
0.999933694836391 0.999250464270235 0.9996241586683576
0.9999412115532966 0.9992182326512928 0.9996637078950091
0.9999348824347658 0.999260518763967 0.9996779758979032
0.9999403819848505 0.9987982916191201 0.999591756471392
0.9999323010410126 0.9990667221259136 0.9996147397160515
0.9999334119901988 0.999253999517934 0.999632121938845
0.9999345918258277 0.9988889082320448 0.9995479429735984
0.9999447829718803 0.998016774712346 0.9997171456386229
0.9999332350165852 0.9987892009590552 0.9995656454602659
0.9999305671039407 0.9990450028357889 0.9995535509727873
0.9999284575699193 0.999102169844291 0.9994346955999036
0.9999346277689182 0.9991945804792055 0.9995378009838738
0.99993070813323 0.9992003755022989 0.99944044819751
0.9999352300407941 0.9988275178257839 0.9996130395633315
0.999931958760262 0.9991628032121074 0.9996415658426316
0.9999389880858565 0.9983191590476113 0.9995788735400644
0.9999393613871301 0.9983024188432127 0.9992973253729286
0.9999457344012236 0.9992643770632438 0.9996499780587029
0.9999187724126196 0.9986566525188072 0.999609930206841
0.9999234228954635 0.9990317368843259 0.9996731754486486
0.9999461220529883 0.9991062610062279 0.9995280015200444
0.9999301687202719 0.9990644950225115 0.999668714216905
0.9999312600357942 0.9987617321626613 0.9993515661490907
0.9999433945436625 0.9989238892270492 0.9996425262621336
0.9999398198148092 0.9982047537382783 0.9992105217178086
0.9999347306768137 0.9986978125208538 0.9995972331242081
0.9999336967946083 0.999306242139211 0.9994823485690605
0.999931783951639 0.998341766680534 0.9994846254246977
0.9999380082150445 0.9988428293299598 0.9995521161684863
0.9999342279611704 0.9984075815373866 0.9995438902933883
0.9999440931156486 0.9992270287980747 0.9995620685031927
