# full, direct, likely fidelities
0.789249360974313 0.8970452099556296 0.95135045857971
0.7921538013428123 0.8956744913653644 0.9498302355569572
0.7898954536298881 0.8964310416264694 0.950227220644201
0.7934528629933782 0.8910351577065156 0.9497782847334633
0.7930335644989975 0.8921038179586491 0.947920513167262
0.7961446659820448 0.8948807303212853 0.9487722830598397
0.7964655045762169 0.8957178609244274 0.9499183796451128
0.7895212583758903 0.8946196763138862 0.9486556859490919
0.7923548019121492 0.8899593500391696 0.9475306001106429
0.7918808820423544 0.8978281520971195 0.9499337725390866
0.7964642812891604 0.8958850672048936 0.9498193902353544
0.7930984065011434 0.9019432927170197 0.9510248634101005
0.7913829108923633 0.8972878948072772 0.9502469496416148
0.79967570558545 0.8839473838388203 0.9488160172350113
0.7869809476562247 0.8979487942341685 0.9510641850884397
0.792017112480494 0.8970458606734626 0.9508317018196506
0.7936946631503692 0.8927780170789931 0.9514340633075459
0.791155850842507 0.9024383683405157 0.9535019586316684
0.7976628926727641 0.8924667277037877 0.9464190624076918
0.7904312808871309 0.8960451161850496 0.9530918644010745
0.7950742370224723 0.8981364624549106 0.950619384891716
0.7900071218958112 0.892320411075621 0.9501610743199523
0.7904514722110594 0.8987766958079737 0.9522693609742714
0.7876477437909228 0.9005844646286443 0.9517528560723534
0.7917244678184048 0.890544382030964 0.9468410050607945
0.7864445870617531 0.8991025678956887 0.9507438849447767
0.7917637107982589 0.891932855126293 0.9488766945778577
0.7868233244857945 0.8923800712242873 0.9487566318449301
0.7970867308959905 0.8919103116026372 0.9495830147958079
0.7931291733513421 0.8923328334114826 0.9473791042319494
0.7965566758735311 0.8932510078238699 0.9511705107398518
0.7891540593154808 0.8980732405485854 0.9519777282133713
0.7915747423222969 0.8991152260952436 0.9510734399949182
0.7892127475884029 0.896255465593302 0.9500577100804198
0.7942332923187709 0.9027468628529773 0.9509863333142374
0.7938555058488352 0.8934975236534103 0.9463956695676542
0.793223178241718 0.8925240481289095 0.9453852596251858
0.7877441470396006 0.9027579683086034 0.951137593067276
0.7894363604301865 0.8931815390383552 0.9502146554618618
0.7927921714718614 0.897700799007147 0.9510085727527166
0.7882122004212101 0.899172134859932 0.949561918114247
0.7962775059345361 0.8930475640989032 0.9460735048593885
0.7946670842579311 0.8943745213475027 0.9490635686627482
0.7951701684878274 0.8966777066290031 0.9499120525118441
0.7940602660973972 0.8970977443859763 0.9480227130737295
0.7926612803508535 0.8933100623242274 0.9516805761385102
0.791441217585217 0.8973927494903424 0.9494631635648243
0.7923187100591698 0.9014753182930852 0.9495440383557399
0.7901958211773228 0.8961443249379568 0.9516767516529727
0.7906075035331878 0.8961744058422756 0.9509567723916496
0.7961099075414111 0.8968514456767316 0.9495207071250603
0.7930964896833217 0.8991277457311007 0.9485611072066806
0.7909563028180715 0.8934986215859496 0.9491902541922338
0.7935953616472887 0.8982245409363605 0.952038146459687
0.7910492180030189 0.8929458861121597 0.9478433447458637
0.7893484555997498 0.9009392580706905 0.9525703409518225
0.7934832739011664 0.8939682913675373 0.9487456444806852
0.7903455757329984 0.8990187070799128 0.9506261087601562
0.7869471339393017 0.8977555301249787 0.950315353979072
0.7896424213465774 0.8945698608408579 0.9469921677930625
0.7902194801895408 0.8972842659969112 0.9482736021502113
0.792176170855282 0.8968560763317577 0.9485205390802205
0.7903993050536842 0.8966155853197398 0.9478957476745612
0.7954244015104598 0.9010216191198042 0.9525741928407312
0.7886857555703698 0.8941838490480323 0.9497922512502696
0.7988783932886996 0.8911258292004628 0.9487818019172006
0.7907718328355391 0.9010048446797687 0.9508934071330999
0.7965932699618752 0.8957892915467881 0.9486236972790414
0.7883221749768946 0.8955132557277369 0.9511994329351366
0.7902128486110825 0.9006715519705317 0.9510950907173065
0.7909102193148655 0.896436490791396 0.9487571315511951
0.7901177872699051 0.8937204316356763 0.9519207540235988
0.7931809962265046 0.8938070502246889 0.948441123118262
0.7941367238653128 0.8946416975682774 0.9485004563965352
0.7944386595806464 0.893804257838336 0.9484057696455701
0.7894033680967157 0.8940724586389128 0.948089509626281
0.7933560979602938 0.8941384608104213 0.9482786846072733
0.7887509477075529 0.8964938368327205 0.9505345818195737
0.7896807666366621 0.8950155300164777 0.9499951859550494
0.7914242462103039 0.9010057073803891 0.9488332667722613
0.7899581633215804 0.898688332945979 0.9508011672747289
0.7951739627072698 0.8990665171860703 0.9470316216821927
0.7892014107725398 0.8974903363506049 0.9516904033092276
0.7889085365042352 0.8964131917634598 0.9490162577890013
0.7927962030575215 0.8926935987419653 0.9470340883462918
0.7917620173162393 0.8950434220611637 0.9492743956962703
0.7917019317915446 0.8940986886651388 0.9479202081295679
0.795450309970668 0.8930019018397624 0.9513960226765821
0.7884893200845741 0.8988820838361296 0.951248240775321
0.791990963903272 0.8970164048355911 0.9491837645561638
0.7902051653644468 0.8962996699842287 0.950929229049196
0.7966743472354749 0.8975177879438623 0.9485508789804088
0.7899188792379408 0.8981703905202555 0.9499223066994735
0.788206994994949 0.9023947680885697 0.9504021424650819
0.7899009562459824 0.8989839935601563 0.9510735758028921
0.7890583276390597 0.8937097308278836 0.9491603354579763
0.7931359402902878 0.8902271010373524 0.9478089924982618
0.7882803566985128 0.8975317393669737 0.9507539868895304
0.7866526346552642 0.8985536459645557 0.9498096739890194
0.7961652303030577 0.8891157479232886 0.9502977240926329
