# full, direct, likely fidelities
0.23285318593418655 0.42058776428402944 0.6533438117517877
0.2450340046347618 0.4083941684546615 0.614803456049958
0.24412269358664712 0.42487212012907666 0.6353780575953739
0.24754370458101482 0.41512745230732506 0.6046348393609718
0.24259749029053626 0.4265958018168197 0.6893750529717341
0.2528469570028632 0.40849825116956784 0.6245357654956893
0.23748512465074786 0.41380843897042835 0.662536893033258
0.24433024620140267 0.4295566634888348 0.6501567546489166
0.23020989466195155 0.41541236068524273 0.654584502660381
0.26445596617207306 0.4259115031556391 0.6360885503372578
0.2512610984390004 0.4161052691236818 0.588796013773344
0.2550452232737614 0.40636394027195116 0.6039466763427292
0.27444045853768567 0.41621522003599926 0.6188929108871654
0.25405103250792144 0.4091284783611401 0.6115939383038735
0.25261956349794823 0.43041122600628023 0.6606483353171919
0.2435731636498599 0.41634296852052116 0.6653099991820232
0.24895670992039107 0.4270838249692165 0.6272387392672358
0.26624569446184343 0.41867658144131925 0.6088779100490245
0.2648038081776121 0.40621851716362484 0.6008475746626977
0.23464065519213612 0.42891606768490365 0.6268294194825336
0.26652957134337907 0.4157905846812612 0.6420642163291123
0.2478230820268178 0.4250900457459296 0.6185067796046633
0.25974149944848823 0.40176917038219057 0.6127488438106178
0.26159415093468286 0.42993728374714973 0.6078069454199958
0.2443423903999454 0.417022971899158 0.6531757371526988
0.27313252853748565 0.4168525144323557 0.663107369344052
0.2496475597087209 0.41508981217408836 0.6611833617844396
0.23914464938199037 0.41759052614907227 0.6739526242040531
0.25997427785999805 0.42176213701863247 0.683075542330356
0.22145215055422457 0.4209122904624972 0.6524896366348486
0.24287547183929636 0.4254359502612618 0.6128877822798005
0.2470648613665654 0.4198202373568779 0.593141419839012
0.24416938804778437 0.4254831014445941 0.642822167743127
0.24999459354448098 0.4127375090402102 0.6481238187508108
0.257026909741363 0.4218112080743702 0.6656952828272953
0.25114080226595037 0.4280061794143296 0.5950290225183419
0.24288463728878537 0.4077722595435926 0.6198852940920112
0.24033455977543902 0.42234169297954705 0.654130885226484
0.23722126766805635 0.4244045859442231 0.6448153738473189
0.25139386728242125 0.4183097309058871 0.6775860455558365
0.25546091680777133 0.4123799484970511 0.6469036331319427
0.2385590959017715 0.4044275781430743 0.6275110974154628
0.26167774760509294 0.4090167614889519 0.6461810665458323
0.2591202237287498 0.44356786598990106 0.6487698239717719
0.268169317344635 0.40951420542142164 0.6172158297408271
0.23400777513089954 0.42306342829893906 0.6623265244659742
0.253051757013669 0.3973536153646229 0.6092893353572383
0.256336994790632 0.4158719818292088 0.6313036130543989
0.25710875383233933 0.4166651392794695 0.5897632394613437
0.24331900882147914 0.4215116271770544 0.658486759879991
0.24633080371984975 0.40484783589239476 0.6049942068008984
0.2354749383239993 0.40984275183926416 0.5824250448281315
0.27315702628770316 0.41833980002023785 0.6829109961178289
0.25240333894537537 0.42145002242618035 0.6466196025631845
0.24892489467362305 0.4238355815476617 0.5611584281866939
0.25635277176027244 0.4312741072532858 0.6154976761545106
0.2683776589292691 0.428713278230979 0.6450601609955791
0.24675265006718367 0.42486925571676254 0.6186367058025521
0.26061174143996035 0.4098382997271667 0.6121294962329916
0.2431794969883606 0.4201693560122199 0.6581395571201484
0.24572334356413855 0.4176309425290055 0.6819850982679975
0.26467669988287656 0.41870090989799363 0.6348536419041428
0.2589432359274076 0.40742979819683367 0.5228836715060055
0.2568521581053205 0.4124837928523409 0.6013908314010981
0.264331568697414 0.42212121279978715 0.6600058829582779
0.24930965413999534 0.40727666905687554 0.6357737138117214
0.2580698280334699 0.42102230641602256 0.6137611539816915
0.2489664990226859 0.4048416208779035 0.6277194039996072
0.24053710576231127 0.41288083779389806 0.6288308570490848
0.2570803076131922 0.41791338831442915 0.6439721226411657
0.2402427261476018 0.40323789111768565 0.634043365067488
0.2778522952459793 0.4296888957159426 0.65241682490276
0.25352674966141964 0.41399780466391367 0.6535641979096396
0.23823545363113185 0.4252346740831517 0.6819204236594979
0.2563169645956863 0.4244809096419102 0.6287995768552996
0.24765615613997394 0.418118243340483 0.6275952820436198
0.2434322010798314 0.4224707561846101 0.6541092570906605
0.23065589125925484 0.42623299438842277 0.6357975894228929
0.2415426689359814 0.41501648520925066 0.6090741076298868
0.26060016389937607 0.4149534918349054 0.6426908291036442
0.27953307119046855 0.41919063156325603 0.5854714532174621
0.24226232028211786 0.41626483522358476 0.6110079891043634
0.25340688981708015 0.40386089436103656 0.5852445712712614
0.2608785142982712 0.4042279914698846 0.6075565179341846
0.2489876235078352 0.41463890660621944 0.644157643216563
0.23610414760723347 0.42153279493509493 0.6500245152477266
0.25085744661738674 0.42345337454797416 0.5746384828475943
0.2385661517773176 0.39933458153704215 0.6325671294386982
0.24936017594761073 0.4269444989002781 0.6283296625796677
0.2451325087282107 0.4208596002078011 0.6700658483303217
0.25049440930917805 0.3980982953387325 0.6189840296602492
0.23996623496149647 0.40990073350136375 0.6566500227708401
0.24582260907791492 0.4154127153427674 0.6356570714949157
0.25215343917741995 0.42130391945537055 0.6178201592812168
0.24090441238462437 0.4085667505669635 0.5855177209530964
0.2613657175761867 0.41800898451146107 0.6193881094072236
0.24269770552233316 0.41876280258830484 0.6156004229174815
0.2787460056998652 0.4230557227330265 0.6272657002447797
0.25286703819122797 0.42603052667156344 0.6041718668614622
0.228453938444159 0.41923229585109467 0.5987587640125459
