# full, direct, likely fidelities
0.9332688890397036 0.9166681280302305 0.9718463777794287
0.9350171234951956 0.910688623380686 0.9721843785688697
0.9361670136436513 0.9214091028506884 0.9723708212325526
0.9329872116414017 0.9243057388158373 0.9714456861269622
0.9328097176874923 0.9266907322070839 0.9729184174834588
0.935421539493828 0.9213762349758646 0.9703684217261093
0.932698340550435 0.922600341294691 0.9730321543895994
0.9356636874737352 0.9193313335593253 0.9716696136079437
0.933251300826315 0.92489800800668 0.9694140298773936
0.9339440328029966 0.912458357945076 0.9687149537577894
0.9352832769964519 0.913123134729665 0.971129423054976
0.9320024744076254 0.9212573590925826 0.9712489477150664
0.934903626706438 0.9089344237231991 0.966349095374468
0.9344902798494913 0.9204915555902397 0.9719067546711111
0.9338220851993242 0.9267495465778719 0.9712827426655078
0.9329109536288592 0.9234897731600177 0.974616782215763
0.9361606265872432 0.9179976153663161 0.9672725569339754
0.9350229855074139 0.9235838243810588 0.970734108990215
0.934083891446142 0.9202322801957515 0.9684287751895054
0.9339597188448389 0.9229425230621676 0.972726634270347
0.9327640916060579 0.9239707346964539 0.9675958844779148
0.9335966121522896 0.9161959490058932 0.9713721984514512
0.9340402083001357 0.9193024169172347 0.967934520943614
0.9334550812085219 0.9162256196120169 0.9687958199037786
0.9334004726666777 0.9267514162415256 0.9695462269214289
0.9333829677386126 0.9236389531096513 0.9722263488416937
0.9332512243026584 0.9292824788732025 0.97264553519955
0.9338469965147524 0.9132168852892442 0.9694974221548153
0.9329691675378677 0.9284840435909815 0.972968204559011
0.9339186668308366 0.9216588587578516 0.9698662956683715
0.936177103445532 0.9164568878417352 0.9712821603596263
0.9348849854527916 0.9154244392861446 0.9705276018530308
0.933413915727582 0.9094820499828203 0.9645179723353254
0.9338234192132437 0.9159710909569236 0.9704673590920326
0.9347851326513508 0.9137276065123862 0.9701089190775636
0.9342183065092066 0.922440682769585 0.9722474584178056
0.9336417274321527 0.9201189012180067 0.9673396158542058
0.9349599695048271 0.9168904454701978 0.9714624361480588
0.934939470799256 0.9185375656053293 0.970176570754052
0.9344868045076041 0.9256500265089401 0.9674742670515888
0.9344569610243858 0.9146207987277521 0.9719528103404976
0.9324828837407106 0.9146649378641727 0.973652307719761
0.9337426703648453 0.9212479837254433 0.9720369303243143
0.932802994028026 0.9210603821857263 0.9728994958691568
0.9338500618692602 0.9243056881861831 0.9666723783372093
0.9326582911517171 0.914020104945861 0.9693610021315717
0.9382575337493907 0.9217120036713814 0.971790200490658
0.9341932451614743 0.9173297777690199 0.9697521128343768
0.9336821201374541 0.9196825856894805 0.9720726132086022
0.9329217856639028 0.9235094641470826 0.970379514783928
0.933483828190324 0.9225193892639963 0.9712099281748634
0.9329924682021004 0.9221033847041491 0.9738822443858685
0.9339198779824909 0.9251969967625142 0.9705545359630353
0.9329879093417387 0.9307129641875919 0.9695752586006894
0.9346438517430463 0.9131892552108525 0.9730426692462365
0.9333019999046703 0.9220820076144881 0.9706804446222947
0.9340927675656255 0.9167892252864465 0.9730814725842092
0.9344900070801222 0.9266172028216718 0.9739584084840939
0.93525476990384 0.9186876395926334 0.9677426768496777
0.934943267398999 0.9237708063891051 0.9704672861415673
0.9338925932175757 0.9210065992997178 0.9697835149733033
0.9346004921525599 0.9188855679931957 0.9728017141077033
0.9338592962860921 0.916004458058564 0.9682155990557639
0.9344245127582398 0.9206228085789543 0.9651750077458294
0.9346019485984173 0.9243285235188212 0.9692946557516714
0.9330766414230833 0.9319521205263015 0.9726018230208578
0.9340816776054038 0.9262251420524562 0.9726476041175305
0.9366072484109237 0.9189408877762282 0.9722244453315941
0.9331196133516692 0.926999392703657 0.9696826416203921
0.9347217912828554 0.9177018366549169 0.9745311182580098
0.9328712578053061 0.9158621439120636 0.9724303204060423
0.9347933917791754 0.9163131710691699 0.9692227083759293
0.9328970796660203 0.9320143058635529 0.9706012882279407
0.9332869812271961 0.9221165144439033 0.9712636774922692
0.9354461865161519 0.919587691424568 0.9716758161120777
0.9328487736288327 0.9193656029529564 0.9733467699694865
0.9340327349360339 0.9245050875510804 0.9715630031315636
0.9328505533203123 0.9239195930008742 0.9727906517428221
0.9337634103074575 0.9207542662578824 0.9719115466762602
0.9338645970346595 0.9257182799017546 0.9753509869233895
0.9335981375390688 0.9059015632456033 0.9694217196898492
0.9357637212850648 0.9189762041136653 0.9666498450900265
0.9356272407413515 0.9046165465456374 0.96399434097864
0.9332028054377647 0.9125739394838459 0.9730366918354513
0.935377570870177 0.9087449689118223 0.9677103831171182
0.9331469658449006 0.9222405050035858 0.9721956942564423
0.9342585841239631 0.9170697763353572 0.9691373282581957
0.9336447488813017 0.9266398958404889 0.9714971280076715
0.9337173750179577 0.9164336895820754 0.9724501724085174
0.9349079091634248 0.9115216325019136 0.9705224703298401
0.9341482781471256 0.9106873179001893 0.9663459103905652
0.9327099845213414 0.9164474589673794 0.9695838103121797
0.9339633618388463 0.9164665876470127 0.9736192287711929
0.9338125095165603 0.9243147936073287 0.9756062732564125
0.9335024615663138 0.9190120047067333 0.9699717047322765
0.9336173224659708 0.9273228498190519 0.9719252382630801
0.9337538644157878 0.926443255801943 0.9739774386094459
0.9338880149624524 0.9144697700412023 0.9678690722593642
0.9328982100916453 0.924547100293626 0.9753668302059999
0.9340048657231473 0.9153032450451885 0.9686277012094456
