# full, direct, likely fidelities
0.9908428644279274 0.97970542159179 0.9914337985666472
0.9905221728350777 0.9759124674581111 0.9908763436509277
0.9906542558012594 0.9754747699603715 0.9901146529529592
0.9905733621854719 0.9782737190050929 0.9916517017018103
0.990811589156199 0.9795517363382189 0.9920432780202606
0.990620880804283 0.9775596336844684 0.9923755857070663
0.9905680479928524 0.9773944879320884 0.99133519854485
0.990536764808444 0.9762661650968514 0.9909408716547755
0.9907102927358429 0.9771441624863841 0.9915143450451772
0.9907263144623676 0.9788468690588366 0.9920181618026078
0.990862839329077 0.978588966073366 0.9917154574219641
0.9906075361706506 0.9762526135910078 0.9920587529000063
0.9906811371538605 0.9797732247533384 0.9921080606513202
0.9905884736107804 0.9791888561421124 0.9918833758426387
0.9904645092593002 0.9777914979202468 0.9922139977886945
0.9908639231377896 0.9784302796244962 0.9923654977104434
0.9908277809140643 0.9796348873937712 0.9918697819786638
0.9907554454190926 0.9785951706250473 0.9922812801424327
0.9907652644758249 0.9782398778877145 0.9900748860910269
0.9907453997119936 0.9797871641401751 0.9914175132708524
0.9904839848516321 0.979769816755186 0.9919510081876897
0.9908334251555356 0.9784093753179539 0.9908121038983978
0.9906915725170554 0.9788970589257078 0.9909828778457431
0.9909183599138174 0.9786493914337963 0.991358209420305
0.9906922398762849 0.9786280991113795 0.9907204968266831
0.9904592907422245 0.9770306024190061 0.9909060619728671
0.9907443278638282 0.978403958337646 0.9909997767169746
0.9907137868182178 0.9773718246863594 0.9921628187302237
0.990743504449329 0.9785168204475558 0.9909173517865143
0.990776784130745 0.9788257198737434 0.9909047599507225
0.9905971963402401 0.9779986989218813 0.9921073090695267
0.9907644624535071 0.9789591219135234 0.9910193760258281
0.990697244950391 0.9790837128364681 0.9909136234383821
0.9905536362133417 0.9790234225381956 0.9909738170909098
0.9906555499686359 0.9790598685811343 0.992365309629883
0.9905564265715591 0.9771582521763589 0.9913440556180508
0.9908004371032657 0.9772386202984994 0.991897721878389
0.9907989431077087 0.9772853602801506 0.992794258925118
0.9906522294873176 0.9773000167532618 0.9928438816397345
0.9907643845954411 0.9772536388997372 0.9898947120845982
0.9906514330343918 0.9792749708974515 0.9921876494362762
0.9906941964666752 0.9771582038330919 0.9918264864341358
0.9907640346682894 0.979928619300782 0.9926345824471512
0.9908962665341424 0.9801086348806416 0.9920659475649094
0.9905303792199789 0.9782463240167274 0.9911035412421357
0.9905124907071787 0.9773937877768641 0.9909996295157318
0.9905973682118572 0.9787818335206678 0.9919941439887036
0.9906877799195044 0.9783323748724191 0.9927645478123982
0.9907750594821074 0.9777734593227869 0.9916362519074082
0.9906853257985956 0.9784375590923455 0.9917442340955217
0.9905312873801904 0.9792642843978883 0.9922809788992347
0.9906385077870287 0.977495784594558 0.9915414280280584
0.9905837594418647 0.9785767903160091 0.9923075548885878
0.9908317622208396 0.9766202326559598 0.9919073832808932
0.990873882760311 0.9753755523880699 0.9912880666944742
0.9907256605973673 0.9800822271861276 0.9926839286530477
0.9906348103936745 0.9796712503695174 0.9907458471747881
0.990616500451954 0.9794942536229642 0.9920931796100546
0.9907094029267719 0.9791660600739102 0.9917695144251194
0.9906236284175486 0.977324297789778 0.9910119614382669
0.9905794233994291 0.9774655754365997 0.9914188582946877
0.9907056017088006 0.9754183898971545 0.9929696737684732
0.9906858502921935 0.9789932512523372 0.9923942783989461
0.9907966474625839 0.9749664961284197 0.9925021542801793
0.9904451448601985 0.9759550300734829 0.9921034813929762
0.9905510278391843 0.9770921457601491 0.9922677079707567
0.9906909393990169 0.978572924755088 0.991632328080108
0.990789791514225 0.977205678628622 0.9919420433835939
0.9906182466358093 0.976472568682305 0.9920268143469927
0.9907467582618542 0.9783179107088852 0.9914262753357697
0.9906799805360829 0.9792742602955472 0.9926251225180711
0.9905863098293286 0.9800512710467773 0.992805194298556
0.9907347699523998 0.9771855874385832 0.991427419083017
0.990664270943511 0.9786276753448484 0.9926432749694101
0.9905849016764074 0.9757718273555648 0.9915671397063722
0.9906210624088208 0.9794010369009766 0.9909967908563052
0.9907194986629457 0.9784843885031187 0.9920582386227603
0.9906574716445907 0.9801430839894532 0.9923753411461212
0.9906523295263888 0.9780053886885672 0.9909247573001938
0.9903896260060392 0.974633988079883 0.9912081634272992
0.9905950441028831 0.9772677181857498 0.9914364235234467
0.9908124126008818 0.9789085919125561 0.9919448900284195
0.9909154251903572 0.9787556485225613 0.9919885035676848
0.9907040881244908 0.9798360121982433 0.9919321649986803
0.9907402571180328 0.9782629352793806 0.9919129539664694
0.990654483340755 0.9790500234425079 0.9917832628636899
0.9906750496828491 0.976365996546315 0.9911964732346256
0.9906555632566149 0.9780089215223329 0.9924622496401835
0.9905076788017091 0.9790819741488532 0.9918953158840464
0.990594045985094 0.9764146399520817 0.9910308233298099
0.990674748219489 0.978373991898576 0.9920182424177286
0.9908376623392404 0.9792338696032546 0.9919865772917229
0.9907850326054622 0.9791315657269615 0.9926603491596537
0.9905954346211779 0.9792576899041051 0.9917311914762761
0.9906392471147013 0.9776085911865708 0.9926700645514209
0.990800232549913 0.9793804702283802 0.9919109132897378
0.9907267869046399 0.9794958830334092 0.9923867233803536
0.990509226232324 0.9769001310392077 0.9906493290182612
0.9907416372275641 0.9793574033874725 0.9924958535054186
0.9906750098166648 0.978751504649958 0.991431657402279
