# full, direct, likely fidelities
0.5590424919831806 0.4890162877352178 0.6651370202744925
0.558779602996066 0.4742598134937158 0.723183325147082
0.5932115510104771 0.4825940070202371 0.7245266892508592
0.5545278897874708 0.48367474775775127 0.7188858362459459
0.570242541928847 0.500676191507055 0.7153126274124466
0.5474418419902741 0.47764921389178766 0.6705312525620427
0.5740255247265663 0.4711453680984287 0.7356801215993357
0.5676041305873402 0.4810359222082526 0.6956531063986173
0.5649651313992484 0.47556635784595086 0.7013271468918099
0.5948455586250629 0.4999794603139718 0.7276804741740803
0.5711366607182404 0.47087762989840326 0.6728316129979787
0.5503323319100821 0.48872817473114333 0.7352326818553504
0.5667210968689644 0.48870971841969685 0.7114131406804264
0.5811581009304865 0.4762927614464606 0.7269755909193202
0.558007017446475 0.49458135744741566 0.7131572674257008
0.562396044925709 0.4752566478321444 0.6977936024712424
0.5276506542372492 0.4832365403714185 0.7329958959576826
0.5622700385548488 0.48862180230934577 0.7425623356801159
0.5519484406368279 0.5086763076733498 0.7325953697924386
0.5539379928730888 0.4950917307777243 0.6985067805454372
0.5433445502551482 0.49657639147686566 0.693152546888338
0.5446875321619995 0.4836175054089667 0.7477016178326493
0.5785264931498765 0.47502071920670874 0.7328262734866636
0.5683845833736761 0.4989487812624971 0.7078675150252222
0.5539214318432844 0.49783458478549997 0.6798731403304888
0.5821690100974534 0.5128764735191991 0.7582175618796305
0.5503010098910858 0.5006790886610938 0.7173902965546182
0.560040086406156 0.4831454921740626 0.7007883715163923
0.5622400695560044 0.49467415058333225 0.7510307645056328
0.5755923532246154 0.4953470100004054 0.7099564128579858
0.5619954295062001 0.4820015640461137 0.7133925867398544
0.596728290720643 0.5007000677477882 0.7428994952642161
0.577211514019369 0.4920268761051985 0.7102412407878737
0.545872304309435 0.4777091171654327 0.7120172283992878
0.5568913640309182 0.4845073719278864 0.7510572103967171
0.539762623711118 0.48409831411657034 0.7424796479804465
0.5778065799476222 0.4814222951474789 0.7271833795662437
0.5722536261846456 0.47493390347017234 0.7110868239713517
0.6062504652349907 0.4778708881127199 0.6893179662614058
0.5548360093074682 0.4819356737750364 0.6868243449195648
0.5540939947992918 0.4949856205826471 0.7400466890340567
0.5539739126387359 0.4951352576175112 0.7230246312166757
0.5759232421950539 0.4839879042599875 0.6816754979488622
0.5712858503761195 0.5015414953713918 0.6934295825603032
0.5633753633388984 0.4737715818675283 0.7227068064919808
0.564223626171322 0.49717819597981966 0.7258560895150193
0.5824096373452144 0.4679743117486601 0.7227928709243548
0.5692213578905059 0.4606394424100976 0.7043619185435871
0.5487603482153545 0.468287394074759 0.6852701198920662
0.5649574177073295 0.4826805984389749 0.6949262213864459
0.5595989927914252 0.5034863404810812 0.6961884594601045
0.5452564194464824 0.5099305676934445 0.755718975014051
0.5699169966405374 0.49169260888304006 0.7395624935317536
0.5496320418573999 0.4684834244071249 0.7343385457397884
0.5251470542122255 0.4638732390610136 0.6938932212590182
0.5497192623949501 0.4787210745164721 0.6941172219658946
0.5550278776283809 0.4724369073842743 0.7286521222928612
0.5575348917429861 0.4616597711938408 0.6899580096039684
0.5714097232612538 0.4810420127799023 0.6768375459815726
0.548904027801421 0.4785684015777974 0.6696077266794621
0.5469053945529382 0.48399113008812905 0.7386282636403395
0.5902951969521253 0.4916643363664555 0.7310247446140884
0.5469948119944011 0.47797074174548915 0.6765884988485071
0.5953090116283285 0.47360047401199823 0.6761951982676777
0.5632001104984077 0.4977108061693645 0.7084062454951967
0.5524326413875579 0.4634222539002121 0.7233137889959923
0.5486406012113516 0.5083482281909377 0.7302622696091255
0.5769402427647905 0.4743426204343508 0.7168887618911306
0.5669182068568926 0.4789112134425016 0.7185377414500621
0.5741730169634834 0.47406802764685274 0.7070192515086009
0.5786542152613863 0.4840223125783916 0.7237133463517241
0.5636630005156825 0.4943859117762617 0.7208096880005523
0.5808325538983033 0.5033325211603238 0.719732709088169
0.5746566085188489 0.5008165644220679 0.7537981929868788
0.5448960939006656 0.4573588461727362 0.6766121699210702
0.5591066339691237 0.47757226593298685 0.7050840496035599
0.5596765202860932 0.48504935036591806 0.7284234848884878
0.5519533082716126 0.4725197066019196 0.7057993595168163
0.554333559755522 0.4820079380688525 0.7227802373682953
0.5362821704549722 0.49376206167456566 0.7276875878290476
0.5748543549363725 0.4852338563614645 0.7090982480866438
0.5667088111271449 0.4886059875572529 0.7299850478171368
0.5622251576842897 0.4855700108685344 0.7208793358419028
0.5598792380455737 0.49132404464675367 0.7189694861610504
0.5505351290110776 0.47004629647189117 0.7243793820730452
0.5518631391633028 0.4763217453363559 0.6406535316208049
0.551492391807648 0.5076845308086146 0.7159561512955676
0.5841817953108529 0.49218085249196514 0.6929672887932926
0.5572454099833686 0.47687444619589425 0.7189751682137279
0.591979972398754 0.48455227035833964 0.7012675106316313
0.5820318128018934 0.49233063993607235 0.7332659152157387
0.5490827529708981 0.4806867012524394 0.6887744642470973
0.5347041584396048 0.5015380863987075 0.7460025992007472
0.5769324616488544 0.49499267219817716 0.7015295160374136
0.5577906851125707 0.5012963374739816 0.7278053329701164
0.5509191690222139 0.5005846359004478 0.7388930162986974
0.5508340277790342 0.45479909804759716 0.7337413179297784
0.538337437426853 0.48112937354334084 0.7044612868883114
0.5776955144253965 0.4746722283431858 0.6063028245132329
0.5554601072111383 0.48749780921878133 0.707617326111265
