# full, direct, likely fidelities
0.9998689980918323 0.9943374400274235 0.997721850559986
0.9998772075725046 0.9950128104480185 0.9983427884678971
0.9998686499828984 0.9946512413401681 0.997880136170924
0.9998673509534736 0.9929615224362733 0.9975787558600624
0.999863968855371 0.9944068750799715 0.9972583765092907
0.9998869122706906 0.9934039162605312 0.9977737936322145
0.9998607020241542 0.9935202869131562 0.9977447489991382
0.9998826414462657 0.9916130797438522 0.9975482073869397
0.9998777173950134 0.9944402568947679 0.997137747956772
0.9998820380276808 0.9957543985064445 0.9982721089871124
0.999855734457253 0.9909799052412679 0.996974990759152
0.9998659423932805 0.994855878141569 0.9982935942932845
0.9998692051736069 0.9942063428369101 0.9977270046429958
0.9998807275205961 0.995174325556291 0.9977558172357741
0.9998703663301692 0.9919836864158611 0.997504973759195
0.9998687191376366 0.9967854365285811 0.9985038882753525
0.9998734044140725 0.994865986706979 0.9974312797208155
0.9998680799887434 0.9916659362548724 0.9980266177600382
0.9998772647347939 0.9947404304451009 0.9982479706558037
0.9998661321917616 0.9917224798742365 0.9972728369113952
0.9998672763412578 0.9918443855869333 0.9973095700114634
0.9998682151529514 0.9922660396661479 0.997874974754336
0.9998613243194074 0.9938486898986615 0.9977141692842093
0.9998689553641712 0.9933785594417236 0.9971928552065638
0.9998731500939421 0.9916650489775083 0.9980341089004798
0.9998681512902958 0.9946737664216591 0.998363080685298
0.9998790183917855 0.9957028279979211 0.9978872629168378
0.9998723474645602 0.9920371892553964 0.9975364745787914
0.9998675639577854 0.9925765700155962 0.9968368240913479
0.9998562151884006 0.9945841973758294 0.9977345391997261
0.9998658886716867 0.995018100978519 0.9980270799759895
0.9998743333940464 0.9952877822406598 0.9983475525597475
0.9998869017338176 0.9921469684848776 0.9967713436582769
0.9998707230917054 0.9948833362584785 0.9981493256160181
0.9998751396095992 0.9957782451849726 0.9982876975550263
0.9998885548241156 0.9935203351309722 0.9981896700514895
0.9998824020395463 0.9938808678110559 0.9968987329360672
0.9998711156181112 0.99178351178347 0.998282676210677
0.9998688687661267 0.994442812701711 0.9981279404064749
0.9998596836900008 0.9936219982154498 0.9982348548631209
0.9998594965713397 0.994880718877219 0.9981961513685025
0.9998788931359607 0.9933385902757511 0.9982561889877465
0.999871981261196 0.99461051163848 0.9985878238861302
0.9998734902045594 0.9947102883184799 0.9984564761262725
0.9998756561881376 0.9945521978397244 0.9979151684830191
0.9998736642253961 0.9947336657227001 0.9985223450546048
0.9998714829511689 0.9924497874394753 0.998455268827436
0.9998746923593808 0.9950079453558329 0.9977465246386491
0.9998795510131819 0.995692699647579 0.9976239773526142
0.9998689874168275 0.9944575694697284 0.9976463705391349
0.9998828648840363 0.9933432117821042 0.9980669216268437
0.9998674043744002 0.994603164448823 0.9978125343071151
0.9998809829143652 0.9931634200019308 0.9972802754874208
0.9998658860732446 0.9938462567826141 0.9975664490611513
0.999869348108373 0.9930398145504785 0.9975565962518202
0.9998661560880411 0.9957954934424688 0.9980023937555916
0.9998729302907122 0.993078751428459 0.997474982556287
0.999888222977379 0.9949308923526862 0.9973138287146589
0.9998682416916843 0.9936019947101136 0.9974664258275465
0.9998777054001275 0.9933035745632786 0.9978247556541836
0.9998727877181978 0.9966373389312737 0.9980714958247958
0.9998747371270326 0.994877729488492 0.9981426474932986
0.9998803587836321 0.9939804310987178 0.9973925867298851
0.9998870303588193 0.9928354722221343 0.9974604302096831
0.9998753422365722 0.9913251785443341 0.9979760642533106
0.999869733069487 0.994159162598629 0.9968017881296697
0.9998772859302557 0.993857396139763 0.9980471742106267
0.9998733203319684 0.99270032120571 0.9973532130489938
0.9998722386824801 0.992484274158519 0.9976183888025292
0.9998612549958535 0.994443705667421 0.9973784391849769
0.9998769570611236 0.9954341028423904 0.9978142745566584
0.9998655982477535 0.9949815851911765 0.9977236519299921
0.9998655776380689 0.9924502358253648 0.9975534110828134
0.9998664565073252 0.9953072756497053 0.9974057979387363
0.9998683402917186 0.995944489146993 0.9976924441414593
0.9998786943581406 0.9930820543718314 0.9967994787448867
0.9998626761484236 0.9949610236270005 0.9981472565985021
0.9998663674813895 0.9947192685246766 0.9983894388890173
0.9998604381915774 0.9945460474357494 0.9980905168435519
0.9998515858851079 0.9937120898926044 0.9979744032407478
0.9998771685919576 0.9923152686939877 0.9975547583076176
0.9998740586444813 0.9939556503245908 0.9976082195416052
0.9998635541895485 0.9946898375555546 0.9979812444490953
0.9998793572339395 0.9955376193705807 0.998696459513172
0.9998603905508088 0.9929462401178946 0.9977275772707666
0.9998828334678403 0.9926342865226995 0.9975845543870915
0.9998825262003863 0.9937007173392339 0.9981209240955409
0.999869714409494 0.9931710888019691 0.9976871152719438
0.9998636329046047 0.9952312928362517 0.9988848048823685
0.9998792649101411 0.993461650617586 0.9974241271656538
0.9998722131624165 0.9904836133921997 0.9975687739784709
0.9998787575749537 0.9936837515466824 0.9979184250575936
0.9998800393896038 0.9946758443571247 0.9980341635555957
0.9998734667685073 0.9945280686235761 0.9978965019851077
0.9998770249181863 0.9944588556237329 0.9978596258372815
0.9998724238839625 0.9926281094359041 0.9974006299812842
0.9998784109583603 0.9936610073858716 0.9980824153920697
0.9998674154390487 0.9925496883738957 0.9973006894198189
0.9998848065639477 0.9913500400263816 0.9976156020934657
0.9998863824651354 0.9952330744379891 0.9979434999284711
