# full, direct, likely fidelities
0.8762032751045523 0.9384468950369315 0.9716162934305591
0.8796614693431494 0.9370894470342831 0.9730306751510217
0.8773536891183558 0.9380419162120723 0.9699072295015442
0.8775169317400731 0.9379168604087045 0.9718934496234851
0.8784431032912635 0.9380565296019925 0.9689766080032957
0.8798319361498174 0.9412098778117455 0.9713776073092584
0.8802172406655264 0.9404635955005606 0.9711290801948601
0.8770414237012767 0.9405100970729429 0.9717946875012655
0.8775147317813466 0.9364254142754356 0.9706090599528325
0.8774852413832122 0.9338628576319681 0.9698979514173216
0.8793266220161846 0.9379410316004496 0.9703100391519021
0.8782770689809672 0.936678898758582 0.9707784191879605
0.8788050832932102 0.9392592230483957 0.9709238654243325
0.8801509338823205 0.9341531117669974 0.9691713660965421
0.8761312063013396 0.939489050589063 0.9704683616633063
0.878989747069643 0.9418631164147303 0.9714608545467406
0.8798438058120785 0.9376087402360344 0.9698037982638892
0.8760714986597443 0.941734922221257 0.972628404197115
0.8787182111842822 0.9370343323666028 0.9705069551144979
0.8780207251643468 0.9388505481940038 0.9723025104881918
0.8785857454581378 0.9367406552175022 0.9707562762271701
0.8779414242330924 0.9389316944561925 0.9704179695510425
0.8793693538387644 0.9391636102785128 0.9712599062338164
0.8781519252983775 0.9384592082036316 0.9716976956016727
0.8777220162708123 0.9403100045109939 0.9724394658088912
0.8779399723879421 0.9411340071399287 0.9719435630149161
0.8784642159998474 0.9366927416114482 0.9720462112683793
0.8772368079219481 0.9408364377474836 0.971987325812074
0.8802166409938261 0.9354468206028721 0.9722588190442026
0.8781437816365872 0.9392275807448842 0.9717668502825154
0.8798206855279187 0.9390452871518096 0.9697041049635879
0.8771107684430487 0.9392311704743863 0.9704880846800743
0.8777900746817946 0.9401232873858436 0.971033583136348
0.8764524589258113 0.9405161661097153 0.9717832621632844
0.8788990026238375 0.9356757736660207 0.9696497882058527
0.8777446008939778 0.9354174096831516 0.9696111969416785
0.8785351385348776 0.9379445455617257 0.9705864521880212
0.8788744150903407 0.9386041130271615 0.9701209749107843
0.8766851857530732 0.9392201147481579 0.9706872839610553
0.8783243084308026 0.9369956342755933 0.9703606040147379
0.8784101937117418 0.9394783443491308 0.9714362914965199
0.8793410549110441 0.939481487698044 0.9701171058857385
0.8786818501560675 0.934071511857049 0.9693322491463221
0.8786576747215598 0.9340470522247475 0.9708731711287317
0.8787163506344722 0.9365606178302545 0.96864570690159
0.8779082679394488 0.9387041394622124 0.9715975320318189
0.878055352012821 0.9392039675351436 0.969634113008435
0.8789983962746893 0.9385123072429392 0.9702061499473349
0.8787042749705695 0.9406346284820155 0.9728825014891371
0.8781257900255225 0.9403350062271335 0.972715240419457
0.8781787066496668 0.9383048007900103 0.9698773575408224
0.8798225035746606 0.9378648552008703 0.9704815032515273
0.8780297019897811 0.938852551216225 0.9702415540460122
0.877725954811055 0.9367253026454052 0.9700283656345947
0.8777380004414144 0.9402393894788724 0.9706593357742896
0.8775786864722324 0.9431789854130708 0.9716949417997709
0.8794944368542652 0.9350583239221004 0.9717291862796944
0.8784753033449025 0.93917282333519 0.9713153188798704
0.876040048786122 0.9394674182113304 0.9719986216968385
0.8769619687773729 0.941375430029762 0.9720709120806758
0.8781554965450727 0.9389614625815845 0.9694764710978657
0.8776283914583733 0.939144695147802 0.9705067873124908
0.878588898847385 0.9400877513506014 0.9717883446213722
0.879394373971615 0.9373485129286218 0.9724469050203955
0.8770059534899862 0.9401911799304384 0.9722037086867079
0.8805403678846171 0.9338507941524057 0.9689046342604275
0.8787301503684604 0.9382899574919165 0.9701570274139422
0.8804671174838185 0.9394927135218123 0.9717569103672885
0.8771028838998489 0.9393239095845424 0.9710364862352797
0.8772002514944355 0.9375445576023511 0.9703176095977014
0.8779170772746839 0.9381760874449147 0.9725983192600188
0.877121672970669 0.9382365929917114 0.9705878287262596
0.8792449073354076 0.9351053798077408 0.9692802648604958
0.8784811349592558 0.9386927089323658 0.9704900429487383
0.8802230770834568 0.9394772019187887 0.9713344289228582
0.8781557739295216 0.9397882068043502 0.9720633188881286
0.8793288818721304 0.9376452069138803 0.9700115986605382
0.8764297403844106 0.9402542342810293 0.9711939041644417
0.8776839222418884 0.9381695009812062 0.9708419065144072
0.8770674511893429 0.9381273268257253 0.9723018444733255
0.8779123709395846 0.9396278989544244 0.9711943520991256
0.8794770780429728 0.9352365440829711 0.9701624825291844
0.8785797640749985 0.9409959630644699 0.9714212299967525
0.8783189104895278 0.9391433871375101 0.9707402977400622
0.878109280982108 0.9361415250517917 0.9685643283313317
0.8773361487809874 0.9346778803920015 0.9693494129753097
0.8770978065572713 0.9387429409541678 0.9710195980434625
0.8796234900254909 0.9383484517849852 0.9717518552371402
0.8775354369135193 0.9396188490394864 0.969942384913051
0.8779671807075395 0.939523072669746 0.9704393794109724
0.8765555271643841 0.9357332617812588 0.9710793249626601
0.8786649359133327 0.9381943388682783 0.9712581829030069
0.8782584755793713 0.9401700649833719 0.9701113785960337
0.877829074496263 0.9404204108823107 0.9712155218810465
0.8773346253970711 0.9419921589791606 0.9718548169857892
0.8771881228339409 0.9396635473055077 0.9702024280575773
0.8794530754984129 0.9397297780231548 0.9703718158827584
0.8765794566439766 0.9385094251714886 0.9707227489420854
0.8771140552825827 0.938583069959983 0.9691747347369342
0.8794997225727742 0.9369861117280626 0.9708199732017291
