# full, direct, likely fidelities
0.9969046571872205 0.9947256994614482 0.9976630082994653
0.9968086044140818 0.9934646352045688 0.9975188079462001
0.9968062006033135 0.9937153816712473 0.9979479729600995
0.9968707545513464 0.9938885198603816 0.9976465487825735
0.9968957048302727 0.99425516270954 0.9977684147783566
0.9967960423241589 0.9938567993563322 0.9976933260256372
0.9968807020975853 0.9932348531051745 0.9974040552768866
0.9967977114965748 0.9930323110815128 0.9973027040033823
0.9968968255640115 0.9935452677959915 0.9976415919213969
0.9968482238329619 0.9928695915023821 0.9975101815567124
0.9967796377837973 0.9939481410983316 0.9978921666038586
0.9968921417654162 0.9941259625462303 0.9979120832466345
0.9968129542766062 0.9938084643713805 0.9976644435911123
0.9968035528941427 0.9943825848703648 0.9980291482794229
0.9968191349376074 0.993420563776895 0.9973698202413114
0.9968926856282921 0.993328684168497 0.9979107638674732
0.9967811343395931 0.9932194635116788 0.9977625273211693
0.9968032976513963 0.993442279193655 0.9974347158679684
0.9968320817536189 0.9937983170501461 0.99760264608953
0.9968787232180857 0.9937935841656632 0.997542557395455
0.9968738297267551 0.9937764651523429 0.9978795771822201
0.9968367370196073 0.9935349834298106 0.9977698972844412
0.9968241609235888 0.9928022453845294 0.997829185046614
0.9968709282782472 0.993069090784356 0.9975675445715009
0.9968530692800441 0.9941118655503778 0.9975308134739956
0.9968568880866969 0.9937365211174296 0.9976282224916645
0.996892630614934 0.9934528791598417 0.9977659082757653
0.996879511731851 0.9935055557017181 0.9974485155783613
0.9969111174419445 0.993703618130527 0.9977383978851868
0.9968591237684877 0.9946342968381929 0.9976482628741992
0.9967854065199966 0.9931762887578157 0.9970898549805318
0.9968098482861618 0.9935426437442707 0.99791383571044
0.9968927406699818 0.9936744443319778 0.998027786549832
0.9968154437321198 0.9932269424932462 0.9971191509177643
0.9968433240231805 0.992809144628296 0.9976036117393142
0.9968658810358557 0.9944914665749692 0.9977268541891438
0.9968458579173133 0.993372705494486 0.9976667222640264
0.9968135733618764 0.9934838040395251 0.9975033236819252
0.9968035134022231 0.9918851308763218 0.99740136621471
0.9968345791931733 0.9938541217531209 0.9977238852697403
0.9968606295940821 0.9928807996042784 0.9977018228961988
0.9969081660768105 0.9934152740430773 0.9979154948858691
0.9968558903204329 0.9939799248481214 0.9976695324516772
0.9968187579046164 0.994351462905954 0.9978519215368268
0.9968305391307688 0.9928758380340948 0.9975845028606986
0.9969036031184486 0.9939935542424521 0.9980295527480468
0.9967487275316117 0.9926821664279174 0.9977967164172362
0.9968367728853766 0.993297870533286 0.9978789996390623
0.996880088792225 0.9933364419641899 0.9974035956713917
0.9968916554607968 0.993470552800072 0.9976437235618841
0.9968660327682475 0.994128646439715 0.9977717561416812
0.9969317808461282 0.9931093867288313 0.9973672164262609
0.9968345526698501 0.9939109354870231 0.9973114837935902
0.9968774320287114 0.9941708521219021 0.9978276946654175
0.996834050655756 0.9935800791305669 0.9978146411693081
0.9968197090399319 0.9937070124846711 0.9976552947096673
0.9968253014495724 0.9928948685304689 0.9975753276925933
0.9968238439768498 0.9941608838149277 0.9976754506669917
0.9967959952702374 0.9938771345853054 0.9981484196408114
0.9968068904349688 0.9941523923342264 0.9978346373605149
0.99680560786874 0.9928244092262659 0.9971093525758727
0.9968259740601946 0.9933965187441841 0.9973422340464745
0.9968248347704401 0.9928987996188348 0.9974886023566465
0.9968341305847739 0.99373230749392 0.9976772003896766
0.9967689745074594 0.9927922266865488 0.9975711960877527
0.9968798900581958 0.9946696939781995 0.9978318317063083
0.996859252936483 0.993633794012114 0.997239163978271
0.9967754339382544 0.9929270134486321 0.9977965780208995
0.9968903462557278 0.993376817374124 0.9977688079424938
0.9968325284917187 0.9931053765717 0.9977103618456976
0.996874683024078 0.9937327197482072 0.997390896618363
0.9968273437216588 0.9929626688781202 0.9981671129444435
0.996872278452424 0.9942302127631566 0.9976514990579246
0.9968454490162578 0.9938084761067806 0.9979410505850123
0.9967774270846095 0.993196504778566 0.9973974146733426
0.9968694759082501 0.9926491303972652 0.998072307328284
0.9968200730439308 0.9933262392992811 0.9977266008184036
0.996913029005495 0.9929794893895322 0.9976410404064794
0.9969046529283965 0.9941647304620702 0.997752021213819
0.9968596127052852 0.9938083637938613 0.9974128346207104
0.9968722132120034 0.9927068358202992 0.9973581096142335
0.9967851835931035 0.9928849314228125 0.9977385540455859
0.9967955080627897 0.9921558680484847 0.9970335100859491
0.9968361349694829 0.9930480708197348 0.9975378374802851
0.9967850779784595 0.9927670758280861 0.9975983483736605
0.9968838938179876 0.994195785867331 0.9976010809007629
0.996838937378653 0.9935117455606084 0.9977150894616006
0.9968597435595715 0.9933530718171414 0.9977723477097078
0.9968904917198725 0.993290533582324 0.9980370824661545
0.9968395153619227 0.9931678200119177 0.9972009510815784
0.9968777872974628 0.9942811293468806 0.997898721766064
0.9968359014390759 0.9926089617645365 0.9977420274123757
0.9967857610208931 0.9929860165809847 0.9976720289657945
0.9969026373312782 0.9938493576114003 0.9977204832626007
0.9968587911743109 0.9936275923869891 0.9976718134899538
0.9968835006708039 0.9934943801336957 0.9979863243451441
0.996863144249343 0.9938171968226499 0.9978066549268236
0.9968553665099027 0.9937630910689128 0.9977357750585277
0.9969167706358014 0.9932981741556278 0.9973949534534
0.9968445427713936 0.9929957521878 0.9976641994422532
