# full, direct, likely fidelities
0.9928153406963316 0.9967872057956175 0.9985993373950565
0.9928022119400131 0.9969412263181388 0.9986027781497774
0.9928065501756158 0.9968219841609063 0.9986234490539502
0.9926631298637935 0.9965806342955208 0.9984887074169598
0.9927749240433491 0.9969080111425231 0.9986111512590655
0.9928236195229964 0.9969775961169919 0.9986321459256037
0.9928303265562071 0.9970184153145087 0.9986476205667537
0.9928203544436321 0.9971453726899285 0.9987167527942662
0.992828614221673 0.9970627735041244 0.998621957123148
0.9927598585568191 0.9968521899601696 0.9985784642083626
0.9928383559939651 0.9969445531421399 0.998627053007395
0.9928004883890421 0.9968327862360452 0.9985989711600084
0.9927559323221402 0.9969178531458872 0.9986045087995674
0.9927825435257664 0.9970279526410927 0.9986423147644422
0.9928526970692971 0.997103640230836 0.9986399726561359
0.9928813490164878 0.9970953695846787 0.9985889788597393
0.9928252873880864 0.9969526985438502 0.9985800634378406
0.9927702480675354 0.996954296004762 0.9985504730933034
0.9927896421096708 0.9969219025967558 0.9986004892152371
0.9928423945477002 0.9971344411538038 0.998673022074695
0.9928557036485262 0.9969187188659759 0.9986357509333565
0.9928311406060506 0.9969093134165848 0.9986117137850352
0.9928230835350894 0.9970160194343581 0.9986539881831397
0.9928294695396829 0.9970012781437054 0.9986482022011224
0.9928608070122055 0.9969584833204413 0.9986005776167612
0.9928351418164393 0.996846114335607 0.9985842790332409
0.9927983450766864 0.9969981634318599 0.9986257707454885
0.9927346073535418 0.9968227781977984 0.9985787715858435
0.9927854424841833 0.997064444681823 0.9986389433403079
0.9928681609393643 0.9971005576023676 0.998605064449452
0.9928224083635997 0.9969300808284085 0.9986815734896546
0.9928287592046098 0.9970680391777182 0.9986437895505341
0.9928323669606104 0.996950642439855 0.9986294685999629
0.992816273468219 0.9969550572307058 0.9985882521298748
0.9928106265873085 0.9969558696926525 0.9986577830328335
0.9928258859679474 0.9969884392778992 0.9985315640309187
0.9927966858957871 0.9969498491729748 0.9986487651141023
0.9928231470259152 0.996907457743198 0.9985796159952904
0.9927106350132868 0.996724880061943 0.9986554964355988
0.9928328295307687 0.9970225485278846 0.998646729836944
0.9927958360201006 0.9969186155885759 0.9986207062369773
0.9928556222450303 0.9971594079495251 0.9987232163892439
0.9928550073357459 0.9971825465047911 0.9986925207204441
0.9928075460452139 0.9971191986314705 0.9986903446676602
0.9928371818293209 0.9969273553913873 0.9985856378786434
0.9928506510875605 0.9970669363015585 0.9986541968520944
0.9928284907002479 0.9969405896335323 0.9986790441291508
0.9927805630892818 0.997115019511355 0.998661147653406
0.9928661009351987 0.997102610149944 0.9986823813795396
0.9928235139442407 0.9970566452402988 0.9986251487231556
0.9928273480573504 0.9969926455844408 0.9985947453964019
0.9928040642221658 0.9970298014211648 0.9986513582821744
0.9927948856389183 0.9968602418067289 0.9986248674795838
0.9927866249524151 0.9970528634023693 0.9986928624010867
0.9928478050708168 0.9969599688851631 0.9985814368636889
0.9928216138053116 0.9968933135801622 0.9986525514729977
0.9928049838219138 0.9970315382791707 0.998643113839014
0.9928692665155484 0.9970681624502594 0.9986444731501539
0.9927739180833971 0.9968722791494786 0.998539782514425
0.9928116930757813 0.9969766506265216 0.9985906310632766
0.9928603316661566 0.996976853348342 0.9986621241361288
0.9928524750158464 0.9971155711452647 0.9986507061627979
0.9928155329347781 0.9971163203593271 0.9986374644776396
0.9928692581270341 0.9970216344934779 0.9986571147884691
0.9928627851559395 0.9971342789072178 0.9986980939406563
0.9928137038367583 0.9971450417909231 0.9986657195421386
0.9927648355059242 0.9967281338044214 0.9985787543393061
0.9926891117378643 0.9969643894876234 0.9986258909882484
0.992857368788959 0.9971159521690647 0.9986607083481192
0.9928131570356622 0.9967895192208859 0.9985978652139509
0.9927719413172165 0.9969932250613615 0.9985695060857985
0.9927747578340667 0.9968761703158401 0.9986249679015089
0.9928228129337986 0.9967740367516601 0.9986364486460236
0.9927215862129086 0.9966696728472705 0.9986586744548195
0.9928191599757837 0.9970909794771573 0.9986550794278695
0.992831420664824 0.9970234874080767 0.9986412325146794
0.9928077009216167 0.9969153504334011 0.998547752688063
0.9928569721200984 0.9971452660791997 0.9986321554335069
0.9928261170828538 0.9970438510581876 0.9986169851885826
0.9928073408282105 0.9967485674241959 0.9985279684696206
0.9928263393108498 0.9969865941182937 0.9986138588481343
0.9928147375008943 0.9969870836061355 0.9986126604777629
0.9928262182011242 0.9968167619946973 0.9986006824032011
0.9928458088019289 0.9969376583658459 0.9986280598823416
0.9927900289473104 0.9969785241088325 0.9985695465242574
0.9928295412919896 0.9969796661654632 0.9986126637620641
0.9928049732858437 0.9968622549020537 0.9987054628508335
0.9928046725395312 0.996809736061249 0.9986093518209265
0.9927979985079407 0.9969608255250936 0.9985783560777168
0.9928121137897903 0.996958019618752 0.9986086861570986
0.9928325710401609 0.9970058259585091 0.9986221766194892
0.9928639068786768 0.9971130850206251 0.9986454488952905
0.9928028669528733 0.9969531172284652 0.9986110236062634
0.9927902162268006 0.9968933283136421 0.9985565589323733
0.9928459062103748 0.9971020855728758 0.9986525893891831
0.9928546339462065 0.9969253190368761 0.9986128041311969
0.9928088316282851 0.9970376210434462 0.9986286689826916
0.992849634316851 0.9970545326823318 0.998648700773643
0.9929046441546489 0.997053569802636 0.9986642097041522
0.9928207181358212 0.9970717179471335 0.9986630277295703
