# full, direct, likely fidelities
0.9639775920573307 0.9796821625098505 0.9908551558212113
0.9640202176068873 0.9793913869415802 0.9901705992787331
0.9639706976784267 0.9783687360598549 0.9900666848922031
0.9635007248184383 0.9774509692161888 0.9897112465172268
0.9636613167498866 0.977581958794129 0.9900156190207245
0.9636645425907862 0.9777654154032416 0.989480378817289
0.9634646231984353 0.9786785582696043 0.989555133709886
0.9635270426135656 0.978828079000615 0.9900121825759517
0.9638665187553741 0.9779429913706825 0.9900226425261085
0.9637977259919388 0.9789232368333135 0.9896887035212909
0.9637568585248871 0.9766144462976981 0.9896004786913623
0.963944451029537 0.9786688383318581 0.9898074120884574
0.9635073671260839 0.97835198605994 0.9901516806481517
0.9632344514926351 0.9763735484017675 0.98969071410108
0.9638573551288864 0.9779713702503128 0.9897525770418587
0.963465018016344 0.978584937156164 0.9900973127954772
0.9635929068123195 0.9788523978988785 0.9898730932854087
0.9640449678457007 0.9776801735654884 0.9898149277756686
0.9634984517102783 0.9796687934833475 0.9901629594929213
0.9638525779036469 0.9792289022988441 0.9902819128365935
0.9632209304879202 0.9771459634639841 0.9898035800205398
0.9638140778233534 0.9778019290328647 0.9900548144127536
0.9639397182402177 0.9797848410617197 0.9903366146402295
0.9642313030588814 0.978923794505436 0.9902613820328291
0.964039101325324 0.9782851524098409 0.9902572166275262
0.9641976003507381 0.9786624149920911 0.9900338938899105
0.9640156984126491 0.977943510453471 0.9893806043944543
0.9638586193353127 0.979301709881699 0.9898012285144782
0.9633626426900261 0.9769780097575983 0.990156862041334
0.9639020149663379 0.9775270910759556 0.9900962510333974
0.963677347289577 0.9769848370975908 0.989459785779834
0.9642418646750732 0.9801415890461919 0.9905934682327151
0.9636300201111796 0.9789910281293838 0.9904717687905292
0.9640728194458652 0.9790912398376717 0.9904582157031144
0.9634972559954472 0.9766048866122593 0.9892660092554851
0.9634439935612575 0.9784764812547996 0.990440972187549
0.9639499882578255 0.976958426523586 0.9894627771933789
0.9639854201702343 0.9781348623442304 0.9898554139299343
0.9640026683415124 0.9778135437443493 0.989252424070683
0.9638584987677608 0.9790886285957664 0.9902799507322135
0.9638227832330363 0.9796104299729664 0.9901408632007718
0.9636800789857107 0.9780131102358326 0.9899502774202021
0.9637936271765071 0.9777561408200384 0.98947449541431
0.9631887222041143 0.9774945080866999 0.9895534115816129
0.9637206994176417 0.9779606631151525 0.9899753796849512
0.963960275346197 0.97722833400493 0.9898927301773179
0.9635324398314467 0.9790719205003932 0.9902760943567679
0.9634121772321972 0.9798922550338974 0.9903154949708659
0.9638641579905495 0.9788859315058657 0.9904410068386083
0.9641176494925211 0.9787463520949315 0.9897871580671838
0.9634850502789459 0.9782792053483049 0.989807235282627
0.963997774472213 0.9796048891091962 0.9900767314420821
0.9643406246610755 0.9776628627016581 0.989185656990226
0.9634466457264026 0.9780429585797796 0.990138851075275
0.9635665914226262 0.9784991082916726 0.9899482959312912
0.9639898714527515 0.9785529855587247 0.9904448429011644
0.9639022746869115 0.977242903953121 0.989660319865805
0.9641082064183244 0.9787930633208749 0.9900888405802349
0.9636784717318307 0.9797347889883811 0.990551257158365
0.9639027635034784 0.9797638408267078 0.9900789235066729
0.9634053296791312 0.9772233519103063 0.9900631510133862
0.9637817425318091 0.9791740611233568 0.9904023450467172
0.9636104881651872 0.9792345010090824 0.9905914204312617
0.9635495923887637 0.979422289112054 0.9902212634705565
0.9640561173785029 0.9780277122725688 0.989964192392772
0.9634037472198838 0.9777803466200866 0.9892456620752142
0.9635589498634906 0.9787225218965986 0.9903331953771781
0.9636071979408992 0.9774653949583758 0.9899484697829446
0.9639439604338744 0.9795410844218478 0.9901426813242592
0.9636462991589798 0.9783411508074 0.9896383190037845
0.9639534118287976 0.9787073828811141 0.9901438690023985
0.9641172890855402 0.9782340023330145 0.9903459993165316
0.9635549030675536 0.9777646916792032 0.9896858099922287
0.9640013421547448 0.9786421673449114 0.9897935659906144
0.9639485887526364 0.9781403517907737 0.9903239118331777
0.9639317154123239 0.9781868746764972 0.990055066766333
0.9639780463642502 0.9762532851067258 0.9892368000090177
0.9636640719752123 0.9782329568826766 0.9894861268687659
0.9639397483619743 0.9791780253912598 0.9901395044654238
0.9637931121094699 0.979807833362652 0.9900857658726301
0.9639773652879481 0.9794388536884929 0.9895442694123848
0.9633715204047505 0.9781574655286567 0.9897101339613863
0.9635014003366782 0.9783881747337981 0.9904062690534549
0.9638748561215301 0.9786664151237602 0.9898057492104263
0.9635572446443221 0.9794244817751893 0.9906504548542602
0.9639735685032382 0.9766699948485109 0.9899742751810918
0.9640362666693861 0.9778089129792138 0.9896911045152569
0.9635275363789555 0.9767428049307781 0.9900887681436915
0.9635310965830174 0.9799189161871298 0.9905390465459607
0.963608997570264 0.9781746610242424 0.9898322576450563
0.9638086146109958 0.9793569998860612 0.990307869927029
0.9633280217541588 0.9772837995290989 0.9893717416361075
0.9637355697668091 0.9784198597690418 0.9899836519468762
0.9639954916888374 0.9793918618695988 0.990115007831522
0.9639511883140812 0.9787709297922689 0.9902169541420878
0.9633329969258289 0.9785855513801476 0.9905480167222338
0.9635559738722378 0.9771958145840159 0.9900723853222111
0.963957880847877 0.9793221572620519 0.9898831419352279
0.9639536545557886 0.9784876811311694 0.9900270013483966
0.9632319040512767 0.9770549271150851 0.9897686140980916
