# full, direct, likely fidelities
0.9859894140478307 0.9910176938218974 0.9964995003295046
0.9863812734417746 0.9912431988568211 0.9969706769896067
0.98631716844074 0.9910309148987062 0.9968130026257526
0.9862500698214213 0.9911534065893383 0.9963127310544732
0.9859304548321668 0.9901736365988038 0.9969049536859735
0.9861617183012418 0.9907766938880639 0.9964531863058429
0.9861532001746248 0.9918783576643805 0.9968677280974941
0.986313944052067 0.9902572097928575 0.996940294254701
0.9861239441202732 0.9899719006430123 0.9964664140952191
0.9861552543347375 0.9901413431901528 0.9961433540243709
0.9862336952176137 0.991298120444435 0.9966379223303362
0.9861747864528837 0.9889455529579553 0.9970654925004777
0.9861744070174864 0.9914388278812818 0.9966915525618067
0.9861975140723714 0.9911330418247323 0.9967174440783775
0.9861626060472506 0.9911431103617641 0.9961913302686337
0.9862484101490934 0.9903240045270524 0.9967466992922159
0.9861718586586368 0.9904583635835753 0.9964607539016698
0.9865316814603731 0.9914275747145311 0.9968864617853652
0.9862247762720375 0.9900035590811763 0.9965496457550309
0.9861690995007554 0.9905000400487649 0.9966169352216057
0.9864462012336142 0.9908644653836296 0.9968376889181652
0.9860548413453287 0.9905698284004844 0.9965830088957313
0.9860535403767839 0.9900960911144339 0.9968443888467805
0.9862751789601102 0.9917441378208219 0.996688777798443
0.986388642823864 0.9909238691457483 0.9964277392381566
0.9862949665205232 0.9908198814058714 0.9966122406044226
0.9861368013315468 0.9903158268637173 0.996660686240236
0.9863219842070018 0.9910947462925321 0.9963987967972948
0.986126325335941 0.99152182939622 0.9966068692534555
0.9861866057137686 0.9917722085712738 0.996639118671213
0.9858964046292773 0.9896468738476728 0.9966222682035857
0.9861063994031647 0.9895559499992884 0.9964652584442455
0.9859038222882083 0.9899368830014688 0.9962930319901064
0.9861449180255889 0.9898142980271423 0.9963704992491245
0.9863868480253749 0.9905880860749159 0.9969905398241206
0.9862470242833911 0.9895805134522022 0.9961361842683552
0.9859586129857305 0.9890204763250049 0.9961536471933705
0.9862541902065833 0.9908742841137803 0.9963140043136641
0.9861810924672977 0.9911348165669336 0.9970029647616542
0.9860815444445525 0.9910687183527163 0.9964794968170774
0.9862207944874465 0.9910830351390825 0.9965713571538749
0.986242004306328 0.9908931385416464 0.9964931840554878
0.9861757431140176 0.9901642367316366 0.9969819637999093
0.9861232527937202 0.9904821315630373 0.9966688995020465
0.9861806067890045 0.9898678801947989 0.9969306931359457
0.9862654355492434 0.9912885492318638 0.9970413131790674
0.9860457808681117 0.9911543695809009 0.9963109860532229
0.9862735836886488 0.990549995206866 0.9969836029496656
0.9860524475044372 0.9896647101773689 0.9965519967662635
0.9860267701085176 0.9895327248304014 0.9966125978112612
0.9862770152610322 0.9908108435557671 0.9965902543928934
0.9862871066636917 0.9909779677986379 0.9966562744994537
0.9861730253830074 0.9906420131420806 0.9966722565749266
0.986029039354101 0.9907541310203085 0.9965498169592097
0.9859052261303698 0.9911277163499598 0.9969987632435464
0.9861806410817597 0.9907426258775461 0.9961567110784427
0.985961655880097 0.9895489078566402 0.9963442971028604
0.9861040704239861 0.9907552273134368 0.996540188298681
0.9860945571495237 0.9906387134695366 0.9967343733803479
0.9858174090977664 0.9901962129841297 0.9961627552638391
0.9860905520191517 0.9906525379465833 0.9968846481842499
0.9859668142263901 0.989939372780818 0.996598014367918
0.9860598606158255 0.9905428082916018 0.9967921383695041
0.9860376265116076 0.9902624191199265 0.9969687309552029
0.9863412755332168 0.9906062469764924 0.9967667448114714
0.9862981958146951 0.9916864397593546 0.9971661958649715
0.986091195113807 0.9898919492671318 0.9965794937680472
0.9859850502186476 0.9911316276887251 0.9964608951275417
0.9862020207988441 0.9911514239091305 0.9968196802591159
0.9861480700003055 0.9914914176809276 0.9970021201153089
0.9859085468248694 0.9900645266068827 0.9962932427690439
0.9861421048927742 0.9902610655238441 0.9964145612979531
0.9862641076954048 0.991353378948253 0.9965410857080288
0.9859961066084747 0.9912330154589646 0.9968569345922016
0.985960624915521 0.9916524741506265 0.9960002463560179
0.986206282851527 0.9904289146204318 0.9969383512173875
0.9861773311510779 0.991452957594099 0.996694860637569
0.985943450145574 0.9892994005129071 0.9965247189902672
0.9859942874674035 0.9907983408223716 0.9964041716692051
0.9861635734977152 0.9912442078320679 0.9966616494032456
0.986273938772493 0.9904853976334052 0.9966410283670796
0.9859823933170029 0.9897466366872442 0.9966385435319045
0.986055445798477 0.991344787100256 0.9965686324470411
0.9860879578879006 0.9911702692005887 0.996826381721329
0.9860299135315378 0.9897018379349622 0.996336258293861
0.986226663581191 0.990952904715559 0.9967801530820526
0.9861888972568691 0.9905688644269354 0.9968272229595643
0.985808362125212 0.9889890787955823 0.9965064352104731
0.9860920164239949 0.9908240220776645 0.99672048015547
0.9861574291467999 0.9902662744293524 0.9965427414108465
0.9862728861496929 0.9911397250712632 0.9968490927209647
0.9862282245069592 0.9901544420065124 0.9966372402281655
0.9862820227047763 0.990983956753969 0.9963044010518004
0.9862199307404514 0.9902689477823606 0.9962721937038499
0.9860550194218017 0.9903655867874579 0.9968591343422537
0.9861695047827057 0.9900211314970101 0.9966494727093549
0.9862703430184084 0.9910074456040535 0.9969230519206681
0.9862829323386817 0.9902988557783435 0.9966013277141864
0.9862501827484912 0.9903265910563805 0.9966952474683316
0.9859933800937593 0.988983062235533 0.9959039984781268
