# full, direct, likely fidelities
0.9999842524531134 0.9976583597131666 0.9987071014379828
0.9999856130997288 0.9980214738532299 0.9992492640484104
0.9999862577706139 0.9942225056113777 0.9983269308529317
0.9999851970667849 0.9966731926203034 0.9988899403345791
0.9999824897002079 0.9977454515620531 0.9991956772062849
0.9999787901023495 0.9964097640501517 0.9985727459593763
0.9999818103046089 0.99714985739444 0.9992852049344805
0.9999846762653598 0.9981088504194497 0.9988968179240783
0.9999840490949717 0.9976442787924997 0.9986983582396692
0.9999879785180795 0.9970779206941472 0.9993377796469572
0.999980991017106 0.9974039483786004 0.9984311850626961
0.999985022241726 0.9945155325849824 0.9991886477654003
0.9999848943099177 0.9960169733001869 0.9991583334953155
0.999985134609809 0.9976016475672754 0.9991661147929028
0.9999838187489001 0.9983392893687649 0.9988735956873951
0.9999824700940237 0.9987271471030015 0.9995629591173315
0.9999819771749122 0.9961683245080029 0.9983730154635416
0.999981763195264 0.9968867603384021 0.9985998280132775
0.9999825028074738 0.9986458083027205 0.9994845765365838
0.9999881675481318 0.9970010121743427 0.9990190662019462
0.9999858647688776 0.9982492053350643 0.9986555126584423
0.9999848015611531 0.9984587954063866 0.9987726157472244
0.9999853130331541 0.9971621946336585 0.9987062702188094
0.999983513789699 0.9978911469909229 0.9993606082429952
0.9999881038610161 0.9979998598496915 0.9989956456633451
0.9999857027603041 0.9962817052049143 0.9983499431190286
0.999986645481324 0.9987596599180436 0.9988501975729308
0.9999886453703656 0.9978734728950942 0.9993686939965195
0.9999816801888464 0.997545276981795 0.9987485953202797
0.9999848771572623 0.996693004743931 0.9994996741926356
0.9999876911038807 0.9974690527805209 0.9990960683615843
0.9999840260262657 0.9991989223859278 0.999685891828229
0.9999835297490066 0.9985928562180508 0.9989778206297961
0.999974163935141 0.9983931801793581 0.9993998093092459
0.9999866269128815 0.9975250178977456 0.9995385021875013
0.9999826047271214 0.9983739447281836 0.9991970886275017
0.9999815870119696 0.9979184789517724 0.9992009317209581
0.9999847113413508 0.9944380115036086 0.9992977034058534
0.9999820437119356 0.9982616386030307 0.9985144915922999
0.9999894157718326 0.9951090590900863 0.999380680967482
0.9999857550792056 0.9952934214334325 0.9987872703637474
0.9999805159108184 0.9979990809176541 0.9989992302331969
0.9999827534703131 0.9984961203445119 0.9991698948985477
0.9999817426905713 0.9951143820120006 0.9987350745459284
0.9999846671418438 0.9982140981391993 0.9986513291461542
0.9999860728461837 0.9969422558189683 0.9985225620499054
0.9999837938821112 0.997665528566514 0.9992811167243492
0.9999818350475213 0.9991341574106277 0.9992301357529779
0.9999836212601536 0.997718914954522 0.9983913257883292
0.9999849167954561 0.996583652925753 0.9985713937795633
0.9999856402071928 0.9956227691823405 0.998344632097707
0.9999839913692544 0.9970403090624194 0.9982574973102117
0.9999885190679009 0.9978960109697804 0.9992376228855282
0.9999861983958508 0.9963622465576942 0.9986098619984284
0.9999839661906083 0.998189789964937 0.9991924217818154
0.9999844369520378 0.9970064311899781 0.9989773789286505
0.9999865008756588 0.9972311958067386 0.9993579738753748
0.9999799245938226 0.9971308019408457 0.9987051785649669
0.9999822202660972 0.9978897992619372 0.9992186219426825
0.9999855942637824 0.9974235177116769 0.9990359193513784
0.9999823438623281 0.9955342374579723 0.9988095909454995
0.9999815609297703 0.9965023551549712 0.9978706916340019
0.9999843331246568 0.9974139299955275 0.9992103473120093
0.9999890232331627 0.9961011601406251 0.9987911746547131
0.9999894623945007 0.9973884379560313 0.9987859816125617
0.9999873970853929 0.9912483297335748 0.9991176784334901
0.9999828430969704 0.9956672391051372 0.9983622809910565
0.9999831265505758 0.9974113066053397 0.9988382909973912
0.9999866339804913 0.9966370099995879 0.9990544922426909
0.9999869484886841 0.9986773713865308 0.9992024821648943
0.9999879108394567 0.9964488988942217 0.9993903313743763
0.9999879615235463 0.9975305552281674 0.999202627332814
0.9999856778344036 0.9979486976398783 0.9987079793551564
0.9999808061507542 0.9973464495704831 0.9977390895958352
0.9999829887192333 0.9980598175766774 0.9989183688657907
0.9999888877471029 0.9984431558826861 0.9993093976925836
0.9999857554582264 0.9983216368816322 0.9994147368542683
0.9999844422149708 0.9981813451175228 0.9991507614313616
0.9999854576064259 0.9941827485684142 0.9990191856510974
0.9999841725102363 0.9968271133255008 0.9967185243757635
0.999986492408001 0.997328046888731 0.9986718493889775
0.9999786080335206 0.9975179327852516 0.9987778583401675
0.9999853469910712 0.9971256077910499 0.9990175154373411
0.9999771087376065 0.9967490953924371 0.9987464971628576
0.9999864385229946 0.9972921490873363 0.9980943025406107
0.9999780592224058 0.9973028030446365 0.9981881770575856
0.9999858375693628 0.993183074672552 0.999401394509078
0.9999847522585569 0.9957901221827158 0.9979210743580754
0.9999875413315994 0.9983377357205986 0.998986851751586
0.9999870916960582 0.9984031015281701 0.9991349579950153
0.9999872751777841 0.9967192964589697 0.9992329056934243
0.9999834123506373 0.9975684676876935 0.9990676107588253
0.9999801465256509 0.9982574996837207 0.9985560172930976
0.9999827965957504 0.9981509833011195 0.9995147550008852
0.9999886342402986 0.9956727547697699 0.9982268665154688
0.9999858230678051 0.9968653510944367 0.9981659220838632
0.9999837683611457 0.9952658813408906 0.9991305512080664
0.9999842286856642 0.9983185567643736 0.998949315192423
0.999988809574064 0.9968759421855204 0.9981510013140785
0.99998527065852 0.997795074185654 0.9983253832510993
