# full, direct, likely fidelities
0.9994720626701118 0.9987745467673282 0.9994652799092851
0.9994692037503418 0.998583001671218 0.9995587563047981
0.9994654239549379 0.9987708525028639 0.9994736220591631
0.9994684531451299 0.9986843990623376 0.9994356417324174
0.9994722216630666 0.9988096160200095 0.999465029817836
0.9994645616925285 0.9986278812607029 0.9995325615445442
0.9994749816242139 0.9986085904375076 0.9995408745364236
0.9994636984292149 0.9984193556528123 0.9994765471463108
0.9994717154284418 0.9986533697721859 0.9995380410561485
0.99947425894855 0.9985752762439158 0.9995138453993687
0.9994684957841095 0.9985857114279922 0.9995276435059589
0.9994673414288229 0.9987460661525247 0.999505422882464
0.9994720415317139 0.9987422586179967 0.9995204027284311
0.999469272596797 0.9985469709483019 0.9994948225868786
0.9994701251004717 0.998576835419642 0.9993836463921427
0.9994767039308052 0.9983743550249834 0.9995182777182451
0.9994653678335039 0.9986633883178626 0.9994846301171556
0.9994684079748344 0.9985156066727704 0.9994035821861151
0.9994702412407983 0.9987258545505721 0.99945170504529
0.9994749208432556 0.9986994482551954 0.9995133323403039
0.9994729286793917 0.9986350145441588 0.9995585870244831
0.9994668094252966 0.9985023327942143 0.9993809935928103
0.9994730688308449 0.9985352023676188 0.9995346903094394
0.999470448415457 0.9985478105487002 0.9993933369907285
0.9994721924834462 0.9987301914987119 0.9995270779239289
0.9994689067590068 0.9986164231333503 0.9995125448817742
0.9994692160932217 0.9987749203142728 0.9995287560372293
0.9994749708761499 0.9986420598360569 0.9994615665851219
0.9994671223677685 0.9988690521421831 0.9996324911092511
0.9994665919527752 0.9986427024615535 0.9994520422677224
0.9994651389572468 0.9983974926237865 0.9995091302420832
0.9994660873297524 0.9987008473815834 0.9994077944914093
0.9994769548537691 0.9982587148648611 0.9995014405404279
0.999465989070834 0.9982667161529071 0.9994062481564234
0.9994667169215661 0.99863023470456 0.9995182414954992
0.9994744509739818 0.9986824252187038 0.9995522996282536
0.9994712507566895 0.9983859788081655 0.9994718823179236
0.9994712950043143 0.9985559865531687 0.9994273267408689
0.9994661311592845 0.9984355674984695 0.9995477069990734
0.999470949724419 0.9986973816047128 0.9994762533541818
0.9994708318528802 0.9984426919630569 0.9993726750813272
0.9994709837864222 0.9985641610516798 0.999532585768897
0.9994824059719264 0.9985703133487503 0.9995138055815239
0.9994728601494286 0.9987577677255525 0.9995040591628315
0.9994699273334512 0.9987370963089641 0.9995271744302832
0.9994693359291154 0.9987156735177257 0.9995047657719475
0.99945695475633 0.9983746867418904 0.9994908757343026
0.99946918353603 0.9986024606610585 0.9995235911296574
0.99947087887963 0.9985393882627711 0.9994908616803813
0.9994738514619754 0.9986529899180455 0.9993909595228228
0.9994744459668136 0.9987088761856239 0.9994116937771991
0.9994728973612421 0.9986443838253715 0.9994558710301802
0.9994743779129414 0.9985785153268323 0.9994396410117474
0.9994710903429795 0.9986728284807866 0.9995359035298541
0.9994708212890485 0.9986769618255702 0.9994346735672087
0.9994685333439199 0.9985705258750711 0.9994618427769376
0.9994690347913322 0.9987927844869128 0.999525386240607
0.9994719579769566 0.9987440111138717 0.9994587500961362
0.999465754624472 0.9985572970369823 0.9994671349504319
0.9994719868602162 0.9986362960726902 0.9995099307226872
0.9994695974792226 0.9983352621202087 0.9993759361955149
0.9994687268628566 0.9983287526225508 0.999504494670184
0.9994699305917465 0.9988323830279894 0.9995473574753121
0.9994704404246553 0.9983493171558371 0.9995351715157135
0.9994661660520007 0.9984507497281031 0.999486972476439
0.9994726159657707 0.9987131050320138 0.9995346860536662
0.9994737875603932 0.9985180466596201 0.9994269755879633
0.9994645077354118 0.9985085117152396 0.9995543079972665
0.9994691539575397 0.9985784805831865 0.9994800499777916
0.9994686618296239 0.998493241308208 0.9995708621877263
0.9994666741238504 0.9986970050300495 0.9995630576249582
0.9994708569699017 0.998393980272636 0.999430420669558
0.9994782623037048 0.9987927896464155 0.9995282038201819
0.9994767495880962 0.9985784907395306 0.9994595394353546
0.9994638965557848 0.9986092903543872 0.9993847725719606
0.9994725785606464 0.9984464942434156 0.9994801565307067
0.9994690390392467 0.998678361036085 0.9995053832422847
0.999476527936819 0.9987050338523553 0.9995237978139456
0.9994739920700333 0.9986776160861014 0.9994918538055623
0.9994673890384007 0.9986439286921676 0.9995346064254854
0.9994747587592677 0.9987218673963973 0.9995385428773129
0.9994662780936288 0.9984800451902273 0.9994202789638322
0.9994668651559893 0.9985707844305716 0.9994426438332807
0.9994705225429009 0.9986781247776823 0.9995291256458906
0.9994677324330857 0.9982709711025002 0.9993934563111747
0.9994718515166932 0.9986010709655231 0.9994529420689222
0.9994686612135018 0.9985651664336693 0.9994945694004227
0.9994750519595629 0.9987362162482348 0.9995496984768152
0.9994781488766701 0.9983941302190122 0.9994437193169218
0.9994646793090927 0.9983498407995677 0.9992841282283009
0.9994705529426687 0.9985235794380336 0.9992851099997114
0.9994724002986652 0.998462904022724 0.9994673815023609
0.9994695506726421 0.998523905870799 0.9994729404973934
0.9994747027502876 0.998574592781998 0.9995134245152099
0.9994705826816952 0.9986506712410371 0.999556324845734
0.9994779582140535 0.9988108041768667 0.9995122384593865
0.9994668002815615 0.9986515410416156 0.9995145915603973
0.9994694884982449 0.9984935861314002 0.9994360578142483
0.9994781219790307 0.9986466514144196 0.999560382162078
0.9994659927638315 0.9987321508128181 0.9994983937784315
