# full, direct, likely fidelities
0.9999726375751706 0.9992389746402166 0.9995138788472084
0.9999617896780365 0.9994060927444939 0.9997737615483884
0.9999682547599746 0.9995038806006731 0.9998294811394874
0.9999657723267368 0.9994794940999536 0.9997374244931179
0.9999663378921815 0.9993489229326111 0.9997515601942905
0.9999628969514026 0.9991933900628783 0.9998005036791588
0.9999699716465401 0.9995859630795162 0.9997766803583362
0.9999636531656224 0.9996050506621147 0.9998255869912416
0.9999749259791765 0.9992594219908959 0.9995948003574707
0.9999647322126946 0.9994691431787556 0.9996983791969027
0.9999778689931238 0.9996598988024438 0.9998238093016489
0.9999651567485828 0.9990623073629763 0.9996529471059166
0.999959588987229 0.9995527687473986 0.9998361498964866
0.9999693550733537 0.9993249089821261 0.9996585920079251
0.9999725775857883 0.9994597575635199 0.9996555221530948
0.9999694901791345 0.9995186919276877 0.9996843098371432
0.9999650145094963 0.9994281923450604 0.999691210257578
0.9999650973469023 0.9996111897377847 0.9996904140697122
0.9999696695181046 0.9989067406195793 0.9994638132594487
0.9999670274570823 0.9994027821719735 0.999712491704891
0.9999692214480722 0.9993750213028487 0.9998122056218233
0.9999668111384374 0.998266549458127 0.999641290650331
0.9999687400231374 0.9996075003043586 0.9995415704332911
0.9999647564629942 0.999232692930939 0.9992921133894863
0.9999707847010345 0.9995623164634726 0.9996708457324555
0.999966377282686 0.9993830488475391 0.9995576281436515
0.9999661807361621 0.9993760109873429 0.9995679317080357
0.9999608978893663 0.9991994176230983 0.9997730339321879
0.999963236112455 0.9993423473505295 0.9996005077124764
0.9999684242927528 0.9992310606598802 0.9996946650837838
0.9999678664655399 0.998804057693643 0.999682307996331
0.9999651751047847 0.9994934772114108 0.9997076133100987
0.9999670074301583 0.9992603968332268 0.9996440850190981
0.9999720744170972 0.9993185722219208 0.9996535994274519
0.9999667252499618 0.9995061306710787 0.9996517135711688
0.9999714418452855 0.9992401483521951 0.9996328122892965
0.999963484199809 0.9992901918921103 0.9997005599489979
0.9999673899394542 0.9992680468333252 0.9996737263964065
0.9999693991203161 0.9994671755702635 0.9997471202679302
0.9999644702063327 0.9993343608297287 0.9996376225028696
0.9999620822459867 0.9995520211968092 0.9997514776105851
0.999970270238477 0.9991111153656801 0.9996653522556392
0.9999708984726742 0.9994269419074698 0.9996369165329274
0.9999653085502708 0.99917535223346 0.9998182175850795
0.9999702131346231 0.9992759720892318 0.9995978347950085
0.999964294320235 0.9991249853712235 0.9996732920953836
0.9999696045000549 0.9992910529278368 0.9995110409253241
0.9999676130546257 0.9994888504824542 0.9997860821835052
0.9999713788858072 0.9995037554985298 0.9996752946741017
0.999959642241055 0.999594107775725 0.9994885380219414
0.9999694166122776 0.9988243063172643 0.9997671583927765
0.9999689803069852 0.9990431944329964 0.9996055370123111
0.9999711547437002 0.9994809951523062 0.9995891155380799
0.9999639237768768 0.9990534073249223 0.9995930417542136
0.9999690603907554 0.9991416200439854 0.9997132439014663
0.9999732772649448 0.9993541779057858 0.9998284739003156
0.9999602180347549 0.999175143049372 0.9997025279568815
0.9999664288901643 0.999409091154856 0.9996506915927381
0.9999686986021697 0.9990865228433031 0.9995459538217569
0.9999710589489981 0.9993673236487579 0.9997525643094826
0.9999679452912905 0.9991075431741637 0.99962422219086
0.9999659666853599 0.9991148201151535 0.999661103180696
0.999968085285159 0.9996562454179363 0.9995744554516662
0.9999757575158676 0.9979412509339167 0.9997235019280053
0.9999610729492724 0.9993226726844631 0.999606343185087
0.9999681937229646 0.9993076913937726 0.9996927019925177
0.999957943865438 0.9988558143244171 0.9994849233904247
0.9999722833678731 0.9995357597648508 0.999723743611395
0.9999697905914147 0.9988708961265194 0.9995549180818774
0.9999657925130928 0.9993910066069416 0.9996041043929237
0.999970305950276 0.9992213149819505 0.9996345156180109
0.9999728432310747 0.9995118677810552 0.999679266665665
0.9999710045263408 0.9994893777617956 0.9997257342096462
0.9999680533928909 0.999218777364099 0.9997799641234346
0.9999698138267861 0.9993340108584501 0.9997774694685869
0.9999632274771696 0.9993120661943504 0.9996799568228427
0.9999677278270551 0.9994069755210397 0.9995564111294367
0.9999759186283783 0.9994797429609203 0.9996553712158966
0.9999693756188593 0.998805878705804 0.9995151213377204
0.9999735323208008 0.9989093991610312 0.9998080617657522
0.999961835685253 0.9993244215662009 0.9995522970270525
0.99996687755626 0.9992786171989302 0.9997690554973578
0.9999741672604718 0.9996791090650216 0.9997736260780545
0.9999709549245696 0.9991893200821488 0.9996822432733025
0.9999747379251979 0.9994046624549952 0.9996414443078435
0.9999668236827336 0.9990613198369213 0.9995400944267123
0.9999736557386315 0.9991438177465524 0.9997702112694163
0.9999712986687646 0.9991942354957927 0.9994175667273695
0.9999673483830644 0.999358098421622 0.9996966432409254
0.9999709829558807 0.9994758000020249 0.9996956427859311
0.9999754299083377 0.9992053843716746 0.9996990066601069
0.9999731101935965 0.9994303322869068 0.9996208987539942
0.9999667939565383 0.9989433899378211 0.9991261484573863
0.9999689470582099 0.9994803449627081 0.9996700869962889
0.9999636006147821 0.9993912154531344 0.9997341082752608
0.999976183751187 0.9994790034690268 0.9996110437660833
0.999964242333062 0.9993554381329551 0.9996621919284266
0.9999734603756603 0.9993279375012382 0.999781516851962
0.9999734020657381 0.9989564063017934 0.9997307873170935
0.9999696811557733 0.9993454664589536 0.9995079293605434
