# full, direct, likely fidelities
0.9804787333256318 0.9755883653951314 0.9899539031755745
0.98023422419546 0.9748459640163918 0.9891267469731511
0.9800487357645339 0.9709597420507565 0.9892410153434414
0.9804863793584422 0.9727131823541961 0.9895366722727095
0.9803601341360035 0.9717009633182203 0.989974902651609
0.9804494190020867 0.9746112508282865 0.9903067008685763
0.9803296009261286 0.9704908810129621 0.9901255445742904
0.9801750348718828 0.9735522090171531 0.9893287331850927
0.980325563302912 0.9721357957490008 0.9887070048367665
0.9799314116687227 0.9715071529255439 0.9894975830256398
0.9800704326707478 0.9745003920579058 0.990046046407627
0.980229787618645 0.9750403705302374 0.9896270743399257
0.9804124598958399 0.9739333662700889 0.9898931081162549
0.9802480691066794 0.972375050563 0.9880958120035558
0.9802786765715943 0.9742361705214557 0.9900200975022672
0.9802205264264366 0.97320255482762 0.9890172594800835
0.980558303271254 0.9763913461020539 0.9908389648196471
0.9801537891838923 0.9757894131461137 0.9894401625363638
0.9804061916617093 0.9738263686539246 0.989513415219143
0.9802555485761295 0.9712691268931525 0.9889326242936627
0.9804738232144128 0.9753166145719079 0.9895936383122029
0.9805777414038055 0.9725120395839261 0.9888940299901465
0.9801365663207665 0.973715321038328 0.9897448111526199
0.9801390157884238 0.9719176422623685 0.9892312372929644
0.980520927736284 0.9752683776558022 0.9900509751235115
0.9802549407880395 0.9744629590987869 0.9894098078819237
0.9805242935025493 0.9742100707690748 0.988733768076315
0.9804201612373128 0.9745163976520997 0.9898970147425827
0.9801690223245871 0.9718005952850522 0.9894020680026644
0.9801733128020401 0.9715255391046055 0.9889297002041813
0.9803947030103263 0.9753539701063224 0.989359721877371
0.9802793313239423 0.9705113513453946 0.9886131138389966
0.9799333377489439 0.9710753792771027 0.989631027645632
0.980601627511577 0.9746833797829256 0.9899610165216611
0.9803883568520315 0.9753923752428647 0.9902114377215006
0.9806801704722988 0.9745148044549576 0.9885476599412906
0.9800918799605647 0.973157926270306 0.9901910871033319
0.9801979511753917 0.9707550578644892 0.9875352307990536
0.9801616841266675 0.9696356379407638 0.9880941269738412
0.9802328226056984 0.9727398205872647 0.9899496392790366
0.9805161053539345 0.9750071070496524 0.990073309176899
0.9803735999762716 0.9758618156561553 0.9892420352510581
0.9801980932403056 0.9747371741742072 0.9894393922937847
0.9799564447363595 0.9739503474542304 0.9887288352827343
0.980275580220458 0.9745304371564624 0.990227942800282
0.980407363309804 0.9711705660946466 0.9881205417122897
0.9799547707065087 0.9721579374153881 0.9893707559719606
0.9803688283345645 0.9703590992590737 0.9889626992265317
0.9805905986516564 0.9762777263488865 0.9908180138751187
0.9801330821437293 0.9736115443322462 0.9887899752209605
0.9801174355792945 0.9737813938748363 0.9891758522056259
0.9803743372797554 0.9728493547892193 0.9898507940096818
0.9801596786019338 0.9711018781365189 0.9895696868357591
0.9805179548163101 0.975517377785231 0.9900194676920373
0.9807883775290305 0.9754530391235187 0.9908909871895473
0.9803528677738151 0.9740687138056309 0.9898620811795471
0.9803687714219163 0.9722472825523736 0.9887973414978307
0.9801401275569573 0.9772934806970472 0.9903076165203072
0.9801087132085003 0.9744850908660794 0.9900493773315437
0.9804420391597414 0.9739717036087104 0.990622840810871
0.9804480027111638 0.9736486532398245 0.9899519539805562
0.9802838545151467 0.97389710511226 0.9907578803415592
0.98045935674326 0.9746135323209357 0.990022882652373
0.9798096969321758 0.9748767852283742 0.9882085665489749
0.9803520955558118 0.9750220843292938 0.9890622647898061
0.9804997640947676 0.9737802613908778 0.9896879295220684
0.9803862960989803 0.9744508003825818 0.9893964335461247
0.9803368288538356 0.9745908431261119 0.9902482374901482
0.9800811005100635 0.9757857969047855 0.9900516765290879
0.9799991076578256 0.973746190718401 0.9895749466409425
0.9801607787608626 0.9713923526286387 0.9894105274337466
0.9802582702613348 0.972216760574699 0.9877847766553782
0.9799180393085876 0.971239241467638 0.9878659970730589
0.9802345035110168 0.9712238177001976 0.990358154538848
0.9804406133679431 0.9724483575172711 0.9887953954297312
0.9801149812105289 0.9739587140852596 0.9901142016782992
0.9802947832077439 0.973279775855008 0.9894083630848467
0.9802469476090304 0.9749036342579824 0.9890368373856727
0.9803105836329324 0.9732887905493487 0.9904641484834005
0.9805469867467492 0.9745155113446191 0.989911446780221
0.9801708396426501 0.9745903770865125 0.9903639140338814
0.980270728756522 0.9733573534627656 0.9897325590969838
0.9805519348506325 0.9739037865727086 0.9899621157633423
0.9805107216063673 0.9721798603683577 0.9893374212703551
0.9805580714643815 0.973431752338689 0.9890326200011441
0.9804977070880602 0.9761038477565859 0.9904975916401377
0.980503416883125 0.9731356193482555 0.9889963311847862
0.980071660939972 0.9741739387831012 0.989932259700558
0.9803869071704818 0.975670107489173 0.9896868930206172
0.9799363294062615 0.9695161847169487 0.988531671819328
0.9800648806372635 0.973109478029314 0.9874029043282008
0.9806000593237453 0.9728458683581936 0.9896476206547916
0.9806667989023089 0.9753624626437809 0.9896044922359649
0.9800228015626766 0.9717856349786049 0.9893073028062417
0.9803026528807701 0.9750664055974981 0.9897886973686248
0.9802811351868408 0.9741553979565797 0.9899803507313608
0.9802622683658185 0.9749854474713296 0.9899536783474548
0.9806031275108974 0.9735013161733211 0.9893688785527367
0.9800215615779956 0.9714114263503436 0.9895892118765482
0.98036267826038 0.9760921667149819 0.9898575672643122
