# full, direct, likely fidelities
0.29307935863200313 0.34742302543681736 0.6016999666531723
0.2487427898256083 0.3582101516371021 0.6346512024307155
0.255216683858728 0.3506822358281358 0.5736468476149119
0.2650391111406295 0.34806466892050003 0.5786267207062086
0.30982963960797416 0.35907840224723697 0.5687902509057449
0.2714823146433119 0.347963308106139 0.5960510758572198
0.27500841978763474 0.3675703257957219 0.577897176461021
0.2729854030247819 0.3576267480865506 0.5955260497171929
0.2979038691902199 0.36134007319400974 0.5756444292597049
0.27789007419200995 0.35665806509461534 0.679472134815231
0.2697729312629648 0.3732655486894468 0.6783182151806272
0.27197218273344664 0.34536222579112297 0.608463168936139
0.2816208445420953 0.3471963299886119 0.6132625191732541
0.2775905621264423 0.3677933268534748 0.6261087676889999
0.28956757919090736 0.3784613059109072 0.6328035357847993
0.27627067393023186 0.36603258279179707 0.6083760902270725
0.27081323802184776 0.36316494211567674 0.6293653234272104
0.23078856496751315 0.36490267856041947 0.6412782690625832
0.2995125899512103 0.3569367660827794 0.6175778052071869
0.2794890344257047 0.3611045683137072 0.6284360392094134
0.24087340884560193 0.3705395090232459 0.6193319357527177
0.28832483102448975 0.36681282089403044 0.6225243900972572
0.3072456990671951 0.36159516635395605 0.6029746342356413
0.2559917627186426 0.37507039948475906 0.6489124150346732
0.2496162862008926 0.34837505248886536 0.6060915083557845
0.2670522663292708 0.3742633697229221 0.6350468693073829
0.27715556941844804 0.36430973463621197 0.5671363073597625
0.25871651215687747 0.36304493136422844 0.6002393658394198
0.27071716024391657 0.370162458487993 0.670795696220503
0.27194595931264515 0.3639308616960313 0.6058557197303306
0.3226035672146359 0.35287613959320463 0.5395922567471347
0.2898484504108311 0.353486194223442 0.618404684831458
0.31194200349199824 0.3668339319178438 0.6148666338758375
0.28796078634689387 0.36051023928081694 0.5271312264818949
0.24759474217043467 0.3470848841735519 0.5708765544966096
0.26938888613811 0.3667267076376061 0.6179723175444899
0.31533775091541244 0.3389543920645034 0.5839269407713104
0.27028785078890993 0.3661409438835132 0.6056518799469339
0.28636879462614717 0.36358696361309056 0.5984991331126163
0.29724452689041103 0.37059875741348397 0.6415302541620154
0.2589451056822974 0.3657576952497443 0.6412246689620221
0.2730194747192924 0.36708909435283016 0.6607987927130257
0.27334887240899325 0.36426812399964525 0.5773879983018858
0.2722435900186445 0.3526585863824902 0.5909821578225286
0.2893495240823367 0.3500104900516365 0.5854784322443994
0.2671406845396322 0.3784077639078459 0.6659855351973125
0.30477020719883174 0.3563498910328525 0.5927356551564698
0.2677649204820348 0.3690135637817401 0.5836798019919827
0.2881590357918966 0.37773292409496045 0.6284436423515367
0.2946949306804949 0.3318178621072494 0.5804105496722424
0.2670974298558693 0.3398933756973275 0.5803428335848371
0.2593940342549325 0.3508273603798695 0.6257971437875672
0.27577124518384194 0.3666832388142944 0.6401294419213742
0.29694385770717685 0.3448966139157312 0.549693129878903
0.2987818519518418 0.3616911883898055 0.5814174711138623
0.28864359124354866 0.35212089727032314 0.5689302509212819
0.3179680629884843 0.35982550044229306 0.6118129934687364
0.3084048774629081 0.35738798241715636 0.5473003941833101
0.28849251534494014 0.3418044168126924 0.5851424356368912
0.35906020567507124 0.35575297576208315 0.5496964580543767
0.2907870896046995 0.3560386796127301 0.6223451123627911
0.3210316709060746 0.36672133630220294 0.5594620952613908
0.28818754799344776 0.3758834206213439 0.6645360614809408
0.3022631617448656 0.3653265775399063 0.5589671534209973
0.24940996499905838 0.3529016066881249 0.5379129796848169
0.2640667128764909 0.3661641118372283 0.5488744124451324
0.28980746501561405 0.36055828913115995 0.6205898411939584
0.30866339817329297 0.3506287148966721 0.5732278740225641
0.2790872094121448 0.3641777159310966 0.5821893385853988
0.29011017923475646 0.36128448993484036 0.6546050642489512
0.31758031917105467 0.36560318428198163 0.5795961844645965
0.2863439611706275 0.33358697795187336 0.5680508367609395
0.2781683216104207 0.34875095094428027 0.6374043003084736
0.3078166984714511 0.3592874932656182 0.5940919871448397
0.31189398646428573 0.35395418189646993 0.5585444640071928
0.2763083987836773 0.35429283932517364 0.5511777350745073
0.2791698977176543 0.3483144212317254 0.5639441245387757
0.3179529151866838 0.3512404574059121 0.5735334013328892
0.31430066305952853 0.34210331349068246 0.6468766408567538
0.273811901930198 0.36357400438461207 0.6038402511677634
0.25419548876290915 0.36862966349685417 0.6594154811902365
0.32138019314780336 0.34666771436094834 0.580949666366494
0.298969671284567 0.34141396519358413 0.5365686146638785
0.29098721689952334 0.3726580299088407 0.6457698251444339
0.3240405505183077 0.35753290441650176 0.6227405328770858
0.27200943529314014 0.369868567395836 0.6044709354855226
0.2781056402928602 0.35174544611734415 0.5672807098175342
0.36510192804203406 0.34920207423933247 0.5107450186713666
0.27799519207180834 0.35756284815509704 0.6334499955331893
0.2799202012176664 0.34827890762781966 0.5852875595116358
0.2584836563142991 0.36688452434235447 0.6129166976773596
0.25589189980512606 0.3511190284166187 0.5877074897220413
0.2629463687088212 0.3564284639940987 0.6370084291078645
0.27870076163656216 0.36860741588216056 0.64908879232855
0.29223040526549154 0.36599953075499414 0.6413936527176037
0.28538221095138894 0.3481217409823646 0.5102371100831951
0.27095474894943966 0.3644530940047494 0.6109125416951661
0.252046708242856 0.36827241808916744 0.5870723560525378
0.25756223068023243 0.375293935500593 0.6743150948343389
0.28951421688089446 0.35590608712510763 0.5767113547339653
