# full, direct, likely fidelities
0.9894124399423507 0.9801491309270131 0.9920360436345743
0.9891562450609137 0.9825375343313316 0.99356309164753
0.9891815342920641 0.9836542498818905 0.9937065783103189
0.9894033965699214 0.9844572701210681 0.994096575388573
0.989449022456476 0.9839402048615636 0.9941033033143258
0.989084715094705 0.9814762407062795 0.993523658024037
0.9892148137680551 0.9829278751728439 0.9935295191662203
0.989017758474124 0.9813053253009173 0.9941311952360102
0.9893290960790008 0.9822562785358814 0.9928264907018731
0.9892370509971468 0.9817983200635577 0.9939063699917552
0.9890854711822487 0.9808995598457326 0.9942366464868887
0.9894867815257851 0.9824821785110881 0.9941266902529866
0.9891980200115237 0.9835873185755192 0.9935288161207557
0.9892115546166904 0.9826719246201854 0.9929372310452215
0.9893207096571537 0.9830226865625185 0.9935183626717089
0.9895185982215097 0.9822794471375446 0.993483603238243
0.9891823364306218 0.9824154710954434 0.9938429071170304
0.9891097341631498 0.9805173284567422 0.9923066931233411
0.9892778399900515 0.984158135389038 0.9949392436998002
0.9893133166079395 0.9836231914774832 0.9928445683225893
0.989342323644866 0.9834069177750362 0.9934032642672359
0.9891275996886466 0.9832515067004396 0.9929530423093921
0.9890846207759917 0.9795711393560443 0.9943941388403601
0.9892733398508813 0.9792344168261203 0.9923130378604779
0.9892911392589947 0.9815614736268655 0.9934705938058909
0.9892344388244021 0.9828133516580805 0.9935333161620293
0.9893089898612328 0.9841905357146267 0.9934305820748722
0.9892353308281859 0.9820192100426378 0.9931339041557655
0.9893785125415989 0.9848681657732038 0.993671082360392
0.9893541523546598 0.9834585866548821 0.9932533062342337
0.9889693706686564 0.9827785397521294 0.9935561499437404
0.989134674948019 0.9825942138128625 0.9937143886143213
0.9894097607573543 0.9800946119998926 0.9936800352849794
0.9890775596914978 0.9829563311361332 0.9938574497366436
0.9889576420672227 0.9793873203421332 0.9938106049817186
0.9892389350312306 0.9826216916085027 0.9934955452646569
0.9892454050794788 0.9811523180867371 0.9928997194762481
0.9890601972632499 0.9792986883314073 0.9933720563900644
0.9889613857867434 0.9786404937590629 0.9922069495560749
0.9892534441871486 0.9818947274485859 0.9942835132638908
0.9893829090762049 0.9822268685721728 0.9936237098089521
0.989269386468797 0.98276238884045 0.9937733152568146
0.9892826446019458 0.9811628634899547 0.9933335876426903
0.9892516682649641 0.9837870503228434 0.994346759591616
0.9892413461073892 0.9801318972219898 0.9936483158274702
0.9893937840848623 0.9819761012074101 0.9950714818520682
0.9890909709010711 0.9789888613974386 0.9926253345411629
0.9892153157570689 0.9816517579237749 0.9936207809171893
0.9893167288340293 0.9824379481617939 0.9933248892907864
0.9893132688718741 0.9829155351128326 0.9932597012712542
0.9894083045782652 0.983711743551485 0.9943024808117366
0.9894799271831661 0.9824856903315888 0.9931889710906777
0.9893036876961878 0.9803772155147813 0.9939441309148296
0.9893426298774795 0.9843035025114996 0.9928531623369572
0.9890294222768938 0.9829037393978745 0.9944082660993095
0.9891138181551977 0.9819130251867634 0.994779513882612
0.9890613121674398 0.9807643247327182 0.9950466612625036
0.9893023884086151 0.9845074528135728 0.9941448068843985
0.9889989783802261 0.9818983152849108 0.993768763288214
0.9892631554585632 0.9840043824750552 0.9938302818333167
0.9890168622459111 0.9806980988285856 0.993617179847306
0.9891061938933712 0.982031574421719 0.9940703132974553
0.9892216339119182 0.9821228390620519 0.9936773617487464
0.9891990487202953 0.982648207084618 0.993377393713172
0.9890581082224105 0.9808941985334213 0.9935741389902921
0.989341756766872 0.9832170254673336 0.9942256136085957
0.9892774951528197 0.9807411377582075 0.9936319358657514
0.9890798991433211 0.9809678597170649 0.9927555629970837
0.9892912252251862 0.9804746865316202 0.9933722359228868
0.9891960580518134 0.9827823988193386 0.9940825311998597
0.9892888460692296 0.9831999507370177 0.9930697115117622
0.9891227091676791 0.981631309779446 0.9928589372328817
0.9895774835704289 0.983987648443776 0.994243299339101
0.9891338701830987 0.9831611696321794 0.9940465591031542
0.9889718281167604 0.981702226728816 0.9938922533359488
0.9893998656054895 0.9819441652339186 0.9936369753549309
0.9890629447622736 0.9825575789522416 0.9938432019418149
0.989507886828673 0.9839128617725275 0.9940117955076972
0.9893181175864169 0.9842522671461454 0.9935799523192642
0.9894177795258084 0.9830371012825648 0.9933455803776645
0.9891873532386015 0.9814021102325827 0.9937127408546887
0.9890842343184427 0.9800838071797119 0.9931815277020977
0.9890194463321414 0.980262326320549 0.9949051586505265
0.9892895597154435 0.9811114622376624 0.9942922993752191
0.9892022430760382 0.9800004418520372 0.9925652975328637
0.9892557897901751 0.9823196923871695 0.9936624108341254
0.9892665321280844 0.9831187686487162 0.9940531373730069
0.9892501560160798 0.9831600542904562 0.9937986430582025
0.9892767350713084 0.9817817653736056 0.9941182065421
0.9892532882295814 0.9809002521938456 0.993142843248765
0.9892291296651494 0.9817246212378008 0.9939405921186882
0.9891824554057104 0.9800422344917714 0.9938779235000915
0.9889867814897342 0.9794924884272979 0.9933347033355976
0.9895460464979199 0.9829445630221781 0.994347195593545
0.9893466550415685 0.9841130298045732 0.9938437224106628
0.9893960736606873 0.9820342546328644 0.9918699206173262
0.9892995767883997 0.9825558330597836 0.9940244624963436
0.9892693512600057 0.9788849525421549 0.9923130114128575
0.989535949963385 0.9830792684943757 0.992765795941175
0.9893499383774876 0.9810667469667799 0.9935087570399821
