# full, direct, likely fidelities
0.9999916855577743 0.9995874483382581 0.9997413111113161
0.9999812213730487 0.9991212798400777 0.9997707894849243
0.9999841528829952 0.9997600129161673 0.999775886749098
0.9999847497227229 0.9997613008029405 0.9998428897856928
0.9999848511297535 0.9990998199544543 0.9998701540753686
0.9999829759809196 0.9988282987788307 0.9994755546782982
0.9999839643811262 0.9998975852111353 0.9998808856525421
0.9999886319441091 0.99961826871415 0.9998751247567153
0.9999885956046856 0.9994143706369699 0.9997411963825932
0.9999828670160519 0.9994710596177007 0.9998440891158074
0.9999836740425107 0.9998117636337706 0.999885814177071
0.9999875018370387 0.9997539986447009 0.9998191947586298
0.9999846886246408 0.9998133534041277 0.9998435303167306
0.9999876678065779 0.9993142621402025 0.9995183776937877
0.9999852373856556 0.9996137658961471 0.9997747430108821
0.9999816622512618 0.9997396557740279 0.9998789928256169
0.9999862395276579 0.9994006940021117 0.9997465526840477
0.9999863063233921 0.9982507514715159 0.9997950341793596
0.9999878707791505 0.9995603292913909 0.9997896491473218
0.999982254388715 0.9994035616662217 0.9996644409493337
0.9999847375394595 0.9997735437287594 0.9998515943616001
0.9999835724855702 0.999695018451811 0.9998571094930112
0.999983064646337 0.9997142351739794 0.9997293919105412
0.9999851095156208 0.9997548689168227 0.9998576664878412
0.9999844241336691 0.9994508186905512 0.9998236577488154
0.9999873036659345 0.9996029734183608 0.9998375249976408
0.9999849699488649 0.9994907479833156 0.999831024804265
0.9999903756724453 0.999570373226818 0.9997539203760493
0.9999814906768972 0.999581992387676 0.9998107782452488
0.9999849667873574 0.9995909306853408 0.9996660429661841
0.9999843200765643 0.9992763402841117 0.9995144529763683
0.9999809110397577 0.9996474433328334 0.9997814432289056
0.9999837391246956 0.9993349650490964 0.9996619620477495
0.9999863020419474 0.9995443694081633 0.9997363074384525
0.9999849777576886 0.9993529960324251 0.9998397817448076
0.999988520325424 0.9995317981425336 0.9997942563988815
0.999986012266873 0.9997665889455941 0.9997784585912316
0.9999826756053297 0.9996648409094016 0.9997409601803234
0.9999846511961534 0.9997111258948724 0.9998712785754168
0.9999843049786777 0.9993543758578178 0.9996056878801219
0.999989124944637 0.9987626811768553 0.9994327106345882
0.999986144968304 0.9992040725114534 0.9998406953971901
0.9999809061085894 0.9996650123360151 0.9996919220453241
0.9999840818137821 0.9987280402628546 0.9998251924141028
0.9999856275164531 0.9994341551783172 0.9998456175869735
0.9999840559645705 0.9982517370999462 0.9993295204487939
0.9999869357241747 0.9994764043274079 0.9997485193827488
0.9999851392332945 0.9997270265048657 0.9998244274231806
0.9999808157584212 0.9997780012974741 0.9998896377013597
0.99998281942691 0.9997345090266629 0.9998273805537096
0.9999834915465382 0.9995650291480355 0.9998314614445564
0.999981106303864 0.9997122758529263 0.9998051327887075
0.9999850941211119 0.9996942918379791 0.9997616634224189
0.999989128602194 0.9993445391564771 0.9995428020475835
0.9999873379284344 0.9995675058012912 0.9998808621270077
0.9999841546088903 0.9996106808939303 0.999797317733381
0.9999835246014362 0.9994480875289522 0.9997920353369942
0.9999854503386015 0.9997158846913237 0.9997728637304034
0.999984836208643 0.9995648132761176 0.9996759436447344
0.9999864892449725 0.9995869914644149 0.9997748104693763
0.9999844469192344 0.9997986304166768 0.9998217247583968
0.9999867081655734 0.9997889456809748 0.9998301386397548
0.9999796495777672 0.9996760430676283 0.999779475574147
0.9999775255607812 0.9996467307930287 0.9998151957053029
0.9999829631576033 0.9996964063746293 0.9997392579905043
0.999981325631002 0.9994986144366288 0.9997991158094354
0.9999863184749072 0.9997432001233022 0.9998017685820495
0.9999842617613359 0.9996001854551725 0.9999019787700708
0.9999888217937986 0.9994140126845074 0.9998309061508628
0.9999841243265261 0.999427834154811 0.9998728487241605
0.9999873005572767 0.9993675280751615 0.9998079806992216
0.9999791287915057 0.9993271838923858 0.9998863153252632
0.9999858031889473 0.999344790521698 0.9998028233401068
0.9999836433210514 0.9991796867235017 0.9998297130478466
0.9999874302661341 0.9996462037331677 0.999739457146597
0.9999887366878761 0.9993120265963326 0.9997631289232938
0.9999822486086677 0.9995607473769238 0.9997516611649789
0.9999804606947494 0.9995687820829846 0.9998609449053069
0.9999853507892256 0.9993101797317797 0.9995616792281744
0.9999797985171873 0.999188376299821 0.9992601283747842
0.9999865849433763 0.9996449117304734 0.9997600735750426
0.9999859933796676 0.9991856180354688 0.9996665466122324
0.999984125914694 0.9994873224350873 0.9995677147264747
0.9999864137564418 0.9996495986813598 0.99981087335573
0.9999823088967796 0.9997314173146729 0.9997981239248087
0.9999827952651307 0.9997457681488794 0.9997658774721134
0.9999802493280093 0.9994527628569236 0.9998526848883086
0.9999808542341106 0.9998492603494002 0.9998770287059702
0.9999821752754423 0.9997011033996213 0.9997896355806003
0.9999893251759788 0.9996134198541875 0.9998194242493672
0.9999851300818737 0.9995203080141147 0.9998165061087388
0.9999814222181052 0.9995843676421181 0.9998503746256352
0.9999843642928525 0.9996737390613891 0.9998241294964941
0.9999882047991228 0.9996410292765319 0.9998083679949802
0.9999842527155219 0.999483147536499 0.9998043948606832
0.9999899279863083 0.9997355187172738 0.9997043481135873
0.9999860725896771 0.9997688177515539 0.999877180416687
0.9999890290284578 0.9996079286227155 0.9997932227612093
0.9999876179308493 0.9996411431556618 0.9998111271207188
0.9999872106927606 0.9996787090890887 0.9998756859175039
