# full, direct, likely fidelities
0.9528781962239044 0.9761950024044594 0.9915809909572298
0.953145814347478 0.9744893516050275 0.9901811909458492
0.9533436943553286 0.9765442871484512 0.9904293481985544
0.9529135201113186 0.9767088279424417 0.9908706625396229
0.9529380775659199 0.9757158663401224 0.990406432767474
0.9529321299073623 0.9747069938121267 0.9909301899980866
0.9533944754946937 0.9772523973325679 0.9912299645444649
0.9527782072640069 0.9765935978288606 0.989954321854144
0.9530050814324847 0.9772048957809492 0.9908168666235708
0.9536560111385403 0.9748212987719684 0.9912023132552844
0.9529278917647455 0.9746247302493009 0.9909663558888475
0.9530303698354678 0.9728402072809806 0.9900907039476584
0.953339043549703 0.9740865067020399 0.9904724130825744
0.953004671985837 0.975686551567337 0.9904332597906671
0.9531657206856298 0.9757041093131742 0.9906503599224944
0.9528086378983711 0.9734422364982038 0.9909811435336839
0.9527356600726741 0.9770341715555725 0.9912057410198737
0.9530566558852359 0.9744342268288717 0.9904756177428051
0.9529452294017399 0.9753264363818857 0.9914461651206978
0.9529419352932051 0.9771361824102197 0.9910503854554191
0.9527171951922041 0.9736588380483107 0.9907730192285361
0.9527148082863712 0.9758840900509336 0.9902292165491003
0.9536610403947057 0.9742858175729262 0.9910952732483425
0.9531648859888596 0.9743599808263793 0.9905897472196724
0.9528297952261991 0.9738400973890385 0.9894994729451039
0.9526961752575887 0.9755477984835348 0.9907235109927229
0.9532587398815551 0.9757719161594334 0.9905568903131018
0.9530167950404257 0.9755819267298095 0.9907112816719292
0.9529524572714085 0.9749332665712948 0.9909907676610464
0.9531881044144392 0.9769861639958805 0.9906327083439163
0.9529824538307747 0.9742541582839128 0.9910272837923907
0.9528901152750532 0.9750458285900836 0.9907441125033118
0.9528621909901237 0.978194354140431 0.9909730445119764
0.9530210436835125 0.9745845449494398 0.9907026306657358
0.9530319264291787 0.9750651273012019 0.9916605431024472
0.9533697752742015 0.9744933745495176 0.9896291484242111
0.9528006965244697 0.9755245317936602 0.9907729355810263
0.9532714104075011 0.9749434257629447 0.9904599897643711
0.9530006854613082 0.9770128476778124 0.9910707245010901
0.9530179908179565 0.975594633186914 0.9900204568959136
0.9530796839718115 0.9741005450411749 0.9908276483090915
0.953299311672949 0.9740891071105348 0.9898033398250392
0.9529296003786071 0.9748496404498648 0.9908111966720929
0.9529490832957648 0.9741721394909609 0.9906646198063328
0.9529778294127006 0.9747411942130976 0.99038836830293
0.9527963451834132 0.9766508990546441 0.9904932140394076
0.9528812796201905 0.9751358658928018 0.9913678479942784
0.9529431066058706 0.9765415982083934 0.991448966616016
0.952888552585527 0.9733783852798316 0.9910672317004552
0.9529349023225894 0.9746221692375034 0.9912854395344276
0.9534160688253032 0.977128007093565 0.991046643426108
0.9531466260678656 0.9750648206262198 0.9910023636690801
0.9529724797064151 0.975648825586266 0.9912106071012204
0.9533032266160503 0.9753727708135915 0.9905275938740731
0.9530200195731177 0.977818819928602 0.9910153690358908
0.9528676856078077 0.9757493004765622 0.9911843029239886
0.952938158942199 0.973374553911891 0.9911341563982147
0.9528941448226669 0.9753930108506426 0.9903912287101835
0.9527964879904276 0.9740284604728238 0.9914549894059956
0.9529165472409712 0.9763451386602977 0.9907776445745053
0.9529688145822717 0.9766277746470832 0.99020610395859
0.9526225491763992 0.9757894319178767 0.991101380713837
0.9529197374192515 0.9759594450561891 0.9904162548728787
0.9529389143672299 0.9760119221370364 0.9905420303310408
0.9530364114260134 0.9765182019216309 0.9912440163927971
0.9529113887186684 0.975347879911845 0.991063436798037
0.9533734317849523 0.9737533322820356 0.9906445787030681
0.9532268122910567 0.9753012966723719 0.9912180568017956
0.9531059099897087 0.9747559161332977 0.9910445254317016
0.9532603457079011 0.9741988145601617 0.9906354797665884
0.953128600783594 0.972596779761376 0.9909239289865569
0.9528582007502944 0.9751267542687113 0.9913549286423424
0.9530850327742131 0.9768203236028602 0.9906036101956907
0.9530622885475414 0.9758544501316111 0.9909407163098486
0.9531433138648275 0.976251434065209 0.991423618327276
0.952646138613418 0.9737408570530521 0.991002740229516
0.9530154638053061 0.9752253591686328 0.9917006060424484
0.9532648698237448 0.9773079486112508 0.9904286530744014
0.9531134752667622 0.9747674607781996 0.9911384271927494
0.9523831817405871 0.9765955009892415 0.9909712569688472
0.9533163401447926 0.9728174577273575 0.990423855338837
0.9529405424710371 0.9763710209086154 0.9903525189594222
0.9534539920605242 0.9768747496747934 0.9905324965198221
0.9528100708216369 0.9758595472480678 0.9915081963475579
0.9531108100424346 0.9762513090812283 0.9911029690675457
0.9528769043110594 0.9756380731014884 0.99031473041515
0.9529259061668597 0.974648870443393 0.9903126032292906
0.9530375691886688 0.9760507565344987 0.9904588714373821
0.9534311741863323 0.975959792935072 0.9904845608001265
0.9528147176313913 0.9732495202309528 0.9903570483870352
0.9532038961572477 0.9744931775658865 0.9904089568022028
0.9527905398402409 0.976028743101848 0.9911411008165253
0.9534143896612345 0.9764356749783425 0.9909493708757017
0.9531525026673018 0.9757098899194302 0.9910512179608691
0.9530275953606819 0.9767051728309087 0.9903411354767986
0.9528418841438471 0.9731120749813686 0.9902988461133826
0.9530088658736148 0.9759764416884553 0.990255370802318
0.9531961102025032 0.9729034007091164 0.9901230621254349
0.9531772982127232 0.9748548369437599 0.9904612676224308
0.9529437208115364 0.9780096684580918 0.9909861234141293
