# full, direct, likely fidelities
0.9744395043420501 0.9857513508732633 0.995057265490493
0.9747786704674866 0.9839669213575053 0.9948155645019185
0.974591659739536 0.9858649293629765 0.9938670515579541
0.9744434738464096 0.9844724678399611 0.9943746127742139
0.974263552665667 0.9842096262545996 0.9936017994807876
0.9744685905212582 0.9836717561113779 0.994346841162009
0.9742898671956204 0.9854862784992258 0.9939988587678672
0.974444238979739 0.9851238580689315 0.994082957725752
0.9743543880818284 0.9820073907123947 0.9937081038237932
0.9742388146846265 0.9852145437941358 0.9943822845385909
0.9744767466734686 0.9855533646956348 0.9943725923479355
0.9744978666196287 0.9835014257402765 0.994268333994918
0.9743222222164495 0.9856431156143577 0.9946832155328026
0.9743576148089884 0.984726145048081 0.9945736059511199
0.9741731788527191 0.984201342488193 0.9946361362406065
0.9744649901347733 0.9844517170331445 0.9950484959351139
0.9745866381855187 0.9835126758792104 0.99364261953609
0.9747620218434854 0.9847183695255418 0.9950691052807612
0.9747833800029091 0.9838051884313868 0.9941530234486552
0.9745197520560888 0.9840650413505634 0.9937971619586373
0.9747716325122732 0.9854561583659188 0.9944633685567671
0.974298799726802 0.9844277826320235 0.9944072906196328
0.9739633523927655 0.9850650516717646 0.9944417278812226
0.9746775988529643 0.985237093846116 0.9944131388078432
0.9746262593094609 0.9848398773677008 0.9945113243584333
0.9744611201984816 0.9843148037747138 0.9947819789236058
0.9744122231714035 0.9833209884533465 0.9948604105610577
0.9745685904798305 0.9857999121591875 0.9940801398841369
0.9743949538264 0.9854702466198506 0.9940956989172051
0.9745028732946375 0.9868255408249469 0.9942331869228067
0.9741537177024839 0.982586889663316 0.9941619039449673
0.9742473702215089 0.9855030467980465 0.9941987239351605
0.9742010389286787 0.9847073758243149 0.9941274272670744
0.9744943998620965 0.9840276502994827 0.9939666037484655
0.974577604539747 0.9845305772363357 0.994672388103692
0.9744457304438617 0.9827885596466 0.9938992024129243
0.974131268529511 0.9826267350978571 0.9944851285927916
0.9744332288260771 0.9852494038816572 0.9941670399069917
0.9743443184287065 0.9859214011350843 0.994843106104757
0.9742513044901506 0.9836677666790955 0.9940310261175321
0.9744344514453577 0.9864393548175523 0.9940210405717763
0.974426355721749 0.9848662437621342 0.9943745660909113
0.974450998817633 0.9857800624548048 0.9945357448882918
0.9743105107668454 0.9861428136994063 0.9947820006767444
0.9745140435003817 0.9827722923110812 0.9950914100806634
0.9743848800073696 0.9853461014565346 0.994974869910028
0.9742003840019157 0.9856704119944357 0.9939059150191711
0.9743189098873412 0.9849454346423165 0.9943325540884417
0.9742373069618675 0.9838708658621553 0.9941073138189785
0.974349480375657 0.9841114431637776 0.9938137073106508
0.974212717191702 0.983744580758969 0.9932872226720896
0.974546029990124 0.9853670555643608 0.9947568208616644
0.9743630653424521 0.9850450820324915 0.9945028813253112
0.9743779320248975 0.98439917896567 0.9943646774490692
0.9743215481085081 0.9854275283741092 0.9947069564138034
0.9743757929512857 0.9837296125579114 0.9936454982291992
0.9742616057158622 0.982068078073615 0.9939680630191386
0.9745158216537712 0.9829043584516947 0.9938122635797667
0.9744797695968925 0.9852734394348945 0.994177818385016
0.9741893529551376 0.9839635571696779 0.994527934913076
0.9743589097982818 0.9852241026573145 0.9945224681718258
0.9742268322972195 0.9837845827858759 0.9939415048930835
0.9743448052362512 0.9836072743336945 0.9944710110689189
0.9743843845409801 0.9844070221372326 0.9940029439178582
0.9744862673777297 0.986258922550483 0.9942392589479423
0.9744474486744593 0.9859436679535606 0.9945572743131895
0.9745012764006971 0.9838179554158448 0.9944355098613573
0.9742967548317975 0.9849464054345684 0.9944924028733487
0.9745992910039126 0.9849956283382914 0.9947488135802485
0.974358872379109 0.9846392157094783 0.9945533822971487
0.9740551524538259 0.9837969175372966 0.9933362997018729
0.9741928961862257 0.9849257730867315 0.9940270531045798
0.9745023404298909 0.9821016161670174 0.994543725682528
0.9744264103249449 0.98361993138951 0.9944697913420013
0.974323501343871 0.986097087289447 0.9945928582384892
0.9743908380257452 0.9839808048581383 0.9946172822110743
0.9745086093276852 0.9859863872857165 0.994312401070705
0.974337864643319 0.9821439345375275 0.9948415800088187
0.9739070483252494 0.983695074543522 0.9945197868117996
0.9745144055275061 0.985987808867773 0.9941507683101332
0.974743666783365 0.9854709661433604 0.994978694571304
0.9744369223890412 0.9830963529041938 0.9939586853723905
0.974336548545116 0.9838326060847075 0.9935092694565261
0.9745207150314907 0.9849070199190572 0.995039101878584
0.9744591638364726 0.983978156894734 0.9942332154357266
0.9744161510321924 0.985436938062923 0.9946076491256004
0.9743919095967805 0.9846166912062814 0.994353162369853
0.9741516064392086 0.9803976119190863 0.994805831235323
0.9742905024945167 0.9849841800814643 0.9949331592527736
0.9744693534618164 0.9847028633706046 0.9942265758052677
0.974410973649891 0.9848289607716539 0.9947699514747969
0.974611918081082 0.9843543067925787 0.9949733445706843
0.9744004051725194 0.9858822929494746 0.9946010315237946
0.9747814490702854 0.9851162385021504 0.9944980051952282
0.9743880032286335 0.9850122057766214 0.9945308794579156
0.9744406115413162 0.9849971121536781 0.9943359951216022
0.9743405550609502 0.9840335952172055 0.994714580773678
0.9746265828064953 0.983897331532583 0.99454582256514
0.9744390943660733 0.9850650109478334 0.9943934918859074
0.974329852905081 0.9841863313391023 0.9940240965649433
