# full, direct, likely fidelities
0.9995040610843547 0.9970942604788285 0.9989935289599542
0.9994869943788457 0.9973587364672437 0.9987047177172707
0.9994639758063395 0.997185155189302 0.9985313421514127
0.9994946754209293 0.9975109108071311 0.9988402047055037
0.9994758447207327 0.9975618254599558 0.9987645064171906
0.9994996560839344 0.9972539117095427 0.9986562543928369
0.9994968953043866 0.9973705577960063 0.998916776247075
0.9994786446433764 0.9974915264300629 0.9986519767575169
0.9995038066253775 0.9970113641911993 0.9985055545807436
0.9994715012005391 0.9970865144470946 0.9986266714721246
0.9994901218972351 0.9971099637198951 0.9987868442457839
0.9994845280959113 0.9970164753548659 0.9989743313827278
0.9994631486022967 0.9976495747859359 0.9988197647089233
0.999507965415221 0.9970319009932614 0.9985442242872217
0.9994853086556209 0.9976838221370515 0.9989312871092468
0.9994747701299636 0.9974075483894632 0.9984765933243654
0.999484148845298 0.9968768907851974 0.9986202257855182
0.9994855304527703 0.9972607119149426 0.9986815111514855
0.999478520450216 0.9977957380466838 0.9989775517722396
0.9995015108881676 0.9976534545103829 0.9988078080655005
0.9994861707343198 0.9973091089419421 0.998767859751426
0.9994775765190419 0.9972418096733326 0.9989210533313728
0.9994750793756655 0.9975247232875725 0.9987720501947059
0.9994776189379837 0.9975338708020812 0.9987508724144559
0.9995076658953169 0.9974160273394216 0.9988784288156858
0.9994794616094422 0.9973227452869163 0.9988885501250668
0.99946513967619 0.996676174759163 0.9988114161647652
0.9995043140286702 0.9970432876964475 0.9986974847041175
0.9995008044529384 0.9977181848298902 0.9986525227171982
0.9994863963925432 0.9972988244600889 0.9988322516234349
0.9994782352321708 0.9974658888958503 0.9987909791623529
0.9994949808507878 0.9968447686011982 0.9987318503495659
0.9994812869874822 0.9974004491296714 0.9987060908670087
0.9994828933147902 0.9974925282042403 0.9987376368312382
0.9994853591478442 0.9971589240510914 0.998488728954191
0.999457550049097 0.9970780301449483 0.9987848835446159
0.9994666509018518 0.9970381581462386 0.9986046926697363
0.999495278045692 0.9974091206957812 0.9989223515006784
0.9994951961717093 0.9970341648437927 0.9988679853826268
0.9994782603923685 0.9972216739920107 0.9985920729930982
0.9994728127343135 0.9971856633619564 0.9986039883549656
0.9994605445176346 0.9966503574343288 0.9983594736137951
0.9994654998211545 0.99762742617151 0.9986278298706667
0.9994436051611629 0.9975822320458341 0.998919332102959
0.9994841615869755 0.9975101136496846 0.9986611475389305
0.9994846261703716 0.9970453791443799 0.9985533030429895
0.9994698040130204 0.9975563006018756 0.9988026790324626
0.9994630190247654 0.9974545509905237 0.9987480439813378
0.9994563914186234 0.9975130355773519 0.9987802063564872
0.9995078241769983 0.9973117658818365 0.9987104365226633
0.9994755601355975 0.9967773428818112 0.9986155740643947
0.999501280162179 0.9973790470920352 0.9987836294881058
0.9994445607210312 0.997633133534161 0.9989385226980972
0.9994946392721723 0.9975391299077665 0.9987590424911603
0.9995024868876843 0.9965359884225877 0.9985390071971002
0.9994749968102831 0.9973778502058915 0.9987634959244971
0.9994795626354527 0.9970465842476198 0.9987826057403928
0.9994700737427932 0.9971508316786403 0.998782111946083
0.9995003537361852 0.9977171987606239 0.9985184121761556
0.9994862254508076 0.996988349897316 0.9984215292881318
0.9994868889888082 0.9973526841008588 0.9986090245852618
0.9994844430270182 0.9974625743180848 0.9989375231616263
0.9994744184706248 0.9968013639686455 0.9988732963146614
0.9994898151965381 0.9973731479707783 0.9987370088288423
0.9994644114019375 0.9970038226978926 0.9988262525988318
0.9994817766682889 0.9975560177898913 0.9987625519273735
0.9994875882110625 0.9965712628418758 0.9986314820579955
0.9995080721835653 0.9969365862549708 0.9987719530300698
0.9994958374009786 0.99659123724923 0.9986051883557859
0.9994775616463412 0.9974552045965959 0.9987726128961495
0.9994735384927458 0.9976257573821645 0.9987019653120023
0.9994735041585734 0.9973304456991341 0.9987397999821025
0.999476889844931 0.9972670001936144 0.9988427514640271
0.9994931551123343 0.9975073924597319 0.9984937874332541
0.9994679118458183 0.9971577751762513 0.9986833165841857
0.9994878007369465 0.9974738450888853 0.9986911756131579
0.9994925813904315 0.997229335337474 0.9987206905687026
0.9994788613749104 0.9977505140226599 0.9990121405258768
0.9995019913493056 0.9972290301422753 0.9986269664035744
0.9995049671187615 0.9977796838927141 0.9987789088415077
0.9994981002768376 0.9972447411384288 0.9988627700597942
0.999506763072337 0.9973767766621446 0.9988297173883977
0.9995116357948609 0.9968244473419948 0.9988430640423782
0.9994806757260121 0.9975140329279627 0.9989275851256951
0.9994830231346186 0.9975227644514774 0.9986236650998578
0.9994924528787601 0.9974663011073654 0.9986809235428686
0.9994892480616034 0.9971336986569563 0.9988176584989127
0.9994883969198748 0.9975729068227966 0.9985261971700156
0.9994911490830546 0.9975124438262861 0.9987211879636769
0.9994766583588136 0.9970929275685092 0.9986264251857689
0.999485913876616 0.9967449247709569 0.9986799635533146
0.9994598201740411 0.9976558433477707 0.9987769607420731
0.9994833422142257 0.9975503663502918 0.9989790051918429
0.9994785764183808 0.997451711559477 0.9986530868821858
0.9994897377624142 0.9970812826060809 0.9989098380549902
0.9994804900328426 0.9973877981278656 0.9990078569587824
0.9994703248412379 0.9971175292592049 0.9988008291989473
0.9994874218100899 0.9974185417266241 0.9986822965503369
0.999483505360828 0.9974819042248468 0.9986735270290198
0.9994809202181187 0.9970727159265469 0.9987443817195348
