# full, direct, likely fidelities
0.999933527756326 0.995012376318632 0.9981023063383789
0.9999264352115215 0.9944906010289664 0.9969421680109328
0.9999366055991895 0.9956261099529814 0.9975716596285502
0.9999284951026679 0.9954439837971956 0.9977272229434236
0.9999432864931368 0.9962460096858861 0.9980137004787144
0.9999449739019428 0.9953478267738285 0.998011811690346
0.9999394812599148 0.995918346776986 0.9982009160472409
0.9999412711051597 0.9959283067753277 0.9979982679799742
0.9999346937506676 0.9951507151448724 0.9978807634508071
0.999932450388953 0.993745610525687 0.9976253683484562
0.9999445910367417 0.9972835611331571 0.9982559345343267
0.9999277448879047 0.9925582650123075 0.997387201944592
0.9999294930418214 0.9942225386811082 0.9986438518823223
0.9999291158374708 0.9956106101229826 0.9983116041051708
0.9999320309552895 0.995713488150954 0.9979615296520642
0.9999402667904506 0.9934834379515342 0.998383125875355
0.9999375819717421 0.9954979421528607 0.9972564918084957
0.9999388969587227 0.9946132139397962 0.9976460957129759
0.9999370315978309 0.9952527449916772 0.9982355431264295
0.9999357583459307 0.9960565356421578 0.9984048970975931
0.9999299575250153 0.9944657436167238 0.9978340461761377
0.9999369520740337 0.9949029452339863 0.9982954112944
0.9999241160131405 0.9907224830570219 0.9980079044935933
0.9999373200029609 0.9955043301920193 0.9977685517087783
0.9999299735746257 0.9954457724774656 0.9981551473241754
0.9999268526497118 0.9958072036496954 0.998729340274873
0.9999389174154188 0.9957891191489787 0.9981241562363397
0.9999449498646598 0.9945331126820629 0.9979451407589531
0.9999321452632384 0.9937665533460093 0.9974102419211874
0.9999363089498569 0.996291521833352 0.9986030440358572
0.9999338347594918 0.9959049372706311 0.9989622131039692
0.9999293461886369 0.9938878181260531 0.9986294994452665
0.9999432194290265 0.9955164404200383 0.9981391077764097
0.9999286796661898 0.9956070784037917 0.9974306311622683
0.9999203589056462 0.9945200805640476 0.9978675668821013
0.9999394412215846 0.9946437349260462 0.9985754473343488
0.9999254767564985 0.9943413177761087 0.9974018385313308
0.9999355909684359 0.9951422207786308 0.9970189531121241
0.9999430878835474 0.9959955862423936 0.9976629616971037
0.999940578268853 0.9936130613004731 0.9967649172655529
0.9999363347487114 0.9954593351434698 0.9975036672263031
0.9999240772866785 0.9948602131632233 0.9984315683004442
0.9999301186906406 0.9955164252886124 0.9979877601590512
0.9999353015392861 0.9946855284871112 0.9975818130535105
0.9999374574346915 0.9957421043657716 0.9978315388556
0.9999346113707268 0.9937285145591677 0.998596566566414
0.9999326196527603 0.9959950367331697 0.9980571454373502
0.9999284590243314 0.994907604818156 0.9975903417668389
0.9999319633427646 0.995349640249143 0.9981404126013484
0.9999400470534872 0.9962577000585505 0.9982995246506357
0.999932515481423 0.9951673497438973 0.9976425999275604
0.9999453160928458 0.994563812235233 0.9971730715295916
0.9999344221143397 0.9948876853958194 0.998628281420275
0.9999403478985044 0.9960267988241214 0.9985343363509244
0.9999381077348654 0.9948102552620249 0.9984141868407216
0.9999287496189428 0.9940811371546218 0.9976111375085558
0.9999447914605691 0.9949378957699051 0.997997246088764
0.9999211056279749 0.9943519536435955 0.9985087338435005
0.999936010556273 0.9943273399168818 0.9969709973517253
0.9999458410606686 0.9960829903560275 0.9984050215030014
0.9999311622282373 0.996517371919057 0.9981664449596428
0.9999283615863771 0.9951162985244766 0.9981298375593702
0.9999360711831309 0.9936249077559811 0.9979786852636726
0.9999368792402679 0.9949320934474921 0.9986267150688353
0.9999395254888468 0.9956298245358388 0.998047981558691
0.9999425529005315 0.9935322221556923 0.9982773868365706
0.9999397649995497 0.9945224610104391 0.9987655293533685
0.999934888851395 0.9921344525963358 0.9968631531160755
0.9999373941115137 0.9935978432985384 0.9979693263758488
0.9999442051736896 0.994457257198674 0.9982777830571308
0.999931064338129 0.9966852422133394 0.998654485445159
0.9999342310127618 0.9946688382778549 0.9976422888003413
0.9999429291349704 0.9955043156147818 0.9982286249240608
0.9999414927688554 0.9956741777578171 0.9972942767779481
0.9999335156944961 0.9943781975923982 0.9986830169340256
0.9999326259229381 0.9962945621109222 0.9981461446210619
0.9999408390967858 0.9954143741202176 0.998019293570231
0.9999343477679771 0.996109707757521 0.9986178410623381
0.99992923745964 0.996497467636396 0.9978141508633497
0.999933728741972 0.9950997514349438 0.9988285247531502
0.9999411319273607 0.9945592323994483 0.9986226338181606
0.9999467530372231 0.9967387463583118 0.9976063762257273
0.9999346254708732 0.9949551034966886 0.9983710906379583
0.9999337832559511 0.994889860237148 0.9982067011309176
0.9999420379008886 0.9959327872932513 0.9987503755772901
0.9999416150210922 0.9968042294173073 0.9980563500720033
0.9999320557412195 0.9939196193778638 0.9978707339569121
0.9999465648176269 0.9950674051507643 0.9964878611904107
0.9999406561475229 0.9947959022004483 0.9975324998049118
0.9999426742720144 0.9959539138097481 0.9986527429103093
0.9999339465772801 0.9950125213879732 0.9975746443985479
0.9999362160112477 0.9945765457970074 0.9988584842235115
0.999942328756547 0.9954920623581849 0.9983831375012194
0.9999375765316352 0.994181620860373 0.9981543698096993
0.999940872401878 0.996601977034262 0.9978867593080597
0.9999431349241767 0.9962564123458811 0.9988831395911426
0.9999352151374469 0.996759549265367 0.9982788612136576
0.9999335242442539 0.99574009157322 0.9981105751271218
0.9999461965119119 0.9947588806607963 0.9969154106507978
0.999935297477699 0.996315515286503 0.9984451882024787
