# full, direct, likely fidelities
0.8629805634744787 0.931538989480613 0.9753941908091229
0.8538691011051643 0.9326252959401214 0.9757513474367041
0.8537938784388065 0.9300682056588258 0.9781147722760113
0.8555967506273789 0.9252075681525762 0.9748760095560023
0.8640535429814481 0.9224770563567531 0.9732085438371545
0.8580841529210377 0.9304177770099193 0.9715114843512207
0.856802833428744 0.9319795915092175 0.9730213303952833
0.8580877370612761 0.9267749851349284 0.9737024252064523
0.8609074726077784 0.9279507373250717 0.9743767193545936
0.8588343321300914 0.9338216152641655 0.9752674086851084
0.8568124154108577 0.9346971228071889 0.9744751166808853
0.8603551674101055 0.9278096286894606 0.9762201363380865
0.8593167493812383 0.9332983410418062 0.9756407365821864
0.8578120252721503 0.9338096333065316 0.9765033497990583
0.8571167517400353 0.9325860427288915 0.9717696495129746
0.8585922626598961 0.9379988177592903 0.9742890509980439
0.857653110079653 0.9328007134313681 0.9756112085339317
0.8512295920115532 0.9343964938409541 0.9756474107214078
0.8667752920525713 0.9340042785570191 0.9774706772735203
0.8607998596005644 0.9274796680526726 0.9746398617896311
0.8510053557156608 0.9306278825580497 0.9737449090195932
0.8611157941384241 0.93245110921791 0.9769559226630753
0.8595291882393961 0.9257097650674266 0.9728325145888017
0.8569944185843443 0.9354782488200861 0.9764491266582227
0.8545008371212269 0.929897880726634 0.9758178417616841
0.8561342943286826 0.9327479399135994 0.9754611562421106
0.8595924384758288 0.9335093496852738 0.974205444023249
0.8560359012379151 0.9307276800336247 0.9740010491480131
0.8576945260217614 0.9335010464532564 0.9745078213745777
0.8586443246983737 0.9338712956516894 0.9777077445942138
0.86603846803342 0.9273854854071464 0.9761528657672908
0.8591700530150507 0.9291662052051445 0.9744888078889917
0.8641546142586798 0.9259574278269854 0.9750390152037444
0.861165581665066 0.9319887470204845 0.9741776920483247
0.8534574970067268 0.9316237717069253 0.9770354490648344
0.8574728176794862 0.9251998345342587 0.9729358719273627
0.8639312570824755 0.9231339958508438 0.9734856527059044
0.8559436305753454 0.9260490647682718 0.9737120253809926
0.8605991746106718 0.9342563616533269 0.9760304829393225
0.8597505859953757 0.9278127482778475 0.9752214228480182
0.8556885274626232 0.9336308014613405 0.9765598509804764
0.8575260580826984 0.9302238887606793 0.9764527204558417
0.8570414906487716 0.9318743705637635 0.9762206769100045
0.8581658518378765 0.93159230286581 0.9765443662287214
0.8614723694713909 0.9266390031254871 0.9741793755681791
0.8569140242913166 0.9321245745739 0.9728680864217911
0.8617337186688212 0.93486290450571 0.9756691126645857
0.8577174360087372 0.9299724117456118 0.9770745535090372
0.8605352405943552 0.9316968488354759 0.9740707756927484
0.8629236745495029 0.9307914614808435 0.9740708616710136
0.8553627139523302 0.9295792356912951 0.9757249336849289
0.8535753505401881 0.9312190082286321 0.9750947740727003
0.8571102151829316 0.9290116328899575 0.9751735850043366
0.8624728944542688 0.9306599873555241 0.9737729245529828
0.8608407464009412 0.9332998761091486 0.9733948473001013
0.8617495672767923 0.9292559205622594 0.9750045046979248
0.8668245370979061 0.918053145669776 0.9741684982789467
0.8661916478388805 0.9318467986358251 0.9750176373519464
0.8609199506742067 0.9310391753748931 0.9755146118738515
0.8697675488868952 0.9290181160369769 0.9752574053483651
0.8608175488304277 0.9315343903916605 0.9740721271864349
0.8667948001297442 0.9306386872483775 0.9741201533835532
0.8622410739831233 0.9299235795546883 0.9724294684640258
0.862266068655486 0.928120603055905 0.9721508624563929
0.8537215447795425 0.93844810678357 0.9739658910213899
0.8555171150729918 0.9323979444719148 0.9734637707226789
0.8617275080127442 0.93102041244453 0.9733990340871649
0.8631452832847841 0.9248159297177233 0.9749337696522367
0.8603356649218489 0.9324671668684916 0.9751468565343038
0.85812317014433 0.9321854081627631 0.9751050789613938
0.8641950084217587 0.9261931574648399 0.9734145033217377
0.8609036670306814 0.9255134702086449 0.9744777242817487
0.860179475140305 0.9260478322621619 0.9734967042948219
0.8672002524826404 0.9264688018293337 0.975517149548477
0.8633833565794353 0.9352836131033332 0.976089123470706
0.8582312878504946 0.9280257747268204 0.9743165915099681
0.859494254963405 0.9347466909373657 0.9738708478851412
0.8666559899605296 0.9298928136546687 0.9744367438818553
0.8626857444489072 0.9229189344254064 0.9711186981002816
0.8550647654850468 0.9301465533727594 0.9734256784625143
0.8559173968947452 0.932123041050452 0.9737627411632935
0.8658282050213167 0.9289654579978721 0.975979312142693
0.8637134878760512 0.9233546443183305 0.9735193341636736
0.8646492431959231 0.9273465125960739 0.9779473557467919
0.867374628759563 0.9261665738533396 0.9754945228192923
0.8562668226785791 0.9374751273642268 0.9778408783085581
0.858056812279224 0.9307269479073896 0.9751042344132675
0.871714102772532 0.9215959229883801 0.9724903710219549
0.8572895745275696 0.9317826735683982 0.9745340415582593
0.8615124206377458 0.9315434055967629 0.9722420574005425
0.8535280075679696 0.9314930887274959 0.9755247040580141
0.8553749733367315 0.9333668321748284 0.975119481760477
0.8547274245825162 0.931324634415479 0.9763170176749658
0.8620082796447351 0.9308282580617693 0.9766335388739228
0.8620852907703215 0.9318454212511013 0.9730750967058256
0.8600869165026209 0.9310231351511946 0.9764640332690468
0.8540447884818235 0.9300091069580506 0.972504970981919
0.856062035874327 0.9314284583139366 0.9740626610310781
0.85545743282346 0.9284459069057333 0.9741332572221456
0.8605594939883499 0.926387608725229 0.9730571462522053
