# full, direct, likely fidelities
0.990766321787053 0.9901803728996619 0.9954726142887068
0.9910867764623711 0.9903400829757845 0.9954925678232419
0.9907290955718369 0.9900629804443535 0.9955273699591036
0.9909395042041014 0.9903644068694593 0.9955640744623517
0.9908689259594151 0.9902178474594105 0.9955871791736316
0.9909352101698341 0.989995580117367 0.995653121446676
0.9909158218350079 0.9903413266806975 0.9955235179025932
0.9908279123013909 0.9902691189826341 0.9954946883741865
0.9908413003081661 0.9901569282473197 0.9952025218362932
0.9908400205616261 0.9902227911624535 0.9954215187070978
0.9910423078074463 0.9903161944199279 0.9954132293261373
0.9908101417406431 0.9904040232376882 0.9956852680547761
0.9906855633889188 0.989640282349578 0.995259083149532
0.9907432146389483 0.9898047818707192 0.9953638361124206
0.9907984703016175 0.9901360737077127 0.9954618332521331
0.9907454765999911 0.9900503943461966 0.9950704907275305
0.9907951034979295 0.9902229633558505 0.99559300013675
0.9908308268702152 0.9899709854459054 0.9957480249807181
0.9909348419567444 0.9898733480505751 0.9956281542701666
0.9908788292852031 0.9904041423538475 0.9956554449822341
0.9908743750083769 0.9902658233977837 0.9951727404249602
0.9909381841256129 0.9897348498254632 0.995361542250404
0.9909079737646098 0.9896731247338706 0.9954890401445251
0.9909277463982759 0.989656273161086 0.9958585036452803
0.9909534008351093 0.9902243998463852 0.9953595424249702
0.9908863050569001 0.9894992734968571 0.9954856561927196
0.991006832309078 0.990725957702189 0.9954262435680701
0.9908792323577522 0.9899812108574135 0.9952146911649141
0.9907371550239635 0.9903649642760268 0.9955016327997961
0.9910712062530113 0.9902052937060372 0.9956416108270812
0.990881277926883 0.9902467718047885 0.9956835610368069
0.9907932725932619 0.9893272561938204 0.9953739133425629
0.9911104120408213 0.9905669973672891 0.9959658677511253
0.9909229668671042 0.9901335041455342 0.9954767414785459
0.9908937064895756 0.9904544084348835 0.9956269847318638
0.9908401191990573 0.9900280944262083 0.9951430816226823
0.9908037873251078 0.9897420002729477 0.9949294564404806
0.9908010581590884 0.9896322232525174 0.994880662154318
0.9909253635298085 0.9897681315966717 0.9954947183977085
0.990892616807688 0.9903743109940242 0.9950554721371608
0.9908919556293433 0.9902230080453295 0.9954595070522716
0.9906329799561904 0.9893364476414903 0.994971361069756
0.9908064150792215 0.9905186947577077 0.9952569522977646
0.990869885849884 0.9900142365924884 0.9959563004296358
0.9908030325657243 0.9903651669797198 0.9956949498307258
0.990939607727322 0.990366021835474 0.9954811597907838
0.9908835461644847 0.9899002150261013 0.9950545487286482
0.9908729472000696 0.9908319697885545 0.9958045824080082
0.9910209211544698 0.9908497849021815 0.9956397152139078
0.9911039598655588 0.9903920752152062 0.9954211340788666
0.9908608873949262 0.9910108736697564 0.9958076484292908
0.9907324318252492 0.9899864707561021 0.9955439448109565
0.9908752673881628 0.9904786614232288 0.9956408152683927
0.9908461087917981 0.9902481862914634 0.9954381378189415
0.991017781883477 0.990244931193997 0.9954279157899182
0.9908716440393577 0.9899386496120625 0.9953940616578411
0.9910508362713398 0.9904291435199563 0.9955437496892174
0.9909149255222335 0.9900877917201497 0.9952015458032689
0.9910230964155734 0.9902686401991233 0.9955873493581644
0.9909016615421544 0.9899436701204541 0.9953297897921473
0.9909484739443164 0.9905480909640626 0.9956905347582984
0.9908421039694133 0.9900571105851416 0.9954217869101716
0.9909121929254482 0.9898644094061007 0.9955657987253482
0.9909035807615806 0.9904503649474107 0.9956824999432913
0.9908223462767638 0.9904773657120716 0.9957112588752878
0.9909236296602849 0.9899639312279934 0.9955601247571167
0.990764369012255 0.9900043356387833 0.9957251080832463
0.9907815979810737 0.9901437576906352 0.9954654246945546
0.9909490858160511 0.9905597906197754 0.9955744450967465
0.990851593438847 0.989486412921525 0.9955679872843111
0.9909236421179188 0.9902880510823174 0.9953341221483133
0.991043109548437 0.990689244256986 0.9958452711228667
0.9909298190435352 0.9906291055440268 0.995343849819512
0.9909139206795435 0.9906176969281598 0.9956151381466869
0.9909161583195314 0.9906922775344036 0.9957602055715644
0.9909271695528217 0.9904138265791119 0.9952757834093273
0.9909324040737056 0.9907035841629303 0.9955629894313255
0.9909522136697716 0.9897812731622219 0.9953933476952014
0.9907448601864304 0.9897867055151535 0.9952949544544641
0.9910335281578188 0.9900440827222744 0.9952429996032941
0.9909480189180074 0.9907402016696187 0.9959351925905615
0.9908869370922205 0.9909047343655467 0.9953309735148296
0.9909815342438194 0.9905986545658215 0.9955531362025277
0.99071661055117 0.9900951127844665 0.995782551643593
0.9909780904942177 0.9902880269156269 0.9956505954952991
0.9907031881934538 0.9899612171153254 0.9951954938385181
0.9908844186462371 0.9901604937143227 0.9953409996982141
0.9908527382780398 0.9901670273923963 0.9955119593197542
0.9909823082420682 0.9901343276306168 0.995304770068788
0.9907782951570744 0.9894329306026193 0.9951164590385942
0.9908792257386598 0.990828229005543 0.9956725347106425
0.9907532245368631 0.990260146954054 0.9956284963198822
0.9908118740156857 0.9904265584999127 0.9955284000660708
0.9908477437101455 0.9904050115739416 0.9956968896477072
0.9910079995422354 0.9906179578357378 0.9954208611999614
0.9909302124963698 0.9905909600131846 0.9954030842332807
0.9908334750402392 0.9907655257120426 0.9951982695096959
0.9910046323179053 0.9904113018609417 0.9953103981851283
0.9908669740282586 0.9900257181217992 0.9952056132053543
0.9910189019133051 0.990449145324705 0.9955757012931286
