# full, direct, likely fidelities
0.9749520150657216 0.991212268466606 0.9958095204814252
0.974981519110096 0.9912995706317488 0.9961832630708324
0.9750464437637048 0.9912240935525741 0.9961122663428541
0.9747400828529684 0.9912157473923283 0.9958483862540666
0.974999544448866 0.9913583454778365 0.996119031810935
0.9750155964547524 0.9913051517943746 0.9958854888588855
0.9750646289169967 0.9915091132112307 0.996002445092307
0.9750007256228839 0.9918027699215843 0.9962993868182695
0.975071728180402 0.9915214146982402 0.9960540431872402
0.9749359859583953 0.9914405475549412 0.9959055496220364
0.9751070278321776 0.9916220894388124 0.9962404991574024
0.9750207514306458 0.9914303860581696 0.9960383150538299
0.9748406457371516 0.9914711406465875 0.9960233853547582
0.9749205565548337 0.9917619920892773 0.9960870179164816
0.9751943475333855 0.9918781249031707 0.9961943938742751
0.9751321618454847 0.9918042207957932 0.9961508315624821
0.9750238738820144 0.9915556261567083 0.996124959735516
0.9749511238567541 0.9915092303957435 0.9961551267548995
0.9749974701342741 0.991423903421058 0.9962439646240956
0.9752093376573469 0.9919002107752996 0.9961643199395611
0.9752495808956326 0.9914214347068825 0.9961199258055712
0.9749167342234818 0.9910985918863564 0.9958259413571923
0.9750431196020828 0.991555423258845 0.9960746961205339
0.975079852586761 0.9917314323775418 0.9962031843598911
0.9751311757961921 0.9917229594456531 0.9961080637173684
0.9749340470703649 0.9915885365469723 0.9961552956945757
0.975065427076299 0.9913906858023365 0.9962096097223656
0.9748580425279998 0.9913330915357896 0.9959781894350815
0.9749788277463007 0.9912458361498522 0.9959999307557221
0.9753320072997896 0.9919212336210963 0.9960637524551476
0.974969145855429 0.9915313737095662 0.9961306279771608
0.9749892493527127 0.9915020636830036 0.9961275493372789
0.974971045417309 0.9910537889122775 0.9958905149680096
0.9751395184580892 0.9917397231710932 0.9963414796490652
0.9751007452235224 0.991548180008324 0.9961374406669543
0.9749968674920355 0.9918176424412908 0.9961300819050775
0.9748842335779145 0.9911761852940645 0.9960501446037556
0.9750843726283059 0.9915474300695254 0.9961873859278761
0.974750793214705 0.990750089392345 0.9961361123993504
0.9751328812526274 0.99112370107011 0.9960534933261712
0.9750465085002982 0.9917942123314633 0.9961370350852036
0.9750633262483546 0.9915365177470479 0.9961986811686528
0.9751090878442313 0.9918716332196797 0.9960516504996986
0.9750516543354846 0.9918796729137126 0.9962390004610705
0.9750088102200053 0.9913702627577161 0.9961536143990831
0.9750930765995192 0.9917030679529953 0.9962489182657848
0.9748555951824097 0.9919025792748333 0.9961855227985515
0.9750307850993163 0.9916764104220172 0.9962274522466454
0.9750959445876475 0.9918168220095153 0.9960973185433888
0.9751217245921837 0.9919017109620472 0.9962399246956688
0.9750560823092211 0.9916050253111143 0.9960923907303966
0.9749427198765783 0.9913109639024286 0.9959826141030014
0.9748214458752915 0.9913292414913274 0.996072245645102
0.9749903033437761 0.9917971970348854 0.996138577932331
0.9750444694347149 0.991732589389638 0.9961975647183811
0.9749318268890718 0.9913141052845794 0.9961704702980984
0.9751670707617892 0.9914861811692243 0.9961440608888305
0.9751222192503085 0.9915485686549432 0.9962701199441494
0.9749651362766669 0.9914846507839559 0.9960159065613288
0.975068309415845 0.9915333391073319 0.9961062819214919
0.9750645429273471 0.991402451994546 0.9960218874646817
0.9752553775168924 0.9915772085988913 0.9960125577414928
0.9750195009598417 0.9915503976009471 0.9961049928645329
0.9750738621509586 0.9914159271175227 0.996148165121976
0.9750765734768094 0.9915107648387871 0.9961368610957587
0.9752243029052255 0.991778489372715 0.9961413312707819
0.9750074664605903 0.9909308322965933 0.9960212156177748
0.9746965639073112 0.9914081151920474 0.9961867399035497
0.9753070025238966 0.9918603934350113 0.9962349175457937
0.9750058551031842 0.9915050377561344 0.9959910381946503
0.9748854096327753 0.9914590769302873 0.9960003966631409
0.9748817582004078 0.9911847039920693 0.9959841798857544
0.9749651330798367 0.9915689305275748 0.9960927935490463
0.9749527505560778 0.9911022792487519 0.9958974522213065
0.9750991929292939 0.991745433377757 0.9960341819763596
0.9751983777254882 0.9916334898737243 0.9960747574496941
0.9750670389202869 0.9910764293522556 0.9959244766865651
0.9753070813808377 0.9920271516213203 0.9962229729298376
0.9752221274678995 0.9918382062296656 0.9961217799954466
0.974870828702298 0.9912846863622616 0.995994424011499
0.9751124260148026 0.9910403157920342 0.9960131840208213
0.9750751458698255 0.9917194802923712 0.9961663769360741
0.9750358971035258 0.9908461251069933 0.9959330526282174
0.97517306358016 0.991246328085987 0.9960482574470829
0.9748647396190042 0.9913147761256185 0.9961163234896984
0.9751339645675443 0.9916533010168803 0.9962109389557883
0.974981312072868 0.9912566723982332 0.9959967904652927
0.9748701576628283 0.9913810602854759 0.9960345123939706
0.9749128685278371 0.9914205760507079 0.9960912360674606
0.9751329348118556 0.9914442759753335 0.9959928647392122
0.9751736679129276 0.9917495094894818 0.9960121731920393
0.9750929451671884 0.991772383052825 0.9963213942019675
0.9749379102983404 0.9911914141943452 0.9960424362746796
0.975108692739285 0.9915252921462923 0.9961269424661856
0.9751059433063406 0.9917083592464264 0.9961018218442793
0.9750175045747056 0.9917751732163896 0.9960901242839674
0.9751074260786864 0.9916458573251676 0.9960811320233706
0.9751895829225137 0.991668340794163 0.99608235901536
0.9751103444165349 0.9917674293080182 0.9961065453381056
0.975118357087317 0.9919534226218123 0.9962257160614247
