# full, direct, likely fidelities
0.9997384012535171 0.9931340887249233 0.995997015704407
0.9997351061821019 0.994259644429352 0.9980979445709937
0.9997690282478953 0.9943800956350135 0.9971727602986148
0.9997209316142665 0.9918539047649351 0.9977121578872793
0.9997338859058049 0.9929493314830667 0.996935276517083
0.9997389685372833 0.9919427029466908 0.9971148641745315
0.9997537595559426 0.99299878293815 0.9965938242370793
0.9997554892614371 0.9932519532991149 0.9975297041026533
0.9997377339958033 0.9940378985028864 0.9965072204773566
0.999727363307388 0.9935926741118811 0.9969554493094868
0.9997479164462663 0.9938709801190005 0.9977262181255523
0.9997481806194173 0.9920341352204007 0.9969423468441924
0.999744514576527 0.9933888528579611 0.9976601489614648
0.9997395456324101 0.9924494397887614 0.9966514862500847
0.9997599954888415 0.9921274348562569 0.997513424826722
0.99974384167121 0.9932745536889039 0.9969439784149975
0.9997364896425414 0.994285980971444 0.997339492605047
0.999738132339245 0.9924285240711298 0.9971057820490384
0.999741196979543 0.9935234873948872 0.9973488106005423
0.999744064975531 0.9911296663581997 0.9968701553941893
0.9997483208808867 0.9914787353306639 0.996611687982136
0.9997493747462783 0.9933634897145698 0.9978556555548876
0.9997293715100426 0.9944768958518154 0.9971138605704133
0.9997312141891769 0.9912352239535653 0.9972514513995845
0.9997471418307328 0.9935381855212262 0.9966878095544297
0.9997416255548248 0.9939143649302064 0.9977480721209381
0.9997366813173292 0.9924297418569746 0.997112989700711
0.9997308123295559 0.9926354997601455 0.9973707961921368
0.9997332204542546 0.9928179158128216 0.9968329786792732
0.9997571258797313 0.9938166263782463 0.9971201355024456
0.9997673669659828 0.9931975833019069 0.9974888421134672
0.999759998402261 0.991996587125379 0.996770282853437
0.9997440460832637 0.9885290408140953 0.9962694824904721
0.9997354074550739 0.9935078723654226 0.9980236309831633
0.9997550715301033 0.9932340142123721 0.9966242933257949
0.999733776891532 0.9914768689621153 0.9979438727986594
0.9997663715093846 0.9927014718876987 0.9970091558618186
0.9997295979603292 0.9911332805586768 0.9961124885163399
0.9997418221500505 0.9946750096091537 0.9976899663519211
0.99973259569527 0.9930467390373773 0.9969667072153382
0.9997501761902882 0.9938620610481913 0.9979743896165625
0.9997610058015973 0.9907487401376663 0.9979036176537492
0.9997435640218959 0.9930032470350171 0.9969980731165643
0.9997488562026519 0.9934971882723794 0.9978207001441721
0.9997499826529613 0.993498263629403 0.9972982066442977
0.9997318835304577 0.9928107653727382 0.9970507499963072
0.9997245794832255 0.9938579308651404 0.9969945541266028
0.9997391505156138 0.993435919001612 0.99675560791522
0.9997302579998592 0.993206962537963 0.9975915106265969
0.9997254762329608 0.9942744846322543 0.9973891703295523
0.9997438220776489 0.9929554479878135 0.9962344323914478
0.9997324641311041 0.9914457419273549 0.9958538250017989
0.9997285957183465 0.9924992047559744 0.9974117625251648
0.999732930405218 0.9936695882002684 0.9977991713017105
0.9997505080873252 0.9937233992964001 0.9974078622764994
0.999740973708648 0.993907896968472 0.997459964970961
0.9997253185306023 0.9920536610109256 0.9967791303566641
0.9997505531676794 0.9930318988688484 0.9970673627617542
0.9997328814449212 0.9908165906968823 0.9969094774823566
0.9997251873698854 0.9942808601713895 0.9972983751047049
0.9997447378091004 0.9930231283890303 0.9970811509625693
0.9997418092093124 0.9947150373093655 0.9973117504122261
0.9997354687558605 0.9936910046157706 0.997406024687625
0.999744793975214 0.9932284280090394 0.9975782520799001
0.9997644186169928 0.991172761267766 0.9966754945083521
0.9997486287348278 0.9934758019276246 0.997722157941655
0.9997437745164168 0.990982049235826 0.9968098725846599
0.9997324652420847 0.9918852727174461 0.9970651831678026
0.9997232068411815 0.9935197328898722 0.9972185806157686
0.9997480850265549 0.9932262963712037 0.9971487887664727
0.9997526847770756 0.9922421996362862 0.9970688045032482
0.999756373104602 0.9929360682059398 0.9977116044812588
0.9997456917503527 0.9911998827585699 0.998260075637643
0.9997571663566676 0.9940502494729003 0.9971121609625608
0.9997411801774739 0.9946308560533778 0.9975680892955865
0.9997233176446894 0.9936843170850715 0.9971677215854274
0.999736494383743 0.9936726817810781 0.9974091018094776
0.9997471418899921 0.9918808604106824 0.9972627311241047
0.9997380656233344 0.9927321872278332 0.9974110194204682
0.9997490049604635 0.9940528496572275 0.9972093272357808
0.9997190801637732 0.9914851556371986 0.9963277643456556
0.9997540300986586 0.9916023069578345 0.9965084324892305
0.9997588857368747 0.9923479231831097 0.9957535107955523
0.999770421157291 0.9927594537111077 0.9968880540263082
0.9997494992043343 0.9932327713141564 0.9975982728946531
0.9997448624005675 0.9942270152073043 0.997377438606536
0.9997393197731387 0.9935531774195787 0.9971931330147746
0.9997186132966982 0.9890622797241846 0.9958245759349907
0.9997509538549931 0.9947044654024552 0.9969849390705243
0.9997307886577527 0.9939761478584185 0.9974151470875635
0.9997119639052893 0.9913510444018191 0.9954033307550535
0.9997343643778164 0.9928484535949766 0.997685763742506
0.9997417777198397 0.9939997977757894 0.9976625969293218
0.9997451607416089 0.9922199863815375 0.9967812715857626
0.9997389833628961 0.9919910729548308 0.9961362770158166
0.9997491165070701 0.9941402353904144 0.9971418685530085
0.9997460446037763 0.993770444809388 0.996807819284473
0.9997104509577666 0.993825723069315 0.9967194165451405
0.9997281841104148 0.9944196443907574 0.9973244551333016
0.9997208205400537 0.9909642152448703 0.9964600643450322
