# full, direct, likely fidelities
0.33205961827960545 0.6977647203011429 0.8496915926514595
0.33509692302955035 0.6972806938926192 0.8490018131325154
0.3258883695483784 0.7052325311166735 0.855580214466848
0.36320099714176796 0.6954762817622772 0.8362546605803719
0.33483239496779776 0.699149493600091 0.8495503422169869
0.33658910302938383 0.7089186525109511 0.8515373537570805
0.327974451540095 0.7007836885253061 0.8509006358981601
0.32752470485979446 0.7005526190533259 0.8540546659023799
0.32127825727083936 0.7022309761770212 0.8485361891710356
0.337944531662152 0.7097595184978065 0.8533981044678622
0.3237666402101483 0.7060748037083608 0.8526840942950884
0.3292416922469184 0.6982952285208249 0.8498669694058615
0.3377606611988718 0.6980659547566411 0.8474897130550364
0.33701733643925996 0.6998025618857896 0.8498738595246171
0.32247905062315396 0.7046194524493323 0.8502594493910154
0.32030733710851944 0.703906719591235 0.8497525733039948
0.33031338318903636 0.709602506143746 0.8501819375498576
0.33427977253942953 0.6976655898954431 0.8470348879437526
0.3352258834157934 0.7027366531962473 0.8498313196956996
0.3200453792661103 0.7000584111883948 0.8494372027191343
0.3221625710892439 0.7040077105024056 0.85419047532615
0.3317373006219151 0.7081763152324864 0.845702710518444
0.32170810871608224 0.7032372598861336 0.849733360769101
0.32883184353798256 0.6988055977276959 0.8469748577489261
0.32543656127628867 0.7064475312328307 0.851001640287423
0.3321395855278579 0.708867203175858 0.8486542193617901
0.327944650613205 0.7005871488860678 0.8476300790271823
0.3442903082230904 0.6984288956562468 0.8428346472681019
0.3341373026586539 0.6992818246400103 0.8492044680616728
0.312064752349437 0.70159189323319 0.8504084887783994
0.3324590528139336 0.7007813231416453 0.8518281458622432
0.324897281862126 0.7146708032595964 0.8557065924258458
0.33521715773478095 0.7008918577753801 0.8476429613417076
0.3254484075744438 0.7069521413451252 0.8513249157806551
0.3276867306852148 0.69816567713281 0.8447222148375814
0.3232267280083549 0.7098933847508601 0.8530073802594306
0.3334133792657439 0.706164592611324 0.8507890095165531
0.32690010191638136 0.6915150359197999 0.8449951342097888
0.3525382659354351 0.7085740009906225 0.8448168258164579
0.3279367354744611 0.693056601039813 0.8478450101516288
0.3283587399138365 0.6952267134707047 0.8453938865641699
0.3221872556247079 0.6984844458341896 0.847749680949921
0.31751452716600154 0.701675087434745 0.8491675791911332
0.3327830415623738 0.7068854935894858 0.8533508711920157
0.32768966717365416 0.7002529351439162 0.8441809602784179
0.32226834388001946 0.6989179756087581 0.8472464709427959
0.33454290471932446 0.6989208763561834 0.8528560986786049
0.32579096433161564 0.6975298567162067 0.8493714795047768
0.3175417166423993 0.7071369196762581 0.850670631581394
0.32356759326818185 0.7029403526768767 0.8500244636182591
0.32519998306579007 0.6970966372683306 0.8490765822392767
0.328663369957344 0.6993485744766164 0.8495414396852174
0.33708827225802407 0.7032803102294363 0.8458158502577265
0.33380756011637774 0.7018211684353837 0.8486482491728556
0.32019143540374384 0.704685042826262 0.8504691724292072
0.3323101837589077 0.7042761935809881 0.8519039611888127
0.32143393076708404 0.7112924459495615 0.8537770299003713
0.3217232783978627 0.702469120287738 0.8468783541946118
0.3322752695274183 0.7058317999221917 0.8500844098786422
0.32416749327181227 0.706238865652051 0.8473528544425103
0.3293169672476038 0.7022668679765134 0.849071970464528
0.3171079403358302 0.6974052800965114 0.8458579352561512
0.32548574161653027 0.7113905343502661 0.8573257273797534
0.32179290413229517 0.6944145759234129 0.8448632060456599
0.32225921213482817 0.7066089733692522 0.8516211929386087
0.31537996129610196 0.7073386531632326 0.8555135446727746
0.3323047536416147 0.6990623271680371 0.8447873066796415
0.344825165097838 0.6970457308383456 0.8493175817903925
0.31611649737326597 0.7048657010857954 0.8517092075185297
0.33396387167800434 0.6978974853567453 0.8538201647334546
0.3404450727431488 0.7078389259039535 0.8526684727251403
0.34414854482510154 0.6937451404232308 0.8469263135893872
0.3355886785374695 0.7013293603539928 0.8481380953691637
0.34499291990191117 0.6926374341870086 0.8431164946337883
0.32989410081536985 0.706035219580964 0.8516585138173067
0.32467052143940406 0.7111153977255349 0.8583791176657707
0.33572658715030457 0.6962233482831446 0.8462332444354729
0.318472060291193 0.6956449599125708 0.8481110154688051
0.32272461994525437 0.706115153259147 0.8471302630560535
0.3339776253847969 0.7019149150810908 0.8521041950830204
0.33019837181175193 0.7099997571919044 0.8523340310129428
0.32525015547532504 0.7050695685582057 0.8512538520721094
0.33014990070719735 0.6933538023899858 0.8498295751757435
0.32651628984114167 0.7013157456694715 0.8478614490497737
0.33613992721328995 0.693683123418145 0.8483296160538523
0.327374948915432 0.705213158304257 0.8514235340548726
0.3328772655282626 0.7026894173110846 0.8500144012935942
0.33298413233917507 0.6950468183938744 0.8440614023981079
0.33439116339208297 0.7051523886985553 0.8496313448105137
0.327904092187176 0.6999718922910312 0.8456959835648049
0.3186455577625415 0.7065585481257821 0.8543222772333561
0.3188883498576719 0.7003669765111431 0.8505081098135195
0.3358468655166446 0.7038251557036971 0.8502380619027954
0.3306882180430157 0.705396867988179 0.8450042449168131
0.3231733440805709 0.7016310630216743 0.8548646943434197
0.3218468268923114 0.699836497356099 0.8509820473333849
0.3244064307956281 0.7128157649126836 0.8574714423266454
0.31900162588129855 0.697662856484571 0.8467309474405802
0.319381745507664 0.7012727952370638 0.8473370590226369
0.32541243598969444 0.6978163335783069 0.8491383178637134
