# full, direct, likely fidelities
0.6611434889665111 0.8233463706462915 0.9132688442974519
0.6755183336464383 0.8273079719761601 0.9156057931338888
0.6704951357040942 0.8284437316929429 0.9166275293802087
0.6730998651058638 0.8347071529470014 0.9177464427005271
0.6717529355187611 0.8327819105482941 0.9163396794975375
0.6811743909352798 0.8238912954652705 0.9108831671795774
0.6803030103380299 0.8150911653807918 0.9120791058357576
0.6668760827580507 0.8276900489366711 0.9117247709928876
0.6761263428141008 0.8221198038134615 0.9134238866309572
0.6716114091148259 0.8263677361446509 0.9146674806720473
0.6789610700446695 0.8239921330590437 0.9140230900162779
0.67524910963864 0.8278883297854079 0.9128885689173252
0.6707569748535884 0.8259373126481552 0.9178806209772672
0.6866907069108923 0.8215531752524504 0.9107945584142902
0.6642253954817037 0.8206929537990775 0.9130304849097529
0.6737907885182712 0.8269785992828178 0.9164068143336324
0.6799543565632302 0.8223781137262167 0.9145952427290652
0.6645700247651054 0.8310904497718311 0.9153845203527713
0.6831714781905767 0.8284189799510149 0.9161918129083623
0.6689291012588603 0.8279024270533782 0.9152390489727539
0.6767057620272887 0.8265124791285748 0.919266673531543
0.6679580863063146 0.8228057654575763 0.9156337704629793
0.6683334701041594 0.8338400009947163 0.9166619557937675
0.6621993788825276 0.823024610828293 0.9142428386848751
0.6673367154453695 0.8268742873196894 0.9137161450269781
0.6648586949634568 0.8336188975267061 0.9181157898631903
0.6718278922683308 0.8255257421382396 0.916170078940171
0.6618774518871625 0.8217293934222877 0.9145095783390375
0.6837897673951405 0.8168760541667409 0.9079184586130046
0.6753121509036103 0.8297184012951826 0.9157966382283357
0.6776002657641745 0.8263514039909149 0.9116663220441937
0.6647740755413025 0.8315186627865824 0.9187928038167263
0.6690667205713983 0.8291949493451318 0.9138135459887821
0.6658025011311605 0.8348753033343619 0.9186422226908305
0.6757367120613251 0.8298180670686762 0.9196761055523782
0.6753435713108908 0.8223862636479226 0.9092656073686057
0.676530304758831 0.8263184616905829 0.9147296228081686
0.6658377328302691 0.8273544329204823 0.9139252664348306
0.6674032280517179 0.8249976974261126 0.9142866095319977
0.6732338283787594 0.8243835785460514 0.9178916951972822
0.665412148900707 0.8275054151585552 0.9172591516026095
0.6798033680366389 0.821330340387158 0.9103087425838327
0.6741050470943135 0.8253696324880939 0.9123849827131972
0.6769156248957311 0.8167769194669575 0.9127723118430445
0.6749982715223886 0.8235116591513628 0.9136184230371154
0.672015746732998 0.8284132528625724 0.9126855552028057
0.6699163074722274 0.8323420325822063 0.9172189360555012
0.6714292495253626 0.8311540367564992 0.9142791352376263
0.6670277408329701 0.8370266003290634 0.9158674226946225
0.6654998748317045 0.828265507407496 0.9151339817849454
0.6746789877741846 0.8265569985487241 0.9116238189081641
0.6731413831045121 0.8272732794300472 0.918951618369902
0.6693943708938269 0.8231343049662311 0.9156829821705381
0.6725650228684873 0.8191197290067761 0.9108835021740286
0.669495739612477 0.8271351693394686 0.9184658407495377
0.665387807600522 0.8272967891556029 0.9154585348561048
0.6770343247766356 0.8212241754414894 0.9160949706609105
0.6733008756951705 0.8245794854456192 0.9138156324962161
0.6613462986864923 0.8249290086531925 0.9180168148965018
0.6661272995566133 0.8240024011706618 0.9157324740626764
0.6727069560071418 0.8329000266889218 0.9144168041729959
0.6719545435130488 0.8266405325236841 0.9182533194816057
0.6708227730191932 0.8295967465484546 0.9167463372636508
0.6812087226206112 0.8246367084697458 0.9141024352372685
0.6689827491537261 0.8235895210456878 0.9137914573216804
0.684791022280337 0.833079105968177 0.913102494525831
0.6674634938360685 0.8328653762033617 0.9162342456581035
0.6794274810176771 0.8237526391003414 0.9158203275571515
0.6624823856762848 0.8302117167178332 0.9177277574926012
0.6706443547874993 0.829592133021803 0.916935406553377
0.6677213545084241 0.8319877540601714 0.9165748585562663
0.665296554100383 0.8209814976813398 0.9108539455976508
0.6771765515091275 0.8208644345730027 0.9116329738259333
0.6695865946391902 0.8212706884437413 0.9164983473617195
0.6779017865841139 0.8225503949163303 0.9145349723171221
0.6645313166943809 0.8284689249651134 0.9129439543516115
0.6748885739466873 0.8319510951393244 0.9158809982867128
0.6661367778723762 0.8298794350081357 0.9183919982918916
0.668274133665702 0.8260282839769084 0.9161844955774354
0.66719429828083 0.8281669520285908 0.9151679854081326
0.667609784477621 0.8380757241626281 0.9185017638585157
0.6794603387839091 0.8270635824548593 0.9147336898331033
0.6681666038452128 0.8280787430089366 0.9134668840468053
0.6682533907190823 0.8302774640914953 0.9173029620348802
0.6717466118806711 0.8355327052339366 0.9144933927271325
0.6706825203681964 0.8243865637912078 0.9146021794899546
0.6697262168610468 0.8235646341408241 0.9120555533236058
0.6755477534135037 0.8225333476576853 0.9150944497032537
0.6649729756663831 0.8282493629437419 0.9170346412804453
0.6756143296212931 0.8242787282712336 0.9158318346221811
0.666103381086457 0.8240901310303305 0.9099172324370017
0.6818630376737586 0.8234022332684553 0.9201380249181739
0.6669789128737912 0.8284616540294816 0.9156675336732664
0.6642422727899022 0.8299646346477628 0.9169624467279224
0.6674645559882064 0.830399903073108 0.9163814605346201
0.6685078096485717 0.8271489828966379 0.9212321858589394
0.6754424830733126 0.8209418682753401 0.9108055422197666
0.6627206297367477 0.8326965640716205 0.9170365978734316
0.6623820229369112 0.8242102666995071 0.9158015120463092
0.6784756778904246 0.8325476000532323 0.9169406498931153
