# full, direct, likely fidelities
0.6919125765667883 0.6571466074229337 0.8511293252529657
0.6935179127987001 0.6450484642207184 0.8188170583485592
0.7167590811195012 0.6311225351403837 0.7925621188679747
0.6911476123973952 0.6150046910247913 0.81297419338077
0.7013485087111084 0.6506233729757424 0.8271159535356558
0.6843555744171665 0.6700178016165732 0.8443887039105091
0.7054088668558669 0.6455331477535958 0.8305826061868216
0.698288310004962 0.6504709697366766 0.8331659336653413
0.6951809194523919 0.6597411547799544 0.8258940666613512
0.7145106338324796 0.6365536650762647 0.8056033439802405
0.6998273155412743 0.6570952700547334 0.8427310405709838
0.6853764043600967 0.637243514958408 0.8464438318305546
0.6938389812851067 0.653631815616626 0.8093233292261068
0.7093689251965345 0.6252885123500643 0.8322635300795674
0.689698742781615 0.6561097185881142 0.8400939177259479
0.6954125423774146 0.6233045884804757 0.8235142544978233
0.6718670077690696 0.6406928571188032 0.8377785335278403
0.695104902927574 0.6595049559147346 0.8495745173416908
0.6872203937132679 0.630538517862238 0.8475705833512482
0.6884801154146973 0.6345004416052837 0.8182680679657186
0.6827363526286262 0.6336498259855934 0.8171699445382263
0.6835162401084005 0.6314272752572394 0.828335049036842
0.70510822313013 0.6478647956493732 0.8395512442275718
0.6941811243919933 0.6343341307476899 0.8328994993137141
0.6829881734782524 0.6461638639385263 0.8466297233119597
0.7066876635290525 0.6299837742560201 0.8184290458483362
0.6886961967460093 0.6353956998807339 0.8305021158735798
0.6946327453925429 0.6202271372149164 0.8301676711952286
0.6942690863699874 0.6419115779559442 0.8111112012064285
0.7041362104235459 0.6583129066199096 0.8056119136965252
0.6926517487914596 0.6567373118364955 0.8390950376140955
0.7189946290650869 0.6734298494452424 0.8428921211802483
0.706423815453548 0.6411179276442659 0.8322452699118207
0.6816308375896948 0.6496814586951535 0.8329134317709642
0.6892197411560612 0.6234777634146713 0.8333725539779938
0.6799101961200856 0.6536524165206236 0.8166378256350616
0.704080332552024 0.6453748939503775 0.8241485277733538
0.7037155132650619 0.6279129243437562 0.8233759929903165
0.7216521233148453 0.6447336881009159 0.8073580736336756
0.6891101076656302 0.6687284782338154 0.8497464964823989
0.688801970317244 0.6341065031201544 0.8200340124723928
0.6871570401834081 0.6765111254966508 0.8447086593315017
0.7020266671859537 0.6395963103496671 0.8259633317071373
0.7002403162526122 0.6297756248973153 0.8329050329004809
0.6949668630640714 0.6468258900136465 0.8553730537205037
0.6927438729774728 0.6394717859058211 0.8158013867706368
0.7061807197024106 0.6370545803675716 0.8231832523341449
0.7002289503857558 0.6330328043312587 0.8257629513525663
0.6846434654712755 0.6566110411305245 0.8276372668238572
0.6953798738500145 0.6441832164252909 0.8365752513017517
0.6937624993726635 0.6522015332899644 0.8401622690495572
0.6845333607429371 0.6420033457050173 0.84817461166604
0.7016203239704218 0.6350786204015559 0.8370399997641673
0.6834608638015912 0.6576751986082378 0.8295957269039206
0.6676833095606042 0.6612104383847953 0.8344019414634676
0.6861584137748623 0.65502114249822 0.8581596089794171
0.6897902147818463 0.6341839980802322 0.83036530004415
0.6877971117904976 0.6386986481262947 0.827815505478524
0.6979932624698929 0.6302681544476084 0.8152632665947233
0.6860780003340781 0.6251091964542024 0.8537477340644501
0.6797322571180575 0.6478537125526548 0.839217502073202
0.7120362766262723 0.6522953082899401 0.8278390554344124
0.6837141765410775 0.6406244772911063 0.8179011907377515
0.7154082413628522 0.6585501041317786 0.8533022802646637
0.6948604871113808 0.652976220245 0.8285195208980294
0.6906683403681187 0.6509797188322539 0.8392781802831106
0.686944122558729 0.668528550531991 0.84611014089264
0.7082122026113729 0.6459678679036744 0.8173314160638377
0.6953155719333151 0.6371690651379401 0.8073480036562746
0.7030981141084363 0.6438081888246496 0.8244206563650696
0.7050211744295847 0.651557076822296 0.8322376985024001
0.6945078400288863 0.6228346600080156 0.8166789024036065
0.709169523798827 0.6417058652647221 0.8538393127262408
0.7023489993450448 0.6390715302133697 0.8354912703502572
0.6859437355738458 0.6416829664620193 0.8133238531472596
0.6914864416625749 0.646752499183919 0.844278923706061
0.6913716981563548 0.6338131588322007 0.8298930270848436
0.6859760078043418 0.6634531818873229 0.8390527782226915
0.6866494920087558 0.6262363533711134 0.810911535466812
0.6752168301600994 0.6522183240086181 0.8234888531650141
0.7021485127156843 0.6523772754744422 0.8573653135790479
0.6960344058671339 0.6752852777965566 0.8454266913306352
0.6949483996937189 0.6325102186853684 0.8226896548834879
0.6924552424742182 0.6477249514777097 0.8218916027795913
0.685251829371867 0.6325480297691084 0.8298945458359426
0.6847576111777792 0.647913006929393 0.8473625694945177
0.6885234107051527 0.6434931976902217 0.8299570769978124
0.7118128910230009 0.6377562028715562 0.8114914124117442
0.6892500342580172 0.6343434279908706 0.808934054014303
0.715363710293854 0.6263176097779739 0.7837154011362951
0.7097513155799225 0.6459242889579223 0.8404768775455463
0.6851820698641556 0.6550562740425918 0.8273603149304771
0.6742043955995096 0.6444561235492862 0.8315255304585286
0.7036041650986774 0.6491897718459351 0.8338730652043337
0.6884887821235648 0.6423592389563877 0.8490918455713864
0.6893684833005078 0.6473102713823425 0.8245977604545764
0.6889384841551283 0.6403966425813515 0.8496295554631266
0.6762083802103809 0.6525205958005276 0.8114863792097516
0.7062698762718476 0.6274130204780861 0.8252215610565029
0.6873597750198838 0.6579309987923588 0.8309222434240894
