# full, direct, likely fidelities
0.9983020434661277 0.9970015598233514 0.9987911395339739
0.9982970015867713 0.9966950906826927 0.9984432176330102
0.9982755312456969 0.9964394471890559 0.9985603869446545
0.9982980167152247 0.9966070305472108 0.9986626321825989
0.9982672341223662 0.9963521139928014 0.9988116346226774
0.9982962796848408 0.9967599024296413 0.998717006966924
0.9982828445668046 0.9959561319771649 0.9986465434220765
0.9982737655280536 0.9964943325379089 0.9986490079077206
0.998287812957377 0.99609805906114 0.9984751051717741
0.99829153718521 0.9965559146776134 0.9984864969050964
0.9982790433943668 0.9967045741655584 0.9986832041864167
0.9982879714065525 0.9969155173550891 0.9987010034567942
0.9982874740270017 0.9966552651342637 0.9986679041240016
0.9982852079871402 0.9960927086878999 0.9984797445726141
0.9982964919864229 0.9964694654099693 0.99870273460266
0.998294495434389 0.9960872641916895 0.99852844623508
0.9983111861975863 0.997032141759966 0.9987879919755861
0.9982931921692775 0.99663682187789 0.9988355725143374
0.998311784603513 0.9965359739069495 0.9987816924491054
0.9983075184202902 0.9966092132656265 0.9984236586189371
0.9982985202249233 0.9967619866580009 0.9985595092306863
0.9983234028664087 0.9966266692325076 0.998652526341248
0.9982911705416212 0.9970340110229406 0.9987853282086064
0.9982955402129721 0.9962643440369918 0.9985372457989573
0.9983158320424472 0.9967417189336877 0.9986922028307162
0.9982813725209836 0.99678369713759 0.9985052756055699
0.9982828859101797 0.9965376601312229 0.9986185538901061
0.9982804666175521 0.996631188873679 0.9987158324835563
0.9982840928327112 0.9965408237383357 0.9985865634423691
0.9982740570327338 0.9966793333660802 0.9988169969780125
0.9982907079652198 0.9967517424074737 0.9987460273421334
0.9982470699069247 0.9953298710494267 0.9986283926231965
0.9982843304709019 0.9954105059097802 0.9985821084181453
0.9983123983575525 0.9966356215762293 0.9985216319075618
0.9982985523985833 0.9966290348785618 0.9987620801553676
0.9983057231824576 0.9966610041927408 0.9986901289660663
0.9982923765150307 0.9962726029339779 0.9987400059421152
0.9982649367459213 0.9962566335200052 0.9985475593037161
0.9982423374563199 0.9960102726417959 0.9986585753614985
0.9982877352986699 0.996826751780646 0.9985694027158281
0.9982854240576013 0.9968016870487405 0.9987842489132027
0.9982915463040545 0.9969789312514975 0.9985868133110595
0.9982717554930756 0.9969372708859455 0.9986030990994121
0.9982806194474557 0.9968691083721977 0.9986232290572473
0.9982748644359671 0.9964578041852278 0.9987601425560502
0.9982914798769694 0.9960037579301291 0.9984434946679361
0.9982709138045901 0.996089792019151 0.998522085470314
0.9982954404925634 0.9961187839600302 0.9987026810089229
0.9982918210967886 0.9968487365765208 0.9986815882146043
0.9982786511528596 0.9965406891053123 0.9986205191077352
0.9982915141114876 0.9965779164421197 0.9987736752395086
0.9983042158332271 0.9962339471010255 0.998702243647172
0.9982863642926284 0.9965475051532355 0.9986541176716628
0.9982980467246302 0.9968743341123173 0.9986737603907113
0.9983026122658137 0.9965645878012424 0.998543547520203
0.9982889158876813 0.9964527044244098 0.9987337607677603
0.9982861527985035 0.9966940300410437 0.9986471551994209
0.9982919960458733 0.9968642898430294 0.9987607349685382
0.9982998114777923 0.996505084783752 0.9985505274766138
0.9982928281217154 0.9964892808966518 0.9987615841586126
0.9983093243124744 0.9966385981542061 0.9986685194230143
0.9982758438702893 0.9965391745402341 0.9986333690453987
0.9983062997649725 0.996710627273855 0.9986135002544642
0.9982630473829978 0.996426056850039 0.9987625312468462
0.9982950573217989 0.9968131230419464 0.9985787750377916
0.9982876309784449 0.9966875375198755 0.9986669434940317
0.9982879045560975 0.9966558856693883 0.9986787863110177
0.998270219384443 0.9963063346253517 0.9985893765733113
0.9982917994981286 0.996516696595441 0.9986569475403299
0.9982884862417784 0.9965446320493051 0.9985980466436852
0.9982856100373326 0.9963995785640747 0.9985609449718008
0.9983012821780711 0.9965018108756716 0.9985723966477833
0.9982674110316554 0.9965690756532646 0.9987418325175339
0.9982823522009152 0.9966971221416447 0.998733375217017
0.998292038787875 0.996164112930519 0.9986844945825073
0.9982868471493346 0.9966482280542055 0.9987392045448026
0.9982851514799771 0.9963990317350094 0.9986677874563945
0.9983006154528243 0.99662792550106 0.9985892754263304
0.9983046754342294 0.9965463365775638 0.998478498779808
0.9983111538452744 0.9966414148550973 0.9986097009520328
0.9982918711641923 0.996572675560573 0.9987470299033816
0.9982791457030782 0.9965824847934479 0.9986883689583763
0.9982593042909971 0.9967042676003559 0.9985660351631688
0.9983166140469295 0.9964200177624362 0.9987188297716552
0.9983019598569265 0.9964436089342246 0.9986275063273509
0.9983085192753764 0.9965457979046707 0.9987061313315772
0.9983110143041513 0.9961983610454797 0.9985264425241872
0.9982968133209476 0.9964215401101177 0.998394859216724
0.9983063672189911 0.9969227126508979 0.9987284831826704
0.9982815840163861 0.9962958654875496 0.9986076993648675
0.9982720947979645 0.9962564114458616 0.9987008463225143
0.9982814177208708 0.9963281898796232 0.998592467593869
0.9983294112904213 0.9966067395178804 0.9987429092862374
0.9982867326846007 0.9961309677777888 0.9986670101454261
0.9983013270908906 0.9969154306122334 0.9986974088964773
0.9983117353442967 0.9966397649008291 0.9985735017547144
0.9983143191989001 0.9966319348275893 0.9987115970717522
0.998301145047113 0.9966240278063014 0.9985437614515037
0.9982671379462169 0.9959832688521979 0.9985161680436201
0.9982938163144585 0.9964362658806981 0.998765656669967
