# full, direct, likely fidelities
0.47085238609753294 0.8104073085796581 0.9039208179837593
0.4741333639359841 0.8086113347969321 0.9050016772598438
0.4643391488718404 0.8034166042117121 0.9045188391666018
0.5017625647355599 0.8087037196416434 0.9030836356666383
0.4724664399513821 0.8116553151870229 0.9074453531097366
0.4759265903798761 0.801373473356847 0.9046617016320438
0.46612386282352963 0.8039057446485447 0.9069196048078667
0.4676987576358537 0.8053207217995825 0.9068308334897529
0.4646471466763081 0.8125395846707034 0.9078627989362452
0.4791185386856725 0.8025497292389013 0.9044929659418272
0.4653609778196644 0.8087832664536402 0.9048773534036967
0.46704581930838407 0.8119037947033516 0.9086948540307109
0.4765113688956107 0.8097771032385191 0.9053922148151794
0.47580694790385414 0.8072121251882163 0.9038538490564053
0.46112665412160064 0.8100792722636226 0.903699082073412
0.4576236703740112 0.8094790224788326 0.9066121336804465
0.471264206865428 0.8124497333183942 0.9064300249816256
0.47207618019691266 0.8025726286525098 0.9035780057495727
0.47239534996541094 0.8082622090525617 0.9068127772066047
0.4574506934599733 0.8124758346796948 0.9051098153080772
0.46141766541136164 0.810419222217268 0.9059926770063091
0.4719192535023048 0.8141327708906272 0.9077135488998241
0.4620108167341846 0.8138854796159911 0.907628536769984
0.46815609739997666 0.8026862375273816 0.9034258803487141
0.46397299575470646 0.8081072755168548 0.9048812369959274
0.4704307388672642 0.8047313536633403 0.9049184091463021
0.46825169723130233 0.8145554534838428 0.9113677201766379
0.4834197014514797 0.8067803312103513 0.9052436991594451
0.47408211404325773 0.8056080530592399 0.906791452077032
0.4507708294600932 0.8117731435564565 0.9069871548399825
0.4699845661118723 0.8113109071709697 0.910203812934623
0.4643804827570333 0.8106470257985343 0.9047501604778425
0.4715891637485651 0.8038011367616507 0.9049414947345095
0.4648757294048938 0.8054153830364265 0.9035119548193452
0.4660532531585821 0.810690807911092 0.9082622814214337
0.4625869168431052 0.8134915834470966 0.9055674893277431
0.4718917142666864 0.8027428830667364 0.9021937822168921
0.46807500924863066 0.8038193748329646 0.9019079514344709
0.4920030203773387 0.8023957797961806 0.9010994385869622
0.46760891527946946 0.8034385544274898 0.9017756520840717
0.4684559015973264 0.807361960834572 0.9067144006353404
0.460874583573858 0.8084187988509486 0.9040692535218117
0.455408254191716 0.8145642353650523 0.9079849128341706
0.4696260481447183 0.8131153112628392 0.9068161333863631
0.4659558303028895 0.8051367986501973 0.9022355906587791
0.4602335531562337 0.8116978906793767 0.9049252225296035
0.47341727014839086 0.8049459416371971 0.9042134201598059
0.46367435912786015 0.8051063139464865 0.9061645999541665
0.45696935858657073 0.8147195440944397 0.9088009944811191
0.4615525918081582 0.8156707540645651 0.9097743366349028
0.4636236255979774 0.8053070121686164 0.9017332988383581
0.4671141707218882 0.8140103876138173 0.9053973716987238
0.47422488751900166 0.8105654869216676 0.9057897853891288
0.47462926772072106 0.80744550775509 0.90713134671232
0.46067470761118695 0.810983028617335 0.9086496557225252
0.47139601874734377 0.8091988065712182 0.9067891760742369
0.46194579990554946 0.812336660476133 0.9077997206056897
0.45987001308017006 0.8043713759631823 0.9049935549016169
0.47050941903671994 0.8101664953102053 0.9078887929816958
0.46500138526976625 0.8031862096520763 0.9038772860659213
0.4672710297559268 0.8084356137146541 0.9080794395809016
0.4578885344119291 0.8115155739630349 0.9083024410189252
0.46413153211671854 0.8015699275992276 0.9035196699733471
0.45950274288255 0.8057857093179568 0.9045181056219994
0.4601466502116688 0.8069850407756244 0.9067715483886715
0.45668844296673683 0.810752664952939 0.9071794377255025
0.47381485828492437 0.8020579310355334 0.9039589788675761
0.4853801406036804 0.7979939598111289 0.9026765363643751
0.45460406975058365 0.8117372215793501 0.90682738389119
0.47384331102638927 0.8081943751415878 0.9066788149597723
0.47880703707917777 0.8030902257193548 0.9052065612210246
0.4799223673201273 0.8056953243365063 0.9048178793248273
0.47056892264716177 0.813844106519333 0.9074693039429372
0.4829694185198851 0.8081551398114216 0.9031233078767632
0.4696694164963539 0.8112965089667485 0.9074176604546933
0.46412090485906043 0.8109751256417713 0.9077154193334865
0.47309456152720836 0.8045587041676427 0.9053904670664605
0.45636009417900436 0.8131525382652868 0.9070543240647275
0.45917703003112786 0.8091217055348775 0.9047437551475469
0.47336643396230105 0.8078914797413974 0.9019138655100466
0.46997411038962567 0.8074007117364203 0.9072433544269846
0.4639340557812938 0.8132541344199845 0.9087508921549806
0.47065910861291504 0.8084506632632802 0.9075133999750941
0.46494203839004233 0.8118545110921166 0.9066141281298495
0.4762847569699128 0.8079771760393494 0.9066213466001818
0.4650372806204917 0.8081999999519256 0.906196222721909
0.4718240233989342 0.800936192175762 0.9055549925204625
0.4739043873097212 0.8078457354335666 0.907173037812927
0.474965584273711 0.8059279264300081 0.9040968148243734
0.4688085335110631 0.8107154896420806 0.9067871061824658
0.45876940882837336 0.8107796210888263 0.9047372597688549
0.45907460890865975 0.816997271745889 0.9080851297755305
0.47402743702802125 0.809143097477627 0.903817774082717
0.4698068701177581 0.806590030238206 0.9035152082269698
0.46517447211432605 0.8067877472246407 0.9060472206139188
0.46037633347939455 0.8120675716429908 0.9086344257125639
0.46225318918023756 0.8091726612599653 0.90708621123683
0.45743708593510024 0.8092379597266051 0.9060667858989004
0.46046275371826784 0.8138312484299807 0.9110057062355494
0.46353963503595197 0.8118123546010189 0.9085094861539331
