# full, direct, likely fidelities
0.9580988121397166 0.9618094363894311 0.9868854020385291
0.9586876193915521 0.9596980219349555 0.9864303380294694
0.958575844026769 0.9617399464681835 0.9868205575907038
0.958397208543491 0.9644849999805719 0.9877093637131502
0.9586001650008262 0.9649540905503086 0.9866624643588722
0.958330791567503 0.9651189879875206 0.986592740534052
0.9586033509794086 0.9640477183629508 0.9863330565174497
0.9583645543443945 0.9662357052454733 0.9872795208866725
0.9586187287655182 0.9656496959547993 0.9852950583475295
0.9588606090026487 0.9655530948905744 0.9861289370959643
0.958014724117944 0.9631649323842553 0.9881284659034109
0.9589848933793065 0.9629952547236655 0.9875329673784276
0.9584258585277428 0.9647271050229602 0.9866676805493597
0.9584703380476305 0.9657775180658619 0.985872903989961
0.9583710079886243 0.9624310937161161 0.9864774208541918
0.9588070960661134 0.9652383442133161 0.9867449056002606
0.9584259081247879 0.9663344539936172 0.9861789171428331
0.9583105903513028 0.9625432954855139 0.9868969616617013
0.9580880226083935 0.9660755696321175 0.9866718626808582
0.9581000338780107 0.9644971571552461 0.9860761987615225
0.9581654015302581 0.9653164692608346 0.9869667344911259
0.9584311037269595 0.9621679446563778 0.9868288334205085
0.9581580761102733 0.9613676509990274 0.9873345018626181
0.958604028986672 0.9636247659388969 0.9870331222901966
0.9587593593649532 0.963975272680028 0.9867592694009947
0.9582656562355216 0.9627681930377444 0.9849586861339634
0.9586106568667285 0.9651460392166002 0.9872259100423065
0.9580276451156776 0.9629768576998753 0.9861419888159483
0.9583394074127202 0.9627692363890216 0.9870005990491669
0.9578972512522639 0.9652906084745115 0.9861739150591189
0.9584661128837667 0.9638496397746943 0.9870188327152994
0.958287442290878 0.9621002382675912 0.9867252049126289
0.9584357306627651 0.9648023354637487 0.9872656156830342
0.9586035377911454 0.965496308456068 0.9865613663774722
0.9585575201629161 0.9659970121784345 0.9870875767547072
0.9585756345831239 0.9656823072291215 0.9867681140845852
0.9589191305498979 0.9596633611453023 0.986359162634185
0.9586744822655977 0.9661977719270008 0.9870039782427711
0.9587911195534152 0.9668952109453045 0.986286704545194
0.9587365183087954 0.9636267981300222 0.986184625770351
0.9585788462672153 0.9636425368152681 0.9864581761752602
0.9584461574854916 0.9638444336624394 0.9873680327708513
0.9585514039584397 0.964333587187336 0.9872253519629168
0.9584965748294662 0.9649154882171991 0.9865867034855067
0.9590302101636672 0.9620231882332141 0.9871228891673463
0.958261350498227 0.963387269355394 0.9876282319259427
0.9584155945827515 0.9652899474012603 0.9873478244739387
0.9587340950809585 0.9649793519168495 0.9862873072424155
0.9585557899315434 0.9659867688951602 0.9875599198870642
0.9586209541068562 0.9637590401201171 0.986347453454482
0.9587105723531714 0.9667515752385726 0.9863752173751179
0.9582231030983891 0.9631679012808994 0.9856545552232251
0.9587314267778989 0.9587031259630457 0.9866497733387272
0.9583143824199138 0.9647888355155051 0.986910192908906
0.9587530850808524 0.9645126790401309 0.9876927026409653
0.9585027307081998 0.9649017002432961 0.9874480246551748
0.9583858016909833 0.96557110819475 0.9869252471890629
0.9583553303219836 0.9660540047164121 0.98577668587809
0.9584250125078171 0.9656203041668082 0.9871392108557829
0.9590123649946564 0.9637263853478196 0.985643926048486
0.9583504969541093 0.9670968141469662 0.9876359614404538
0.9588056612296827 0.9659931834822199 0.9873100992981175
0.9584868576260943 0.9658107032391295 0.9877354455422827
0.9579114590140075 0.9638282376292844 0.9859047726189829
0.9583409991479984 0.9657540119226907 0.9872240681759556
0.9588221801922071 0.9653222396714687 0.9867758587842853
0.9583162809918432 0.9649037321679833 0.9858806113341543
0.9583421593206223 0.9653073217529263 0.9865868892232285
0.958834358247357 0.9654938308389995 0.9878068118605723
0.9584228941889603 0.9621627480850689 0.9859273489311567
0.958391208021608 0.9639067391498244 0.9865272021657986
0.9584271257071012 0.9646296285713859 0.9869730402543508
0.9587054205343717 0.96448156935084 0.9877741160539847
0.9587608560122223 0.9597097583541229 0.9865997106116269
0.9586663321850492 0.9671717041910779 0.9860608452164908
0.9584883149779759 0.9656547930459756 0.9880734468042837
0.95855795810952 0.9668758909338947 0.9867240793645815
0.9586575037683361 0.9674915570166621 0.9884047363208034
0.9585433919913396 0.96453329252459 0.9861263490190217
0.9581428474365878 0.9663071880533621 0.9875658820071445
0.95845836826039 0.9660678746125284 0.9875854891102056
0.9584937279225308 0.9620577756534665 0.9873905451305305
0.9584424200364462 0.9616085819661446 0.9860386837396184
0.9584408167751916 0.9649155368296025 0.9871137770787002
0.9586647213411246 0.9649313636196816 0.9866586736646108
0.9586822414215269 0.9647465403148965 0.9874749254179177
0.9585878510248044 0.9648568244623656 0.9874151408356989
0.9584863686893058 0.9671793279612978 0.987166897578319
0.9585892365553565 0.9667183893591192 0.9879612063710703
0.9583490797398283 0.9650890276058665 0.9862145308174272
0.9585818086514586 0.9634337712371837 0.9867050068509178
0.9585347881090341 0.966049792376182 0.9876521763290204
0.9586682579385354 0.963831516503444 0.9860469701175474
0.9582101260727314 0.9624498535783016 0.9865066353933167
0.9583919872760649 0.9649496104966205 0.9878196471309093
0.9584835283393479 0.9652739450184509 0.9867328595367872
0.9585754648881853 0.9661786448697713 0.9874827152455312
0.958063463674579 0.9635521104099432 0.9859112297334603
0.9588336251405148 0.9648615156353689 0.9879843303268642
0.9588608760828659 0.9658245525732723 0.9857563569471606
