# full, direct, likely fidelities
0.8471572797552114 0.9590343164998381 0.9811847958516314
0.847877627568833 0.9597817311625976 0.981223903004991
0.8465818796325972 0.9592433048495935 0.9801927943461757
0.8537458626970583 0.9571499229268015 0.9814355108132123
0.8483278115724856 0.9594292950360609 0.9802706400905247
0.8483470281352625 0.9589977470226047 0.9814857525246344
0.8467072215362768 0.9618791783950879 0.9819270160489638
0.847009724352018 0.9592731538391166 0.9804213679410354
0.8458267372601924 0.9596975581137772 0.981181256814363
0.8501777668410104 0.9598491778233555 0.9809220933833406
0.8464134120915692 0.9595198666241314 0.9812138271450305
0.8480613882981172 0.958020917876766 0.9804572938167904
0.8488104691907954 0.9589146625410073 0.9801465260843989
0.8476423715248933 0.9579168299698173 0.9809838602767037
0.8461980889224704 0.9597984837128776 0.9810032537417176
0.8452096029931789 0.9612673177561809 0.9811891286488585
0.8466275314787752 0.9589560491513472 0.9816717628387172
0.8481794626736756 0.9577360939565619 0.9803084142357285
0.8485905937143984 0.960145355851486 0.9808190610891451
0.845797214295767 0.960974967643952 0.9811270680923809
0.8461780729996263 0.9596861338465802 0.9815665773578843
0.8475812247130203 0.9582692678065755 0.9806585498149373
0.8460288005955648 0.9592344095949812 0.9811003072486066
0.8479974176728244 0.9603819980176965 0.9809661029811073
0.8459261224858171 0.9621523097635288 0.9818367399537085
0.8476069847956361 0.9601553529194985 0.9817637924095037
0.8471788599804946 0.9598697496878398 0.9813821981756663
0.850475840178072 0.9581836025578769 0.9803988621966937
0.8481043521465162 0.9593089185653083 0.9800126469719875
0.8448779331738542 0.9603485423599774 0.9813430756532833
0.8474553133234021 0.9589547782269814 0.9810335533876376
0.8465823631706171 0.9599483100127342 0.98077588935772
0.8481243582710868 0.9594287404979788 0.9812804658708358
0.8468564141488166 0.9599375330340213 0.9815889962583144
0.8471872107837751 0.9585470323696645 0.9805983456239118
0.8466397362798179 0.9596107598113173 0.9814156929002601
0.8483160745135603 0.9588607722778473 0.9811566869767475
0.8477705575800969 0.9610079142656044 0.9813961526954477
0.8513428406539794 0.9577964693018591 0.9812149509455119
0.8466190170297659 0.9602782931362233 0.9809131093784762
0.8472629453795749 0.9605969911581128 0.9811230206248531
0.8459121795632427 0.9582296585243567 0.9810205735075359
0.8450603522223701 0.9604224734973212 0.980920256348129
0.8472769946934133 0.9597221072583006 0.9806266990254542
0.8463979261307251 0.9591904318767716 0.980585865652367
0.8458035063812285 0.9600588697713234 0.9819699186748729
0.8476342022373815 0.9584553250781586 0.9803077607958367
0.8469045826338798 0.9597351727970546 0.9808126426468737
0.8463329851825614 0.9605934020141143 0.9811944296201157
0.846660956594325 0.9607441707034128 0.9819962042583498
0.8459762722671821 0.9596022728774869 0.9813190617191114
0.8468282658981878 0.9601345173718042 0.9806523107145648
0.8487023430011885 0.958421568851269 0.980434089305469
0.8467577530089243 0.9584495623782688 0.9802749749485039
0.8465221224696676 0.9602215532192381 0.9810707131818345
0.8480945115405207 0.9579703788192903 0.9796585764033211
0.8463190186537679 0.9602697959395358 0.981191600951273
0.8469684878444713 0.9591707480121789 0.9810091023397596
0.8475696793625161 0.9594399953448634 0.9813095798471902
0.846453252602575 0.9594530644286025 0.9809077937640349
0.847147762759207 0.9587101618842918 0.9813266675140883
0.8456365352086636 0.9602868942877072 0.9809486405956976
0.8467756024654112 0.9621629558030856 0.9820246588312092
0.8457877292442249 0.9609591430937734 0.981062782979304
0.8458481010754849 0.9592989990854017 0.980327375456178
0.8462325008831512 0.9612318674239384 0.9817179039553292
0.848904360578855 0.9591292775007809 0.9802889144142167
0.8493522756140641 0.9591177966988226 0.9809765560347546
0.8458010339889113 0.9622940369745524 0.9818578546398139
0.8477838933415849 0.9593991636858294 0.980346603644431
0.8492828273646934 0.9585210614153638 0.9803211774795498
0.8491749029001111 0.9579707074666163 0.9809073250744712
0.8466076993120062 0.959119383977992 0.9805232220038151
0.8505770773382791 0.9569196769942775 0.9791443327863756
0.8470036599076795 0.9589452528463741 0.9812107764445935
0.8460456226428855 0.9614534990436638 0.9818900182550818
0.8476873659447576 0.9583408431576819 0.9811869762617506
0.8457374144752093 0.96017162794484 0.9813187374120894
0.8454676081408369 0.9603802552963976 0.9813080180671814
0.8485506187484729 0.9584916923482528 0.9808408118259412
0.8464749353133346 0.9610635835585495 0.9812981346931798
0.8458614701755985 0.9587551414749146 0.9810421104600728
0.8478459865305957 0.9577321871271567 0.9809237853304548
0.8466052979435328 0.9584567121850575 0.9812218345681574
0.8481403669868358 0.9582487024707658 0.9811785740935963
0.8474297174468997 0.9589385953438677 0.9812021783425919
0.8474529120816171 0.9572644561471461 0.9804395703786885
0.8482432238436735 0.9578061746968726 0.9811221703664257
0.8476645554316348 0.9583321491836843 0.9809467599576439
0.8473136884460863 0.9593405632981773 0.9816398592849952
0.8455930096902416 0.9594227007810043 0.9810165132199994
0.8452422421613436 0.9599306066290566 0.9814429812967136
0.8472744486155356 0.9599534930950826 0.9809865723933581
0.8477823895815966 0.958741089529632 0.9805397318753242
0.8461628798025231 0.9599249109635675 0.9812483609186543
0.846105622454268 0.960321745933819 0.9813690305389818
0.8461590044837705 0.9610588605764692 0.9815512734814048
0.845693010564955 0.960323835358671 0.9814280709829107
0.8458836065691945 0.9608247777165193 0.981157755852262
0.8459763771005182 0.9595675515459744 0.9807080217790514
