# full, direct, likely fidelities
0.71975471229776 0.9330517751516474 0.9754632424789401
0.7226116873465306 0.933507130034019 0.9752315878315756
0.7156535306051266 0.9336524739404061 0.9750732242356343
0.7183163325668612 0.9320538885011987 0.9746870513505596
0.7117628128407428 0.933724192337197 0.9768186130136416
0.7115433764636963 0.9324142110236274 0.9757930351684979
0.7192956490261861 0.9319471204364448 0.9743278477657851
0.7075966709995062 0.9358413188389979 0.9751012444890831
0.7196760284425604 0.9330938447959779 0.9750509959505027
0.7158618697072108 0.9299066450806249 0.9733135667317886
0.7200313837894184 0.9325650549828229 0.9743991746151544
0.7200166777509934 0.9329231663405264 0.9756647804116442
0.7153579782795921 0.9358870334947448 0.9762819330227634
0.7109344452381722 0.9337716822742828 0.9743330193012021
0.7081656678940804 0.9369355895306091 0.9761608067914165
0.7145734875915042 0.9346557321761179 0.9758078962480631
0.7125696699947602 0.9323643732376412 0.9748755216945134
0.710874645306058 0.9353910869559616 0.9758926751604653
0.7064031497341363 0.9351606303252338 0.9753071753153246
0.7249511179051189 0.931819062571161 0.9754076073631703
0.7145035189049906 0.9340388469347273 0.9756031785048063
0.7240839454419375 0.9323404044152032 0.974318124168632
0.7052698645491043 0.9321733609087038 0.9765677115880864
0.7151618120162971 0.9310757785007163 0.9750470166776237
0.7115027147654325 0.9340807679740143 0.9754769112268405
0.710255571535307 0.9359870809234108 0.9758990754710022
0.7289029807729749 0.929432612380216 0.9728044186017821
0.7181616943163485 0.9317865046560635 0.9748188011000586
0.7152455657829181 0.9348208106714273 0.9756563834143236
0.712537851631332 0.9357213082768427 0.975235014540598
0.721133760639551 0.9301020453654678 0.9756431506601311
0.7122451341010273 0.9327996894619859 0.9751140375237806
0.7175054537497235 0.9355825380214541 0.9749897952892111
0.717565393759945 0.9333562565077692 0.9758654621904028
0.719736979565317 0.9351168064265697 0.9751054042360879
0.7192351797122232 0.9316537622591079 0.9752793717389084
0.7120043776634852 0.9331152606486659 0.9755884683517724
0.7099323443937943 0.9356224718842684 0.975701689399433
0.720241485182245 0.9309949049432121 0.9752483853196542
0.7382027142095748 0.9290981020666791 0.9737463881802231
0.7139670545739607 0.9325861821263464 0.9749054420934182
0.7099780623689671 0.9346302971729622 0.9751774353056388
0.7115524586269011 0.9345299822872872 0.9747511781960297
0.7159118424971695 0.9322815855432377 0.9751811283944118
0.726735021255392 0.9309964954151267 0.9747234730739165
0.7051284471204622 0.9374686686396129 0.9755932172820033
0.7083276240899563 0.932692500260864 0.974938721039467
0.706526914369008 0.9377180729510102 0.9757624833798832
0.720720522977008 0.9309744780777424 0.9744673996645553
0.7082590421606267 0.9327611691297248 0.9761597802054529
0.7297907049454915 0.9339114715529572 0.9739597847678523
0.7246703317041598 0.931317014480477 0.9737592294177397
0.7132020834509346 0.9304077280674463 0.9754878866698086
0.7153508675908952 0.9358207486948162 0.9753274641896552
0.7249897564911508 0.9284140942458927 0.9741518861206839
0.7210687838726735 0.9330751651125335 0.9761443660946234
0.7097091095024641 0.9310879752985755 0.9756024103160689
0.7130960593368321 0.9334679056309206 0.9751856469413798
0.7045162534774837 0.9360093217707348 0.9754328660974184
0.7195639007905416 0.9315254523661533 0.9756973425932273
0.7183481172698104 0.9323918323147772 0.9752737707627794
0.7126749612274249 0.9348748417174262 0.9749624577316524
0.7251905126608569 0.9308849028652929 0.9742089921332723
0.715013262016937 0.9332090614018858 0.974574419699029
0.7100360534890131 0.9344107650334404 0.9745891338666482
0.7270855598149906 0.9279942495145821 0.9746535943090062
0.7192115474117474 0.9296994388384721 0.9726971356832436
0.7185270195119079 0.9318756451180489 0.9738873865350512
0.7227167697455245 0.9322782281936105 0.9736945260381427
0.7115592569102746 0.937672720269264 0.9754771747758407
0.7134308680831092 0.9297106905174354 0.973203469110717
0.7169809136298009 0.9302437184580835 0.9734258577471115
0.7111976765503217 0.9358249497343011 0.9759724306753561
0.7101011049695307 0.9321343175570674 0.9744999018943393
0.7134666552082993 0.9344526861599581 0.9755701013764482
0.7073223430601099 0.9359485201445451 0.976540774258084
0.7117342013940791 0.9363598621677678 0.9745673251502045
0.7108225392350793 0.9352793202695736 0.9752235124218235
0.7174171854498721 0.9295790511384961 0.9754806451896779
0.7312579168402301 0.9280825491738097 0.9729069780792476
0.7136121271652076 0.9357973359065316 0.9770107997330354
0.7184001752029306 0.9296167523678351 0.9763553104059411
0.7137027719785556 0.9384382951079346 0.9763516299200328
0.7330877284824264 0.9266361922721629 0.9735052865009883
0.7180739367120812 0.934582424955144 0.9749451041797358
0.7200498060643133 0.9333066020637456 0.9741152971724686
0.7102351890566445 0.9314419915813755 0.975632989768234
0.7096808654860022 0.9365155154743355 0.9749020000057205
0.7118189149736182 0.9349439754082358 0.9752594511503717
0.7188088362330559 0.9312479709542308 0.974653980377489
0.7094584052195315 0.9300663588630976 0.9745615783740013
0.7079715252969966 0.9379389006991565 0.9765554609455613
0.7097730061279126 0.9340624773451539 0.9752365771839072
0.7042695597270165 0.9333237198626226 0.9754796142023647
0.7094137848830361 0.9345203943441913 0.9760468196177053
0.7171755935108134 0.9339044361052627 0.9748642469546404
0.7307314535996365 0.9284811097779686 0.9710473874490172
0.7132655405878057 0.9353633177432179 0.975548912589634
0.7173444122224462 0.9322614744172377 0.9756067825884003
0.7162383642721198 0.9304607305985227 0.9751704165732428
