# full, direct, likely fidelities
0.7531163853560469 0.8893001764339611 0.9548436342292699
0.761886394017196 0.88686889821165 0.9559994877559029
0.7612314686061041 0.8861276503388686 0.9520176415981643
0.7605809767270298 0.8873870698049844 0.9549154716646056
0.7587302892244692 0.8839968533787729 0.9542977099846557
0.7629203719052572 0.8827227289762267 0.9507186087947301
0.7581183385730729 0.8936015115674232 0.9547041941612032
0.7592599394535268 0.8825473617659272 0.9525753368135952
0.7540213528757774 0.8885645624916326 0.9559007601983152
0.7716952763474404 0.8797763063815377 0.9555705487192686
0.7601480743408577 0.8870888903147786 0.9542657049778639
0.7652267305073251 0.8814858965849082 0.9540688594441964
0.7718174087369328 0.8871415243305214 0.9575660167065443
0.7662183005194206 0.8884374857304086 0.9541148744122255
0.7636269732152315 0.8924773769768785 0.9554521755036177
0.7594788612801057 0.8825425042152569 0.9548330561606612
0.7583115588122633 0.8872319489493407 0.9569421346506776
0.7679111728847273 0.883988871367968 0.9574359590865359
0.7661684828245805 0.8903092101493298 0.9555465939728783
0.7559820061578713 0.8923697706906234 0.9540439766315592
0.7660012902596183 0.8852527188958078 0.9555733371262733
0.7596485104420342 0.887879196637391 0.9530800054060209
0.7699410083406351 0.8838207801866079 0.9525339418905344
0.7693545102494269 0.8761920752106283 0.9453486780760737
0.7583707322590615 0.8882786266565909 0.9551826099924818
0.769222784357814 0.8871940350964924 0.957292268463369
0.7657027382543189 0.8868396739926944 0.9556726273570927
0.7561023992847371 0.8895148386669175 0.9562533531880378
0.7659061076772679 0.8824628870910503 0.9561543517206721
0.7490259646615884 0.8970367405072334 0.9571742296499182
0.7580811154226813 0.8901519608965247 0.9547413343739931
0.7595917768701993 0.8891053303029205 0.9543342573668927
0.758311067908105 0.89371662573066 0.9571715731175
0.7624576032965863 0.8882905612226852 0.9563598138707764
0.7662097505630161 0.8876553896823874 0.9549881187241895
0.7640851809826718 0.8799639022578342 0.9496677473430527
0.7578696863734965 0.8897265203274741 0.9572110350435591
0.7582108682543931 0.8891543433417043 0.9567791101833278
0.7554357825974979 0.8933467503302526 0.9567421100011622
0.763367704696515 0.8884814553466654 0.9556107384400342
0.7635709625785462 0.883018716624418 0.9571278007197755
0.7591064466935933 0.8907951069435565 0.9519394215914285
0.7666633526570303 0.8847459446810143 0.9557625944226791
0.766013824964042 0.8883748203642993 0.9548951900180301
0.7682616361345033 0.8850311729528507 0.9531077151214014
0.7544722299845263 0.8890139322055067 0.9546336003482342
0.7621767312661513 0.8774767126528257 0.9554974841923559
0.7643741688963119 0.8837990344531312 0.9578405066834684
0.7648195294003809 0.8829178044412193 0.9505031126533295
0.7569246687291342 0.8863408220075476 0.9570497753870455
0.7632861222606695 0.8827103528412559 0.9527877958453304
0.7550668765355881 0.8853617756351367 0.9585810280597508
0.7717525070725154 0.8900048184205637 0.9567413282548631
0.7644131034736557 0.8874870718078134 0.9562776532695985
0.7616951373299219 0.8925634395803963 0.9542179532472777
0.7637952813477511 0.8882160091799756 0.9563797896845638
0.7682067225770007 0.8876690057718508 0.9524813871876607
0.7612561203372724 0.8893987755405443 0.9570253022973926
0.7680383937511733 0.8788462938933087 0.9528799484256598
0.7594889179296822 0.8867873357791676 0.9562635495230905
0.7581926983603103 0.8921753932429309 0.9564239908436634
0.767166950177313 0.8885158728759743 0.9538845075580241
0.7661742911170594 0.8915209410001468 0.956068366573549
0.7630556788636477 0.8848760951369072 0.9531039414636476
0.7669291634724564 0.8845453825231578 0.9563168199972485
0.7626795468126313 0.886119718772525 0.956979471380512
0.7674709104482146 0.8887001540554549 0.9549912396716019
0.7627741174973778 0.8876696549930029 0.9551437855437992
0.7589903211698 0.8770854507400495 0.952515034966417
0.7669390178926699 0.8775619286031198 0.9529658647115555
0.756629987752384 0.8775526997931438 0.9511247364188368
0.7722117901615364 0.8820260838320813 0.956976520200198
0.7660270354359108 0.8811672296565545 0.9538231765371763
0.7564617877969121 0.8796051312469338 0.9577171453448171
0.7668544874044597 0.8929337678573152 0.958998040816981
0.7598684954369087 0.8856185271199496 0.9571894724742315
0.7600191996097672 0.8840283544424307 0.9561819888306194
0.7555211066741383 0.890957512374 0.9552373010899885
0.761304569394393 0.8887496625441469 0.9579429932639675
0.762020972544555 0.8881343617453684 0.9539089277268519
0.774454524044637 0.8659972333129613 0.9558877733097151
0.756664472903506 0.8909746298787282 0.9524399912706096
0.7659058170610133 0.8763171084021782 0.9502429938103768
0.7661634764083182 0.8861383706703914 0.955065239823565
0.7612327756816799 0.8949624899084342 0.9552405833313211
0.7553354272230074 0.888842598439075 0.9530780099942355
0.7624171441552783 0.8817992230967979 0.9546720395277697
0.7566419166417622 0.8900794840725152 0.9526468270041931
0.7657573631127753 0.8829372304567679 0.9559163811701429
0.7599629085832544 0.8843710632704707 0.9513866615310306
0.7630789044758735 0.8755587157388756 0.9500009917238947
0.7585540324915955 0.8869406860694375 0.9523185559529788
0.7628170813520444 0.8778993023760657 0.9553146858256942
0.7637153565574726 0.8837182893019709 0.9546924351228065
0.7595762945233594 0.888997483785542 0.954047235955375
0.7676569433524238 0.8834002567092607 0.9558252407664436
0.755210693134198 0.8793774810009275 0.9528326883302904
0.7749377430746875 0.8786657600573209 0.9486719996653853
0.7617793446437892 0.8857465713190203 0.9561194476994607
0.752679949762639 0.8894919125360292 0.9594208106860717
