# full, direct, likely fidelities
0.9532130231887714 0.9855061601775472 0.9933839792937001
0.9530718911042876 0.9852811170515889 0.993261162805515
0.9532195702225236 0.9847831256880305 0.9935530748929813
0.9533231395943779 0.9835877134377812 0.9927880936453615
0.9530956750409317 0.9854226396413427 0.9934221880381329
0.9532493757780579 0.9853640952281467 0.9931074175430055
0.9534061069152392 0.985364983859076 0.9933925549738737
0.953177198642433 0.9862397482812648 0.9936104033147559
0.9534957421436054 0.9856863012301526 0.9936241928100676
0.9534968590256689 0.9853064372799565 0.9930650279487795
0.9531152482206967 0.9858017650936165 0.9933441106498866
0.9530760070475908 0.9854503278938603 0.9933637810661009
0.9529066575793282 0.9854656457390376 0.9936507625409541
0.9530282117377842 0.9859698691131751 0.9934642855877058
0.9532750573573686 0.9864863438705717 0.9935160751257139
0.9534433951229463 0.9858330956991221 0.9934873742281303
0.952978385725464 0.9860782709549183 0.993458748240238
0.9529801446712005 0.9850758540613037 0.9933203394560791
0.9532736490544962 0.9855835966681971 0.9934783970892239
0.9534843966231258 0.986148575049314 0.9933861596347153
0.9533297477337608 0.9855896712804768 0.9936376391468763
0.9531598276067389 0.9851342228945681 0.9934081772603659
0.9532806362136492 0.9854633980006052 0.9931844927375783
0.9532078368653283 0.9857272470160415 0.9935549196964112
0.9531224043697685 0.986097213189762 0.9934189800699232
0.953342352534523 0.9854559195689114 0.9931517241806966
0.9530331873831329 0.985766722764433 0.9934228823228062
0.952928470633479 0.9851115676064133 0.9933322626320669
0.9528832844987218 0.9860552544918763 0.9935584457345324
0.9536210732630125 0.9864059508585904 0.9934795403483978
0.9531162203063585 0.9855229328197189 0.9934919187916481
0.9531065094000355 0.986247411329613 0.9933989035606832
0.9531918087340281 0.9851121318243332 0.9929813777590434
0.9531394760957395 0.9858639255239565 0.9934688059387508
0.9532975542853422 0.9861790689757032 0.993138221097387
0.9531990931814127 0.986161148116197 0.9933838675114999
0.9532250963072265 0.9848251861625086 0.9934895715404475
0.953260457714568 0.9858504735534466 0.993650243088156
0.9530885136203178 0.9849747629412801 0.9930467799250888
0.9532881570851927 0.9863092278531335 0.9932951896937035
0.9530975704013671 0.9855193622237302 0.9934566579680466
0.9531476508731603 0.9864351014326889 0.9935186019805115
0.9532202720916007 0.9860957892912913 0.9935820154126445
0.9532671152630732 0.9857654706109159 0.9934941775885194
0.9532004139314345 0.9860440736820975 0.9935678829732807
0.9533587200076341 0.9861235474483213 0.9936626706813031
0.9531734360631717 0.9861774019763131 0.9936587463408262
0.9534015562470347 0.9859617911006132 0.9934080158358048
0.9532925477185697 0.9863757995563808 0.9934780929745052
0.9535131958381327 0.986032185762885 0.9935359304899919
0.953106618705039 0.9862267088674147 0.9936104229084999
0.9530932479742344 0.9852915007133647 0.993375509221156
0.9530328679825428 0.9852261736098724 0.9931834203778369
0.9528398454301138 0.9855493118784762 0.9935282489274484
0.9533231477313684 0.9856964811672327 0.9934518593718205
0.9533852471357138 0.9862159180679153 0.9936130735684372
0.9533325850248627 0.9857728363116469 0.9935598812909682
0.9533822919878728 0.9859662876503071 0.9935783395019544
0.9530911468885583 0.9855623234474208 0.9934179849969974
0.9529777908586956 0.9857091031381873 0.9933534512875247
0.9532606659370034 0.9860769987225816 0.9935341845546111
0.9533558289513556 0.9862315142473232 0.9934454398682557
0.9533136969808276 0.9859699194248224 0.9935062206239015
0.9531759383138324 0.9856706387142463 0.9932689726253976
0.9533218168345301 0.9862745015482248 0.9935005665880225
0.9531544263551351 0.9862522153640182 0.9935585425488587
0.9531118033508916 0.9849101816485563 0.9931281013934564
0.9528972877809322 0.98597870324338 0.9936745639026907
0.9536245454297891 0.9860070771552383 0.9935279445692617
0.9529627304073792 0.9855698701390967 0.9932257740327906
0.9531025413579143 0.9855674071173426 0.9930836300460977
0.9532644320014051 0.9849561613024217 0.9932850514627097
0.9531220027977908 0.9856969516930152 0.9934995113704608
0.9529849986274449 0.9847138200914678 0.9930518795522634
0.9531369349625504 0.9856704493864409 0.9937687986603049
0.953639849357159 0.9859800045763077 0.993661116894228
0.9532018679660368 0.9848118413287931 0.9932627179261138
0.9533488806951378 0.9860438455885989 0.9932666199184846
0.953040799970864 0.9861684781738648 0.9933595915529695
0.95329336919988 0.9846718371030562 0.9931493581025875
0.9533220848510153 0.9861209051119467 0.9931960523841509
0.9531276062777498 0.9863145377981801 0.9933730808602135
0.9531676086209326 0.9850102803869025 0.9930323925727126
0.9534329617449547 0.9857382422060431 0.9933650626798239
0.953209556236027 0.9847248456468719 0.9933275037513685
0.9534210643620412 0.985737834194316 0.9931015471967365
0.9529001692268085 0.9857364328006052 0.9933499886323695
0.9530039919233311 0.9850675386370504 0.993321069957737
0.9533030306195183 0.9857372880254791 0.9936107730162822
0.9531219117671738 0.9853688307605086 0.993529701157242
0.9535182938365518 0.9857870755020817 0.9933177549391623
0.9533537700199997 0.9862666068018597 0.9934496830812998
0.9528612032002443 0.9855032570800111 0.993092821352354
0.9532474113007641 0.9857696564213551 0.993326594640754
0.9535389366527747 0.9859676126702579 0.9935289807775194
0.9532766075346782 0.9859661946528472 0.9936861953739049
0.9531499240247229 0.985861630730267 0.9934106377767847
0.9530573924808474 0.9857920149071705 0.9939192819066016
0.9532974921473878 0.9862231948036553 0.9933377059824461
0.9532846378666802 0.9862091694403418 0.9934851139431545
