# full, direct, likely fidelities
0.8499748295280274 0.9357502232968077 0.9724213846251388
0.8533876855128106 0.9270909088209601 0.9731174095484191
0.8534998783271526 0.9319567286926853 0.9732928561092099
0.8518808711481017 0.9361873217456417 0.9749388701765387
0.8515745717545775 0.9332133367526447 0.9761080396905113
0.8543614343000775 0.9329816708399109 0.9724433843552466
0.8522232996418737 0.9387102293631744 0.9746841745435794
0.8520286414279169 0.9332912936459334 0.9744520581834492
0.8490766791471204 0.933936451432448 0.9768852639218787
0.8586484864823921 0.9286628167564238 0.9727570889142981
0.8524553125613535 0.9331201946700753 0.9734170322351132
0.8553337527437656 0.928959161054787 0.9711862318847462
0.8587178918603042 0.9279518354072178 0.9754138062252738
0.8553817323486106 0.930039027390298 0.9751882318510174
0.8544131994344626 0.9326174851652967 0.9733489769798549
0.8516143104097814 0.9297519452125573 0.9736914684385548
0.8505649940606115 0.9348111025941703 0.9753352857268291
0.8563995329373622 0.9258797078857955 0.9731262628600014
0.8552713462573636 0.9337704877295216 0.9732052736667421
0.8513592118212525 0.933377240277781 0.971749296102101
0.8553460502403895 0.9241812188624177 0.9724183958100246
0.8525581611480034 0.9327961591705445 0.9740404425722442
0.8585593923579097 0.9299594073854084 0.9724461260138464
0.8568649048837917 0.9289332165332146 0.9730317233068175
0.8523771446397477 0.9262831351694697 0.9732819153628449
0.8567720497122548 0.9337012500422353 0.973907754381175
0.8556708705050791 0.9316866639705612 0.9728348263543498
0.8503717550277321 0.9344589434828627 0.9741493727089143
0.8554707708239374 0.9356380647164716 0.97498955930909
0.8476962247520625 0.9339286094918829 0.9754306704693121
0.8514804478856217 0.9268532068770438 0.9713581664259403
0.8517904376802552 0.9349384524770838 0.9732894098297628
0.8509962324679751 0.9335785202431415 0.9745499917438775
0.8538894210871047 0.9338334226404102 0.9744027638486304
0.8555419286089092 0.9343464937821157 0.9712492026035681
0.8547138508038808 0.9293814487770071 0.9725174483708695
0.850950013621466 0.9303547728736816 0.975978894100043
0.8526984243618664 0.9332299727727703 0.9746659605594288
0.8517019915980734 0.9383414910762039 0.97491885096979
0.8546271946759898 0.9362412779523406 0.9739896263890181
0.8545692349676908 0.9261321419972061 0.9743152564942871
0.8528677932712202 0.9264384806601396 0.9691742751899322
0.8558142389679316 0.9316701321200512 0.9727870341292699
0.8556094082972542 0.9301616454150694 0.9722783408492975
0.8560672163460012 0.9267916669947136 0.9746774442729181
0.8499317328091253 0.9360859065126886 0.9726381890807175
0.8532374702299712 0.9348420193311469 0.9742803076170934
0.8537397567922315 0.9322504824974758 0.972714232247574
0.8548000439402392 0.9317541950219201 0.9719732932916957
0.8516992141973945 0.9354527547051232 0.9740747379420595
0.854664312247682 0.9323196343786292 0.9741692052411791
0.8505748687498383 0.9362438973008059 0.9725805381213086
0.8576648121039753 0.9309436412905404 0.972421126907264
0.8549644252361378 0.93499651751159 0.9742105486197151
0.8533233707988737 0.9305003831074612 0.9728325684083187
0.8539150781956788 0.9294448913126956 0.9758937444342587
0.8569492464639622 0.9264562152286439 0.9763392217614353
0.8533698556576412 0.9346376227332712 0.9751130833224007
0.8556014669746818 0.9305825804367077 0.9734099168591844
0.8518965755581202 0.9352842497143743 0.9747218457442324
0.8507497872456314 0.9369809413824353 0.9761994911684636
0.8555455634960403 0.9304054866989909 0.9726232409915793
0.8545530666931421 0.9297409820738192 0.9738537861993514
0.8544840818343744 0.9353354642541429 0.9745317244185148
0.8559846267633656 0.9322555749856789 0.9731251566670815
0.8530775240282895 0.9321972005736711 0.9722024886226068
0.8563154857092563 0.933237368569383 0.9728653247811533
0.8535779375043231 0.9376239922303882 0.9749354786808089
0.8526455747990248 0.9290378257518244 0.9736197808335773
0.855870401184688 0.9299759144850374 0.9724761035534992
0.8516256463386284 0.9286942462843176 0.9718436399777146
0.8573579720392048 0.9329867581604661 0.9736333642160333
0.8559381024082038 0.9347662656227024 0.9739527277261376
0.8507552022744552 0.9354809329023615 0.9744403915722273
0.8552151995691881 0.9302753872784012 0.9763782531894444
0.8523624815898917 0.930274467003762 0.9758968758713125
0.852661749064514 0.9324058149585402 0.9731895250911938
0.8512585317254718 0.9352205882943381 0.9739925461000778
0.853264799894698 0.9343570374776032 0.9745382304607266
0.8525915315274828 0.9342617648576467 0.9746284610117211
0.8594087560694696 0.9240678063666667 0.9743203975916287
0.8512845276969854 0.9350994460178372 0.972318197416924
0.8556847011380522 0.9342419833998552 0.975161160613671
0.8546328421904559 0.9348256084563142 0.9716814502485154
0.853177228800427 0.9351401791849827 0.9748065939313815
0.8508360804050104 0.9322878157372692 0.973282809339479
0.8529328273395708 0.9335852476299188 0.9719044409779382
0.8511561980488398 0.9302502109796883 0.9732874044471803
0.8569880433879873 0.9324989956495101 0.97318939320705
0.8529772088753709 0.9316298874535996 0.9731717446141865
0.8534358179742974 0.9237804767419961 0.9741635770357148
0.8517738295338156 0.9345369472408294 0.9759686203823777
0.8548814124578715 0.9289531006970427 0.9742380653746303
0.8538921393277761 0.9351640113859334 0.9733109917643992
0.8525339481053552 0.9304026236418769 0.9737764744001954
0.8557794754911385 0.9308672693972586 0.9743243635597858
0.8504325583045502 0.9358353909079329 0.9743680166992833
0.8597156563217095 0.9304863298405697 0.9733883088713143
0.8535407234286291 0.9317663874214115 0.9744832857140445
0.8494710995024111 0.9387535938053118 0.9740316276925635
