# full, direct, likely fidelities
0.9990610727850207 0.9990281747368017 0.9995668621319872
0.999059417981622 0.9990030359245976 0.9995640326795179
0.9990539023920448 0.9990463812585381 0.9995914612202363
0.9990597784022212 0.9989991141848379 0.9995927523809425
0.9990575595891387 0.9990725889330396 0.9995556596397955
0.9990527678223464 0.999031794136092 0.9995645412505666
0.9990622947893292 0.999057139075695 0.9995540986633246
0.9990651508071482 0.9990547728051029 0.9995733345231004
0.9990604016601263 0.9989744220716805 0.9995527647005494
0.9990614925083016 0.9990558638432534 0.9995715739209448
0.9990574919517186 0.999037302565249 0.9995820674982056
0.9990656930486095 0.9991040436376918 0.9996057967335243
0.9990568410736838 0.9989844173509078 0.9995677763460151
0.9990695192809698 0.9988779483926225 0.9995717815176927
0.9990652071961431 0.9990712520350952 0.9995563212662563
0.9990523882725351 0.9990448158597043 0.9995675273270226
0.999050603513884 0.998985083170394 0.9995936370537326
0.999066469869419 0.999081454449443 0.9995561292419756
0.9990568148112225 0.9990613195877283 0.9995596785332104
0.9990508955294392 0.9990403339434426 0.9995438832871129
0.9990642875069295 0.9989639395140306 0.9995503329372787
0.9990515389255146 0.9990683181033763 0.9995731834230233
0.9990551757972694 0.9990997619678145 0.9995967332450596
0.9990718448921311 0.9990951157924867 0.9995877754684115
0.999059171973942 0.9990658355405363 0.9995691174574858
0.9990588370678072 0.9990588865787047 0.9995730616302646
0.9990600120838296 0.999003722388525 0.9995422304840943
0.9990596348485793 0.9990935621487776 0.9995824252351774
0.9990597532907121 0.999026432140243 0.9995575746948603
0.9990609063604147 0.9990699472852013 0.9995885735371585
0.9990487059915033 0.9990375452926816 0.9995204827823682
0.9990708073371917 0.9991059099130506 0.9995606247404609
0.9990585888692995 0.9990745268182608 0.9995647636587257
0.9990660957981092 0.9990790275891851 0.9995803410792738
0.9990620233466984 0.9989686721228045 0.9995464976940305
0.999056022347596 0.9990628402271484 0.9995827909535849
0.9990537064759741 0.9989279539263864 0.9995652367797901
0.9990627081128054 0.9990441986204701 0.9995672497325009
0.9990625350144557 0.999040785560399 0.9995659106218394
0.9990577858610604 0.9990349251225883 0.9996172640851057
0.9990562591147736 0.9990518057217095 0.9995833108319048
0.999060749563138 0.9990650126753966 0.9995669636763548
0.9990644897941046 0.999085474640774 0.9995772173823432
0.999060568845434 0.9990149610961814 0.9995486163223188
0.9990767677839673 0.9990270471486578 0.9995576068250818
0.9990683148054019 0.9990167732033548 0.9995662580788942
0.9990579443730199 0.999083534489157 0.9996065663927802
0.9990590983310738 0.9990313686461954 0.9995445093951519
0.999060065113358 0.999112741555616 0.9995618433947645
0.9990604075848974 0.999076228971467 0.9995657869417907
0.9990573383830494 0.9990647215641063 0.9995474515897108
0.9990506925834117 0.9990264054688847 0.9995670667087512
0.9990698811214108 0.9990488130431757 0.9995766381373927
0.9990547941060519 0.9989805973129452 0.9995968939018962
0.9990690362487086 0.9990958711001647 0.9995808999696263
0.9990563828351982 0.9990791507075737 0.9995455939685769
0.999058224956353 0.9990589297430942 0.9995740535963785
0.9990555790489 0.9990567903023121 0.999596247459847
0.999061561282883 0.999074486613358 0.9995698935830823
0.999069923609009 0.9990819464812283 0.9995979096713503
0.9990595447942406 0.9990326147359855 0.9995638345702733
0.9990625974756464 0.9990160867286949 0.9995657335979462
0.9990636284143397 0.9990724275126809 0.9995731723229212
0.9990554027953018 0.9990428387257926 0.9995841598983162
0.9990661160486055 0.9990753034336796 0.9995581843849772
0.999056127522958 0.9989605396219269 0.9995823698002338
0.999053354752539 0.9990442376425008 0.999588776071292
0.9990585589200464 0.9989436433396145 0.9995626580901738
0.9990609161412146 0.9990511008146351 0.9995813028655501
0.999054197930022 0.9990781051490388 0.999587298884854
0.9990636246177392 0.9990012666127029 0.9995623344353566
0.9990556351245232 0.999040594763446 0.9995147517922782
0.9990627057171969 0.9990462450035937 0.999574905877253
0.9990584542447472 0.9990312698891437 0.9995352135297134
0.9990627680966712 0.9990168674430902 0.9995647237357997
0.99906752282411 0.9990931933723751 0.9995578143891053
0.9990492373676222 0.998963882865775 0.9995258268394268
0.9990636501823176 0.9990942450423305 0.9996167387933523
0.9990500912133532 0.9990065586481073 0.9995538646579681
0.9990609921075726 0.9990541601990063 0.9995379354046868
0.9990643226967961 0.9990475881729942 0.9995749185342243
0.9990600663372948 0.9990286113623221 0.9995555860035998
0.9990645604473517 0.9991095480567003 0.9995524765726983
0.9990630770556386 0.9990835969667324 0.999561652595586
0.9990657056462217 0.9990984685429429 0.9995657446659546
0.9990566568652819 0.9990127816969432 0.9995823461526604
0.9990495471422841 0.9989590490700803 0.9995344681781686
0.9990560295211561 0.9989805195105058 0.9995804526999129
0.9990625354183689 0.9990644782399306 0.9995441432679879
0.9990558228332256 0.9990163866063605 0.9995763324006254
0.9990546902119493 0.9991013239608412 0.9996145733911034
0.9990626868230854 0.9990312830048103 0.9995798054401772
0.9990663314676996 0.9990764392844944 0.9995703953918844
0.9990675745001275 0.9990976032142319 0.9995559383142212
0.9990635190004522 0.999033873909944 0.9995664424642042
0.999055666408237 0.9991099407662392 0.999571697679381
0.9990608078152089 0.9989705690236127 0.9995490914638805
0.9990613372467952 0.9991259556277652 0.9995948635151298
0.9990691137468745 0.9990895598400584 0.9995885566875793
0.9990571631640331 0.9989833956363644 0.9995730448157442
