# full, direct, likely fidelities
0.999948378690364 0.9903829519591112 0.9986219714648257
0.9999372792474818 0.9933932689830565 0.9969874878680889
0.9999412732992718 0.9906182020421322 0.9968767136781206
0.9999439229874504 0.9922028831509565 0.9975033795072089
0.9999380892504562 0.9908576577187279 0.99704980601813
0.9999332550065364 0.9898344080444262 0.9961301028814202
0.999930120990645 0.9903355538484464 0.9967497930246235
0.9999364823818121 0.9924268357080964 0.9966279104671789
0.9999396139850352 0.9952572479346282 0.9984945251071895
0.9999389114639496 0.9892050066854402 0.9960078937127372
0.9999304340912318 0.9930227827050295 0.9974606540258625
0.9999369811299212 0.9955139546007516 0.9979594696254444
0.9999319216064547 0.9927079678130001 0.9971330180871859
0.9999280756986393 0.9945241353577113 0.9965317836330719
0.9999384454569968 0.9924679919095615 0.9974244712167487
0.9999382228043217 0.9942036913354496 0.9975445286001803
0.9999327285514795 0.9946383449963045 0.9977922930581561
0.9999331729902499 0.9961227514264613 0.9970702923614048
0.9999357827743276 0.9897528293085309 0.9969883649196899
0.9999379659485708 0.9934027880841574 0.9978930114200153
0.9999453191226613 0.9937071217801868 0.9978194529351144
0.9999329828595417 0.9940333843459487 0.9970371208384653
0.9999353328585617 0.9922530284133217 0.9963838353696944
0.9999242330823948 0.9932154234239882 0.9977951438857121
0.9999387765889621 0.9889951791594118 0.9982742041880406
0.999942309909406 0.994645821350076 0.9971568972975936
0.999934118400022 0.9950864753804433 0.997063261464878
0.9999223240324773 0.992418781290174 0.997120124623981
0.9999331976496275 0.9890276749621622 0.9981793507317154
0.9999290747992815 0.9926052824340571 0.9978377894257681
0.9999344680462873 0.9921177772164294 0.9963216443152821
0.9999320066990639 0.9881767750804469 0.9981493058873809
0.9999372608806767 0.9920476763826438 0.9981820659623529
0.9999399520789162 0.9941050594510532 0.9948402548475884
0.999935887873696 0.9935540796135124 0.998547912413924
0.9999358364680461 0.9957216077404113 0.997853165386882
0.9999449705054262 0.993308060892414 0.9963348626663453
0.9999405543648441 0.9921801711336354 0.9952063050552391
0.9999283738275588 0.9959985501776352 0.9983907587105083
0.9999387645397113 0.9920594715206457 0.9975308109321567
0.9999446818047252 0.9922498023368939 0.996047674196342
0.9999368039262679 0.9864756246911632 0.9968597732834164
0.9999394813279563 0.9861971908876692 0.9975871136063883
0.9999287360009719 0.9945050148175916 0.9971973017056613
0.9999381977028822 0.9907863985230783 0.9949855014103143
0.9999326184601411 0.9931504372475878 0.997231735405315
0.9999396293767132 0.9909117507273845 0.9978472617398929
0.9999223888113807 0.9928824236731262 0.9980189974441853
0.9999393953530704 0.9944369659396376 0.9972713312729876
0.9999391755124599 0.9926111690174394 0.9974621551015448
0.9999315004254616 0.9927980182858392 0.9966740678415641
0.999935275079057 0.9917158144397659 0.9974122621245844
0.9999335653347727 0.9950291205833264 0.997795276868982
0.9999354401966335 0.9916900977598608 0.9968214952873394
0.9999428438800848 0.992818131099359 0.9962190027879199
0.9999326748480765 0.9936521366658695 0.9972046712884504
0.9999421895559318 0.9925140702482693 0.9985137640130775
0.99993295635766 0.9918451518906252 0.9972679707812487
0.9999310119136767 0.9925317734793434 0.9971786979818755
0.9999382087375464 0.9934339828739308 0.996641979582956
0.9999383582833157 0.9917848138599487 0.9961836738302778
0.9999384078435115 0.9935431611834556 0.9971492564248208
0.9999392626562511 0.9923113566826369 0.997066037475216
0.9999281473144525 0.992309883481432 0.997303859422988
0.9999317820081766 0.9943110581206119 0.9982045830225496
0.9999328221145515 0.9940676150188987 0.9980905314511784
0.9999511281277657 0.9955317092200432 0.9964126321442706
0.999933407578291 0.9936243798331076 0.9972797444933929
0.9999339660499318 0.9944465850196147 0.9960500957963794
0.9999368236784926 0.9913662472289202 0.9973972751357847
0.9999316568117057 0.9905253644516324 0.9973361606940396
0.9999415577376197 0.9940054115539065 0.9974273587499038
0.9999526857422318 0.9905845443086306 0.997837402352473
0.9999290624601247 0.9899055117237051 0.99720215552868
0.9999393574487301 0.9939301331559686 0.9967284509321638
0.999940964096143 0.9947225581886737 0.9970740770376952
0.9999376045678796 0.995857798174103 0.9966397730524724
0.9999520023224607 0.9897158374561498 0.9964299791330893
0.9999282684801049 0.992963951165716 0.9973910634965001
0.9999384410382929 0.9930635118243727 0.9972061326318344
0.9999393541371282 0.9926681775296124 0.9971907067428091
0.9999310835370472 0.9955815175186211 0.9976126208494388
0.9999400134937554 0.9925867351839769 0.9973407341682711
0.9999280004971393 0.9896574618789745 0.9978150331242851
0.9999384041740068 0.9830163630658145 0.9976248071745486
0.9999255676169401 0.992328367434617 0.9970991176815479
0.9999285509355609 0.9917791701467447 0.9985277730944705
0.9999353134014767 0.9908977401378591 0.9961868216803537
0.9999388493671747 0.9938583620785597 0.9977730284295229
0.9999485622449024 0.9942449870264572 0.997356163813081
0.9999361296029059 0.9914443721923261 0.9972076937926092
0.9999378196325565 0.9908807556008508 0.9961400815556418
0.9999405194292563 0.991381273037623 0.9973403323329387
0.9999461324765853 0.9917173450391851 0.9981349937574777
0.9999415549128836 0.9948587710310266 0.9970919602899595
0.9999304987779304 0.995384276496948 0.997585615157074
0.999933613942616 0.9936451798295154 0.9985931394447168
0.999935335113965 0.9947275400723679 0.998201725492561
0.9999341611379045 0.9951090136836288 0.997583332184904
0.9999388976989292 0.9926611733967488 0.9973923942580567
