# full, direct, likely fidelities
0.9942826830281891 0.9902487801416026 0.9960250967205874
0.9941289108038257 0.9895663931844475 0.9963276335920446
0.9941495461415689 0.9899995991363755 0.9961729028225573
0.9942868803092872 0.9896889469303033 0.9959924176048576
0.9943154946722106 0.9907053878577488 0.9961660172614683
0.9941553199061582 0.9893422979332264 0.9961523032957259
0.9942109547744731 0.9897893070839139 0.9960518388629406
0.9940840524226427 0.9880851879930554 0.9955745817962854
0.9942232456216864 0.9892956458442591 0.9962685373630686
0.9942334844887202 0.9893995279175941 0.9961742131086538
0.9940602085475536 0.9886897291753062 0.9962115085109609
0.9943093005196239 0.9898123001531477 0.9961137888446784
0.9941294716764241 0.9889684727951161 0.9959208809704225
0.9940871887822236 0.9887174647954071 0.9957522785245015
0.9942330060412488 0.9895885389305271 0.9963540885450354
0.9942290048917948 0.9893637790388015 0.9966688864338963
0.9940843785731589 0.9883105698962042 0.9964030034608587
0.9941407264467146 0.9892471293036398 0.9958906475791174
0.9941923923385521 0.9889617423282243 0.9965751606985079
0.9942397377498849 0.9894214272293804 0.9964573488746672
0.9943098395192688 0.9906542333015234 0.9958261951424733
0.9942314825043068 0.9892635083097884 0.995569970699935
0.9941706830459197 0.9888150189826089 0.9963902044365249
0.9942416419373676 0.9886788676725125 0.9961825130269805
0.994264126562455 0.9897502517778216 0.996448808047005
0.9941938135821482 0.9892684744664054 0.9961617821758451
0.9942875922249639 0.9902895226028138 0.9963671558564565
0.994227394398871 0.9904330542551543 0.9958715073355655
0.9943000856076053 0.9896911378383771 0.9958541849400655
0.9941810428485363 0.9883861261411131 0.996346951154893
0.9940430254760382 0.9885992123338749 0.9961655482768856
0.9941471459110622 0.9895580746049052 0.9962972182604789
0.9943329405102136 0.9894767939867313 0.9961728141629491
0.9941201479209031 0.9878243919723066 0.9957851770204726
0.9941391468033666 0.9888153329264978 0.9954878069675088
0.9942066221712549 0.9898278683634896 0.9959278947606022
0.9941960746614159 0.9892573233829584 0.9963046499082564
0.994049764822905 0.9889690814067159 0.9958564903105405
0.9941010737448478 0.9884217311141694 0.9963151119289285
0.9941652530329727 0.9899908199066392 0.9963023522030421
0.9940904148162971 0.98883760256709 0.9960482714075553
0.9942457473352382 0.9881513206684733 0.996514352887203
0.994207886999837 0.9886725926190774 0.9960217198099687
0.9942276514255961 0.9901401897300128 0.9968432305503847
0.9942722116674602 0.9906941674320435 0.9965213764277845
0.9943578947924553 0.9890339753060431 0.9963770216246293
0.9940488139442197 0.9879350118846889 0.9958922970930867
0.9941093911151061 0.9875356858867304 0.9959934839467445
0.9942587491122532 0.9886362208772972 0.9955830055692866
0.9942319339123233 0.9884031502861227 0.9962678556669725
0.9942464677551989 0.9894389705507949 0.9961989977812539
0.9943366569544304 0.9896620592878775 0.9967519700352937
0.99420769446326 0.9890723578521537 0.9963793515512128
0.9943050390861463 0.9905245850953643 0.9966193276783312
0.9941396764361339 0.9888393508175962 0.9968245645523836
0.994118447511065 0.9897470604010173 0.9960302671006839
0.994122650081424 0.9882679243365396 0.996632026856377
0.9941930626668941 0.9900383339391079 0.9965740296366717
0.9940360786523321 0.9891352600298409 0.9960600494749003
0.9941361656725816 0.9898256736803217 0.9960886088794518
0.9941101538365131 0.9867021933662992 0.9943657970832397
0.9941433274083287 0.986878493388735 0.9965465915689036
0.9941847410656772 0.9895852575232216 0.9960123822395894
0.9942007429991219 0.9884819609265716 0.9964850774511569
0.9940659629378242 0.9882412827917659 0.9960770020088314
0.9942326935404955 0.9903032378451126 0.9961155771513623
0.9941880539871212 0.9881543208670976 0.995649970281429
0.9941012761812408 0.9898913437808843 0.9960632071769635
0.9942730883820833 0.9888449436286975 0.9955630557049778
0.9941595808374059 0.987648037851954 0.996625421556098
0.9942606409649999 0.9899303447958209 0.9961005349006297
0.9942035786600394 0.9868481548404924 0.9960697207948369
0.994360546310725 0.9892487233095157 0.9960559369636791
0.9941838986471224 0.9904991384895189 0.996516225037236
0.9939908794470395 0.9906048278010536 0.9962029269961046
0.9943151756745092 0.9876140136703803 0.996497107342899
0.9941467885499838 0.9897853520977481 0.9957524931724105
0.9943411173312693 0.9902261255817774 0.9963517461968235
0.9942206864816849 0.9905027365850847 0.9963313387791767
0.9941562977781315 0.9901245337286758 0.9966407325376485
0.994208942475139 0.9893027528959856 0.9964218034381132
0.9941276125346452 0.9888152072093913 0.9953223377674236
0.9940205403797929 0.9884301657123146 0.9955502503267742
0.9942041210936983 0.9880674451053993 0.9966515864120707
0.9941013733207742 0.987541112331398 0.9953319001739044
0.9942574654524526 0.9887461083770269 0.9963175538117032
0.9942389397897535 0.9898268546181517 0.9961634166592809
0.9941561100356062 0.9898913539698901 0.9956719124518794
0.9942450505016158 0.989404066368995 0.9965614906148156
0.9941373869448143 0.987938437002251 0.9964031546636981
0.9941459307829673 0.9877059523284573 0.9957630398608738
0.994229161880617 0.988008028437893 0.9961665536977886
0.9940803000090827 0.9866008006208845 0.9963965163966252
0.9943552444311382 0.9893930614520777 0.9962959374283887
0.9942441444332898 0.9893462399388686 0.9965202543212459
0.9943023548262742 0.9897289271863333 0.996246763878886
0.9942351711918684 0.9890253860970031 0.995479346444478
0.9941709786293985 0.9881053328255412 0.9957380327142495
0.994292818280615 0.9888797134521855 0.9955080549859509
0.9941655198416018 0.9887020670705908 0.9964957684338024
