# full, direct, likely fidelities
0.9959093989954111 0.9965762597782551 0.99843299543867
0.9960153406275456 0.9968231536455878 0.9987859848996714
0.99600046197297 0.9967792436124007 0.9988091861675639
0.9959883247854938 0.9966611532085765 0.9987587823033249
0.9959232428660744 0.9963736105618475 0.9986285009540236
0.9959702801658773 0.9966853697334609 0.9987026125616938
0.99598887976937 0.9968075780741547 0.9987851046484163
0.995963521033436 0.9965356885918795 0.9988140047093861
0.9959546752862515 0.9958243136593553 0.998786893841909
0.9959743034701666 0.9966820969735012 0.9988567920684264
0.9959967940930442 0.9968879457303814 0.9987349053277197
0.9959563695024682 0.9961150594238454 0.9987036623012969
0.9959493060684469 0.9968551708585811 0.9986954508995253
0.9959746826125556 0.9969399887935868 0.9987800154729745
0.9959860597027798 0.9964896605984699 0.9987740794816758
0.9959617293422504 0.9970198398647839 0.9989317836747665
0.9960064381222922 0.9965835634337598 0.9987427076845381
0.996041612886961 0.9970393995662947 0.9987382362670725
0.9959089189894472 0.9963443490020105 0.9986705465727448
0.9959451178415271 0.9965575050434187 0.9988092602148089
0.996047860318763 0.9968899207995968 0.9988397365046219
0.995957481876033 0.9965491351384212 0.9987540566946704
0.9959342550821166 0.9963438725283116 0.9987424105377485
0.9959803474464128 0.9969230874534786 0.9987110840046232
0.9960190778056806 0.9963588839584226 0.9987726483388835
0.9959900165269543 0.9967639109620425 0.9987424990600564
0.9959501569496103 0.9965181992785617 0.9985734952871407
0.9959888806882475 0.996771446750145 0.9987698605177479
0.9959652368354087 0.996794923743725 0.9987734238304641
0.9959533948720714 0.9969586972244404 0.9987848525099075
0.9958914862375906 0.9959432254778289 0.998775857326979
0.9959476736461033 0.9967022063107125 0.9988281731212464
0.9958935026088895 0.9963555815068207 0.9986956858236363
0.9959519299713504 0.9963728026784998 0.9987364070260664
0.9960281769523588 0.9967810244029768 0.9987104964000536
0.9959753352089528 0.9963650834948308 0.9987362556561962
0.9959025002042661 0.9963363592138171 0.9987437989499081
0.9959904549805981 0.9965800235882284 0.9987584900610852
0.9959248646748214 0.9967314634855481 0.9987420021326877
0.9959281943975348 0.9964097098831479 0.9988108867748661
0.996012985100981 0.9965581550510524 0.9988396346894743
0.995959544218548 0.9966657210713429 0.9987975178834462
0.9959873873442957 0.9965865306473534 0.99876477117161
0.9959689859753663 0.9969352474646022 0.9986314401236421
0.9959470835092242 0.996474711510796 0.9986976078949238
0.9959876060621076 0.9967385223257514 0.9988844269769668
0.9959486334918647 0.9965507302484536 0.9987770886877113
0.9959533572367292 0.9962979310748264 0.9987240745129912
0.9959198007634475 0.9964700042471315 0.9988828096565633
0.9959172685245927 0.9963905919690668 0.998682220078942
0.9959821248729884 0.9968280838399906 0.9988011919017458
0.9960158675264453 0.9966208873302935 0.9987865423712703
0.9959866412550105 0.9964741640360774 0.9988115959699617
0.9959219093263422 0.9965381468161116 0.9988651281603702
0.9959142476709084 0.9967754199119016 0.9988425210517556
0.9959201257668233 0.9964742556685432 0.9987537715821738
0.9958607116854128 0.9961118093039913 0.9987340922005502
0.9958873331466058 0.9962925874623519 0.9987371592770099
0.9959462972246856 0.9968550796338834 0.9986810186860863
0.9958414932034174 0.996603998802723 0.9987781418183299
0.9959354924399922 0.9968913857934921 0.998715912505887
0.9958542494690621 0.9963736850610019 0.9986822972276654
0.9959436121749519 0.996475870489459 0.9987057225162169
0.9959085301045943 0.9964448161960224 0.9988720685950749
0.9960228793518947 0.9969959261384889 0.9989559660419622
0.9959800899183139 0.9970779622111149 0.9987184224834309
0.9959445229525197 0.9965058403156439 0.9987112007552155
0.995923214869101 0.9966258632046548 0.9988222408032195
0.9959559256419548 0.9968708962905869 0.9988268033353874
0.9959568863677053 0.9967510763256274 0.9987406773664187
0.9959057662923019 0.996296586404971 0.9987575449244197
0.995943411159043 0.9965762951830255 0.9989349431249955
0.995950991446067 0.9960858670350954 0.9989193526317767
0.9958862386803674 0.9967405019383012 0.9988295473725028
0.9958929394589122 0.9968918900893864 0.9989872033512319
0.9959787140478509 0.996496070586409 0.9988363990366587
0.9959400193051957 0.9966677829923073 0.998827065895435
0.9959011747620848 0.9963524094801189 0.9986206555067848
0.995909052616957 0.9964911773620594 0.9988290201816662
0.9959865752179322 0.9967885272382652 0.9987759815442111
0.9959954823580717 0.9964894483427925 0.9988353432727216
0.9958681368709233 0.9965241806018817 0.9986812598327749
0.9959201881710057 0.9959417783697934 0.9984604037528857
0.9959338268755339 0.9967120823104768 0.9987631136553755
0.995879864330547 0.9961808846072303 0.9988024275824925
0.9959712249201285 0.996881723073731 0.9987015463142471
0.9959625547763818 0.9965912701969771 0.9987620836578138
0.9958091475689994 0.9959918306735591 0.9987555351477305
0.9959692638664487 0.9968065229612442 0.9987313561360773
0.995950506375937 0.9965147503710565 0.998634506162505
0.9960089484041837 0.9966047071856116 0.9987432666132732
0.9960072510931611 0.9965553883644351 0.99885265889873
0.9959884886534243 0.9969579287473042 0.9988318725561293
0.9959621001354546 0.9965817377005544 0.998705861466893
0.9959258871192568 0.99640334142925 0.998751170372999
0.995926633264649 0.9963631968433736 0.99880358118201
0.9960080109567966 0.9965542211894206 0.9988869690328551
0.9960124747610052 0.9958278385525801 0.998675887903663
0.9959747565484304 0.9968472582597517 0.9988139272059892
0.9959273301381949 0.9965473908112832 0.9985422783740516
