# full, direct, likely fidelities
0.5157562912134919 0.717868768767723 0.8630825318803038
0.5287826636673947 0.719471883397216 0.8621676893402214
0.5259083458212312 0.7259590280605523 0.8669086497330751
0.5349480371169867 0.7146920550119239 0.8649035729203839
0.532105704615056 0.7159014352602666 0.8632269564948364
0.5379386432117998 0.7224685904609003 0.8667767649292232
0.5407261083764937 0.7285639250815092 0.8593274541516346
0.5235695792707106 0.7301789984936319 0.8653772326095918
0.5310940930012815 0.7303295583498175 0.868338886099498
0.5256704934912582 0.7315869712471262 0.8656305370839277
0.539119614408289 0.7256698468286845 0.8682238236592147
0.5294476961225346 0.7232351907632744 0.8642142682104418
0.5270850802159309 0.7241789639428605 0.8606122184881246
0.5505886559754214 0.7325894423356429 0.8619361760398021
0.517991028367696 0.7254553202422369 0.8628754006074743
0.5320550479689594 0.7230184457523628 0.8563462933176145
0.5387938040248986 0.7259527982457344 0.8607453429402383
0.5203197626547034 0.7269326344616895 0.8654152043635366
0.5418780323452701 0.7210806168273364 0.8572612186132901
0.5271341662747042 0.7262053962529093 0.8655736745373798
0.5349631944449987 0.7223452515132731 0.8639356902642944
0.5246174860762807 0.7202497708790159 0.8590659201657602
0.5235322280655074 0.7296519199084578 0.8675440556781805
0.513466592096908 0.7207285528761944 0.8617481603259939
0.521365848916044 0.7268265107677043 0.8619494095037318
0.5151924442405892 0.7337962409566471 0.8705155946969716
0.5338570917580481 0.7189893179981593 0.8598299259183446
0.5141974757414574 0.7253053727152455 0.8624456855129861
0.5451050532056134 0.7172732763435667 0.8669927463318418
0.532240187924158 0.7218925326324762 0.8598393589752064
0.5386777577876468 0.7236425246669234 0.8596569545909529
0.5174237148657829 0.7314943918419212 0.8618277253357963
0.5242864688146214 0.7313195271014444 0.8700518822458536
0.516504443975747 0.7227709996930898 0.8604339342859486
0.5317840976211881 0.7329922271216694 0.8689864497585209
0.5348401537698079 0.7312672448939339 0.865885434193754
0.532432881794403 0.7203007106998915 0.8673464967109948
0.5185970946228236 0.7246298112340664 0.8592349854155045
0.5212331684203702 0.7277574596552354 0.8653131954405288
0.5319470919798366 0.7259028582458066 0.8587453255814717
0.519951559775342 0.7336038324541505 0.868169705507133
0.5374077446091867 0.7159116281298077 0.8540411615544411
0.5292261137774651 0.7351115284365836 0.8669848812524632
0.5377355337126303 0.7235855526680985 0.8571594339932163
0.5354260749909736 0.7146825138523977 0.860922007048124
0.5278149493583081 0.7358342342953621 0.8659623959967481
0.5228367168318345 0.7305921719072023 0.8617967263866508
0.5287325012189069 0.7269052256145112 0.8584336473752672
0.5189683021175736 0.7270914712801846 0.8666683610509067
0.5196406469599294 0.7255057851177696 0.8670311693526247
0.5315070381708574 0.7260813752311387 0.8627766820996752
0.5301677632758447 0.7204348861867873 0.8595135472693606
0.5240844499482767 0.7152608348207978 0.858389025515406
0.5335924963126313 0.7105483646101712 0.853643048865127
0.5288146111139292 0.7242276569731845 0.8637479054301522
0.5185185499413514 0.7378948241459241 0.869729150081439
0.5327878452580854 0.7169076028635968 0.8558106716669155
0.530437887974323 0.7281520887558763 0.8640758509452595
0.5178527530943979 0.7282769202148929 0.8681243046289235
0.5235008632752116 0.718591539890053 0.8597409176141932
0.5294509472853811 0.7209782825500386 0.8607561855739784
0.533237849148066 0.7229067930586126 0.8577670686502972
0.5278053096940667 0.7272332247580308 0.8600201784928978
0.5413023073931408 0.715301600831509 0.8622495217995271
0.5242002629113968 0.7202081876729405 0.8644534011241128
0.5485408691468936 0.7237078039817121 0.865342306111523
0.5229326780498395 0.7247817011451078 0.8666938134394683
0.5415822658037104 0.7188191711573816 0.8571919156929537
0.5147545242998973 0.7322795130139447 0.8711352442908576
0.5249106603198914 0.731811051801171 0.86514100247071
0.5223029196672502 0.7245075069388368 0.8602043384699792
0.5220190428089264 0.73036869726878 0.8606374233135934
0.5354941030370851 0.7169101984694282 0.8517081431210962
0.5289173592554032 0.7110822568761074 0.8619146169774777
0.5373772933908475 0.7227899924923691 0.8589411758314958
0.5187382339952249 0.7283394267799257 0.8619655373088835
0.5334846389544486 0.7240456277913534 0.8657001661445258
0.5194024990140503 0.727238681870069 0.864712014328822
0.5261408579039394 0.724927137029185 0.862562708982173
0.5217263926151607 0.724097563795398 0.860824377175135
0.519536847187306 0.72523873982809 0.8600394595749438
0.544850279973018 0.7170046771221865 0.8598408640934264
0.5211631117222755 0.7312319033446846 0.871935219347668
0.5203340506041214 0.7295081061759423 0.8618850397505918
0.5290216730580989 0.7193448615538688 0.866824710955592
0.5290197873536178 0.7239343889344318 0.8678401702677707
0.5241784517017867 0.7273517850901826 0.8586351245614444
0.5325681449736339 0.7267484399453153 0.867563019215903
0.5143190811989486 0.7229219307060762 0.8627959488676081
0.534353975228814 0.7339200023500452 0.8662710556569927
0.5252216659444898 0.7199219564994432 0.8601246898807954
0.546214413651256 0.7252366306020874 0.8618598379695708
0.52097231124022 0.7297583349264335 0.8661461493991931
0.5162149138697795 0.7145509898833091 0.860583815660194
0.5236603747053692 0.7318727386843995 0.8735941402575206
0.5250749360492329 0.7279211117637197 0.8598521472864922
0.5362723325780139 0.7193755724916506 0.8603589060277145
0.5141510378482378 0.7334110718009229 0.8681277862670134
0.5157772872968001 0.7256876590274838 0.8627998648682226
0.5398504705428865 0.7176103530428074 0.8672240733682967
