# full, direct, likely fidelities
0.9747315544709287 0.986069184858839 0.9945172544716927
0.9746659338587319 0.985496515200985 0.9944530576982291
0.9746969160733474 0.985665707874931 0.9945867028895476
0.9744870285271272 0.9857781432634176 0.994789127755614
0.9748096044743023 0.984852100438467 0.9944299208700772
0.9745913745254182 0.9855356686299691 0.9945530060293675
0.9749773631354768 0.9856929325260276 0.994747312868225
0.9746113357255838 0.9855176864314551 0.994692573442182
0.9747266849196279 0.9862008187151163 0.9947091155982061
0.9745898787045392 0.9844817369646035 0.9941428958899499
0.9745499546542831 0.9844959317221953 0.9942492389885291
0.9745335797175639 0.9837358039078773 0.9937895799971168
0.9745334136590357 0.9838623359087696 0.9947434918030958
0.9744385108419131 0.985104873569721 0.993666234977981
0.9745669659695174 0.9850348850392642 0.9949068668749204
0.97468420723745 0.9844690086027068 0.9943477253088571
0.9744318113014989 0.9862591425133268 0.9945158414904005
0.97443103242049 0.9843892398735776 0.9946758223520812
0.9745126098711335 0.9851013472273006 0.9948349810936735
0.9748811778458151 0.984994462747175 0.9947079713686934
0.9745212471885106 0.9844231026512398 0.9940513075880754
0.9745059683433623 0.9852285947243314 0.9946191776364153
0.9746168152454199 0.9847465938647927 0.9943060027135282
0.9745080528674641 0.983214385752467 0.9939411240869392
0.9746061105947473 0.9844020599719306 0.994732103562947
0.9743853836162578 0.9852109691037898 0.9943166623721583
0.9746847127137983 0.9852077648313966 0.9946371598941824
0.9746616569945759 0.985769884368971 0.9944851700257085
0.9745295448459951 0.9849162223516853 0.9946024402973697
0.9749907027643556 0.9864542351334908 0.994452491909679
0.9746427306556019 0.9858548423984583 0.9942474587591577
0.9744995947778543 0.9846366303370806 0.9944024362810201
0.9745709721949287 0.9860758876696878 0.9944553931700478
0.9745707698324192 0.9856719812312329 0.9946226695717392
0.9745604963735696 0.984411466790733 0.9946821855761725
0.9745666476860726 0.9860381701072846 0.9949914016988064
0.974575318703206 0.9854490403483367 0.9948681923432527
0.9748829624383641 0.9865380598783704 0.9943640578691866
0.9746017788552237 0.9863211755599199 0.9947198702778431
0.9746063938880365 0.9850347714767496 0.994670180157368
0.9744853027359451 0.9847435968236703 0.9940846167359568
0.97458940909221 0.9848364599867 0.9936145589623013
0.9744800015645787 0.9839843687323732 0.994183893379377
0.974409448221484 0.9812947717940443 0.9948783884271557
0.9745695895031905 0.9844140306310579 0.9942063691399232
0.974930999957663 0.9864687260000152 0.9944707870634197
0.9745917016890628 0.9851858845969922 0.9944805044541615
0.9744209339726954 0.9851774779649914 0.9945029884011588
0.9744476912970321 0.9855032290433146 0.9945349170480715
0.9746517464831131 0.9853726091907399 0.9942482541601431
0.9746913146002848 0.9850697069374982 0.9942863583002992
0.974724892691225 0.9853710706677364 0.9948052734487647
0.9742566541994508 0.9854848652324499 0.9947698081678352
0.9745131148195841 0.98504440587421 0.9948685268767004
0.9745697133363551 0.9855472604737745 0.9947142415773108
0.9743957483795711 0.9854600684452877 0.9946457933978313
0.9744589460358216 0.9847333512464619 0.9942685103879808
0.9746195690871939 0.9858218499313646 0.9943163760568127
0.9744120951035481 0.9846472248701479 0.9940250503343704
0.9746861770186409 0.9857976832271769 0.9946590602441422
0.9745180653670392 0.9857748937360932 0.9946150345833835
0.9742698088049885 0.9846216559203299 0.9945338405133333
0.9744151648595539 0.9855017374517034 0.9946110077474701
0.9745978027904251 0.9848442659749883 0.9939077066050178
0.9744933971983888 0.9852250105980515 0.9940795775300664
0.9746065644409643 0.9847873201179291 0.9943020740381057
0.974512394754237 0.9854171105212429 0.9944287211226441
0.9746779762361788 0.9857042727660185 0.9945807150570978
0.974634057665035 0.983785704566237 0.9939887343798383
0.9744645704299639 0.9844055813068954 0.994605504213843
0.9746695543713646 0.9855194221278198 0.9939995444137364
0.9744029795706964 0.9833185348974205 0.9946171938222611
0.9745503368412144 0.9850692599102684 0.9942774489064214
0.9746073477396812 0.9855508013713467 0.994973771093859
0.9747124236843839 0.985503393070277 0.9942960646053988
0.974534417307836 0.9836774045806318 0.9941028080928964
0.9747156601101937 0.9845909101979248 0.9949267001786795
0.9748722414499036 0.9864912420170403 0.9948931432028303
0.9747294748991567 0.985661161960677 0.9944203440527618
0.9743849008781702 0.9856206405955121 0.9943358755952956
0.974482625094483 0.9836768908386025 0.9946990424543852
0.9746610147354415 0.984976838053288 0.9943309351865771
0.9744228083264724 0.9845447977901096 0.994339167069582
0.974269027381078 0.9840633337617627 0.9943092763196367
0.9746668093058779 0.9856266395562159 0.9939408141216544
0.9746813387603274 0.9858889260166845 0.99441773589698
0.9744563500090828 0.9858304493324147 0.9944320807870206
0.9747581859814347 0.9852595354564848 0.9946387188493105
0.9747198676151193 0.985240817859297 0.9946478395417018
0.9745362303721358 0.9848775105975139 0.994401722344005
0.974607336513967 0.9836386156262926 0.9941224663039768
0.9745942229449913 0.9845910877602627 0.9943166426304366
0.974682654176048 0.9852460955157951 0.994294122196703
0.974651119718363 0.9843396085963856 0.9933905747761517
0.9747773047873438 0.9858666010023971 0.9944578193667766
0.9744291016356377 0.9841680303124181 0.9942483151494311
0.9746351662979501 0.9861726471341367 0.9944486374227107
0.9744276493688134 0.9840901904393989 0.9942577409729648
0.9746000392875742 0.9857431443699721 0.995045530365042
0.9746669246303233 0.9866765969131464 0.994455411929401
