# full, direct, likely fidelities
0.9982947907367707 0.9964484178575658 0.9985370805345423
0.9982648647339865 0.9957699920409596 0.9984598220792276
0.9982665337617921 0.9962696462619839 0.9984014584277543
0.9983088150990233 0.9964807717014801 0.9985621693411963
0.9982960888497233 0.9964908040102691 0.9984599165378858
0.9982517067214565 0.9961861704828493 0.9984592237776226
0.9982772126710453 0.9961852965782569 0.9986471422403083
0.9982488132033304 0.9952898359828072 0.9982859571043274
0.9982770781256597 0.9961094683287363 0.9986894474615854
0.9982676714071805 0.9956437791968974 0.998551122758051
0.9982467218046022 0.996210229394749 0.9986393108917884
0.9983036512113586 0.9964867185588263 0.9985650829469788
0.9982450038981882 0.9964886393420396 0.998652516245666
0.9982745816874321 0.9960916573138795 0.9984848603918951
0.9982667664043672 0.9965694298718768 0.9986829210124629
0.9982973503402043 0.9960259667919937 0.9985868667659156
0.9982384090879131 0.9960532147664122 0.9984814305636316
0.9982684330423212 0.9960404336695247 0.998461407504328
0.9982729559729977 0.9964035232349931 0.9983547149166065
0.9982786506230492 0.9961941763415016 0.9986056331619028
0.9982909668400497 0.9963712662782728 0.9987132913883283
0.9982562577462201 0.9963575933510413 0.9984644006453621
0.9982849292818534 0.9957515179693316 0.9985183859452862
0.998285425434561 0.9963879928764577 0.9986242864155571
0.9982726366667809 0.9961912593298727 0.9986481547887062
0.9982664876758579 0.9959880006414481 0.9984393499056133
0.9982923677809427 0.9964374962761552 0.9987226885153742
0.9983055829430718 0.9958615677404841 0.9985249950852843
0.9982933775644917 0.9965927347504245 0.9987512688178922
0.9982639376037766 0.9958779848504915 0.998661605049857
0.9982486657374522 0.9959413092015 0.9984424578815221
0.9982676794213275 0.9961059101494569 0.9985356284943706
0.9982687327276573 0.9960884809075135 0.9987339894113227
0.9982714304357496 0.9958038910191691 0.9983126111398049
0.998256412566496 0.9955253906384248 0.9985575574354741
0.998256423209407 0.9964370683621773 0.9983870203121759
0.9982686868873352 0.9956289098552488 0.9984776951586186
0.9982561143404224 0.9961916482974544 0.9987035216171928
0.9982660417354969 0.9953995771684462 0.9985791320351949
0.9982748327415197 0.9962180028474726 0.9987546334716713
0.9982757600569167 0.9960380756232871 0.9984196500298569
0.9982934165560632 0.9963593975692894 0.9987738418106601
0.9982777569236947 0.9961045801945945 0.9987657503943956
0.9982556016958412 0.9961429530287581 0.9986849109384035
0.9982678558893577 0.9961501613243139 0.9984239727134355
0.998301407843656 0.9962504488950235 0.9985303948521669
0.9982037811435933 0.9954105144541169 0.9986129059295085
0.9982583922637197 0.9960097139143845 0.998467325232552
0.9982958823553043 0.9961110817345212 0.9985035252072962
0.9982889460552782 0.9963994876998522 0.9986638193454623
0.9982833659387329 0.9959874884511818 0.9985621495353094
0.9982787534196917 0.9963181547539985 0.9985894262527499
0.9982792539025833 0.9966117277845907 0.9987115044322175
0.998295840114166 0.9963990737543699 0.9987790802147952
0.9982548612858865 0.996626706859563 0.99849534259923
0.9982755663114505 0.9955978815853233 0.9986180703284234
0.9982583834665868 0.9954782838478041 0.9986482464692258
0.9982565564981369 0.9963892392928442 0.9985734108357447
0.9982563909165526 0.9960125934527173 0.9983557324297827
0.9982595057653489 0.9964375702527251 0.9987503838209779
0.9982515348830802 0.995425849098179 0.998112212209574
0.9982656255751876 0.9956153581146914 0.9986513092708429
0.998290144156009 0.996174543497453 0.9986216271102466
0.9982731271867379 0.9956907114803266 0.9983515035842896
0.998237099329053 0.9958696402192175 0.9986012096640952
0.9982898985215889 0.9967161441492658 0.998643465701323
0.9982790149244485 0.9962030953530596 0.9985670224925659
0.9982207052799552 0.9960737028721451 0.9985235858128474
0.9982734418404576 0.9960363069985837 0.9985234534883063
0.9982517419279381 0.9959007078765044 0.9986547441731943
0.9982878788022025 0.9962337687112371 0.9985794596822024
0.9982450429626769 0.9959148460852396 0.9986719328972871
0.9983042746265367 0.9964639260780986 0.9985112253795396
0.9982693068733747 0.995975794198032 0.9985407002415533
0.9982535446205623 0.9960330120584219 0.9984712266923496
0.9983013609554479 0.9963143657994086 0.9987355271475534
0.9982629760722663 0.9961047343431304 0.9986263979852315
0.9983034231551092 0.996308208680371 0.9984639110460451
0.9982849069029092 0.9963146603539974 0.9986128525101681
0.9983025082088802 0.9966282490425726 0.9986068114624203
0.9982729682514346 0.9960768260381386 0.9984537753294198
0.9982439554047808 0.9960129123061587 0.9985768232788337
0.9982488796036822 0.9956769772033338 0.9984576991735878
0.998274003390869 0.9958764624404179 0.9987762849416469
0.9982380828790632 0.9947229110538108 0.9981868263409416
0.9982784483980152 0.9964009047604132 0.998555187623257
0.9982698968089931 0.996339321305245 0.9985998712519581
0.9982849784269878 0.9958019039448922 0.998420060309704
0.9982710076604366 0.9960989023733446 0.998719865299203
0.9982494648579157 0.9957832348987773 0.9985158843160016
0.998281165538819 0.9961556494463105 0.9981935271569247
0.998276302454493 0.9951392305975012 0.9984046277153429
0.9982574596732732 0.9959210147805917 0.9986721530185644
0.9982871318297685 0.9962784001059306 0.9985373448841163
0.9982825073470576 0.9962283920028171 0.9984953104783897
0.9982900793699524 0.9958538832078981 0.9986880952423728
0.9982682636749727 0.9963895260628837 0.9986848898590451
0.9982806748387899 0.9952000950959798 0.9983207122107579
0.9982972369498512 0.9960061470971197 0.9985037555749892
0.9982571198978505 0.9960074361472453 0.9986124950831106
