# full, direct, likely fidelities
0.7252656581546835 0.9488710111491142 0.9813518714111671
0.7360890182921517 0.9522462732974982 0.9810638473739806
0.7507597766279759 0.9438358295428584 0.9814210699198198
0.7402269775784805 0.9431070617358616 0.9778727551980643
0.7446745800545418 0.9408728207485602 0.9782354662366389
0.7436455379482834 0.9417896182161751 0.9801625626279076
0.7347882246768133 0.944573288525844 0.9792644716730871
0.7434470077483342 0.9434651550462656 0.9790862013092287
0.7329393129132 0.9426004789198509 0.9796708646826826
0.7351636679283242 0.9479263048981853 0.9815903643107063
0.7279669177290146 0.9442816059306629 0.9794603874487057
0.7283287728971232 0.9463719912722965 0.9796832114428518
0.7335538190159068 0.943201837079206 0.9816590795106132
0.7340676281595224 0.9452592458438758 0.9796529437245802
0.7326610033934028 0.948442156472531 0.9797037404375329
0.7355771871817529 0.9424024013664349 0.98141680859513
0.7337743988694554 0.9465149275569512 0.9780261365138827
0.7289346627052778 0.9476843916462495 0.9798919728364818
0.7389413209356551 0.9437785736770201 0.9798187183581364
0.735769684592881 0.951244741557221 0.9794366032812651
0.734138071101708 0.9450836083096079 0.9803481779049908
0.7390641955913699 0.9393024122627901 0.9791627997851291
0.7382523342446594 0.9441529773669443 0.9818138450274708
0.7246977669322756 0.9463229882873168 0.9811611360826303
0.7396074782616875 0.9421151959682064 0.9794639468510268
0.7368779442280888 0.9454841122177783 0.980877936659942
0.7161348297286135 0.9454493269315274 0.9801389295738858
0.7227934706236188 0.9516016033780393 0.981925451727579
0.7374981321814047 0.9445025890626241 0.9793664081058079
0.7477561292740517 0.9438600183612276 0.9804736107409923
0.7670067856439288 0.9379949377423378 0.9798176697437236
0.736373424309821 0.9443913552329583 0.9792040463306383
0.7281278265820198 0.9493952837726356 0.9800872311908592
0.7282681865193809 0.9459387900642653 0.9821183285632387
0.7388356085136389 0.9447476025386146 0.9802421736506517
0.7299631844093757 0.9436616184514103 0.979568433655557
0.7235326040891301 0.9437456184541214 0.9791951457739098
0.739535545191771 0.9451795485957276 0.977728140155151
0.7283138739312202 0.9456801688085816 0.9822427799521689
0.7268456507572538 0.9522109877996546 0.9814302011275341
0.7379773894449921 0.9455530687338521 0.9803479646219481
0.7357983061852146 0.9479754773462962 0.9803483052028467
0.7184669566569023 0.9472935130213818 0.9794796103365256
0.7371084699052044 0.9453217007196806 0.9811277372230165
0.7247498030138805 0.9449334640755918 0.9819731494988333
0.7368879269282194 0.948141772483782 0.9788412727869698
0.7378781089956916 0.9425477066671019 0.9805147057155241
0.7219671203613468 0.9467908219388981 0.9811741838586707
0.7216858120638019 0.9502246047562092 0.980701201104362
0.7413526973995592 0.9436962152740941 0.9799976487488748
0.7373834722271928 0.943084263248415 0.9789611492263417
0.7311674674842965 0.9446608368590879 0.9815365721525755
0.7360593434708597 0.9453229845573464 0.9781441268976262
0.7347105681824464 0.9449866002015925 0.981745178837865
0.7418101513724195 0.9390298974228299 0.9817817675585624
0.7416348364108943 0.9469837157921246 0.979333489011156
0.7301643301491398 0.9437093161739648 0.9816561904267187
0.7268176664678921 0.9463993207950139 0.9815846798851303
0.7360700945102696 0.9464856294543917 0.97930362937333
0.7458102749145425 0.9379989978735236 0.9772583671663052
0.7278523493077492 0.9476069588941473 0.9812916658972078
0.7299887812695911 0.947450605257731 0.980192338851147
0.7367477551744405 0.944058219334217 0.9816376057445747
0.7342852348270522 0.9458110467961416 0.9796892517572973
0.7333735766436847 0.9453458129202141 0.9811054818361937
0.7425396822797202 0.9389672008426252 0.9788050079197776
0.7267123428896264 0.944724777114678 0.9807497355739899
0.7368801326825078 0.9455131160186125 0.979272310137171
0.7315832392794848 0.9441093389640405 0.9805164994367372
0.7329549837092253 0.9460441290919196 0.9801837704567454
0.7371198410818445 0.9424907686668574 0.979310866934626
0.744509397750912 0.9479067909410955 0.9797236041008708
0.7451282089531289 0.9403302422807838 0.9785813712569935
0.7380100500710688 0.9478147549969317 0.9783884033497612
0.7232822606388221 0.9471833779501062 0.9808839398034978
0.7267008786439055 0.9452827731906635 0.9817542191207695
0.7509759001698612 0.9384510513315789 0.9808418323255031
0.7276799295956926 0.9445205829372395 0.981605922831793
0.7340565899327254 0.9425637375762667 0.9810568979547979
0.7403499085037504 0.9413598596684893 0.9786254218867145
0.7419090987833039 0.9433103710533025 0.9801347311183616
0.7308972878624668 0.9433798298605813 0.9788949211933837
0.730994286713739 0.9410936209662694 0.9788715007550324
0.7284991701983727 0.9473449203180979 0.9815853253290852
0.7316404657144099 0.9466114196106953 0.978987130262795
0.7306672939899275 0.9426060254283971 0.9791206162525231
0.725681281247427 0.9438661037612521 0.9811958479637545
0.7410978483381466 0.9465130142767316 0.9795389593062989
0.7457015974544842 0.9456817252196378 0.9786585811814417
0.7439428833465407 0.9462772447851571 0.9797999823758845
0.7150272432659776 0.9486354819299516 0.9810788394351769
0.7383838352527552 0.9466842890825753 0.9801957174129393
0.7472633665620597 0.9473555509914615 0.9810408628712354
0.7457151743362957 0.9436594076599887 0.9815431868373755
0.7293318678335654 0.9397736600519494 0.979434812095466
0.7427273089076301 0.9464579730923389 0.9799789718735247
0.7259849648959587 0.9434646010909354 0.9800952044565251
0.7457734013764139 0.943915292883807 0.9801000412042797
0.739866927613062 0.9415492833348359 0.9807206332426199
0.732574678847378 0.9462911427774043 0.9796220811266607
