# full, direct, likely fidelities
0.9994721735755482 0.9989166689042779 0.9994992870025872
0.9994729575025565 0.9988539873757425 0.9995153689171073
0.9994668237413346 0.998681044124037 0.9994817854832606
0.9994709189551819 0.9988538968891532 0.9995252644093066
0.9994728121034733 0.9986847165705208 0.9994844552829946
0.9994797442829045 0.9988471880070682 0.9995034448261102
0.9994746473304846 0.998624059692822 0.9994622389277378
0.9994752553462897 0.99876843570179 0.9994918288990855
0.999471395737783 0.9986931277205034 0.9994808946900645
0.9994680360883237 0.9988060395494716 0.9994934468943474
0.9994773509904115 0.9987923847724044 0.9994927639642227
0.9994711872373715 0.998838329189803 0.9995293671830251
0.9994689815028098 0.9986659746374147 0.9995312599356331
0.9994729703713273 0.9987259774514086 0.9994649412936671
0.9994727427697986 0.99876380938143 0.9995369904322725
0.9994748896538181 0.9987942766328194 0.9995145167496827
0.9994749053641151 0.998834155772929 0.9995490241009889
0.9994774499482348 0.9988875743326299 0.9995007750425305
0.9994787829496068 0.9986832924471968 0.9995097747902425
0.9994744698147908 0.9986053977188458 0.9994666144889652
0.9994764148097415 0.9989506806043429 0.9995608493355544
0.9994747381708299 0.9986579687781996 0.9994953000493159
0.9994689131191197 0.9987287612840399 0.9995290912337885
0.9994725544993268 0.9988111070437113 0.9995361287360218
0.9994729466413698 0.9988200593128643 0.9995454329010014
0.9994769417763302 0.9988011587705192 0.9994919232129494
0.9994729786806397 0.9988114583449141 0.9994799908473443
0.9994727478113484 0.9987394058138531 0.9994952970376978
0.9994781703051013 0.9986708148228246 0.9994802778259327
0.9994691385459672 0.9988080328725271 0.9995011760486185
0.9994718331304812 0.9987622070223515 0.9995060168336931
0.9994715974104659 0.9984709940873038 0.9993901279978615
0.9994749213865273 0.998839887775608 0.9995184514345825
0.999472673711517 0.9988086159298609 0.999555251631343
0.9994740964849204 0.9987544548389282 0.9995829637122343
0.999472209025585 0.9988600024442602 0.9995024249870598
0.9994721440047614 0.99856950983546 0.9995016741585184
0.9994721285324454 0.9986715209251467 0.9995277744221301
0.9994717458614805 0.9988201254367092 0.9995143090679037
0.9994750613731991 0.9988607657264369 0.9995545587771199
0.9994736435669075 0.9986778934482545 0.999479197373505
0.9994719274929483 0.9988916876929166 0.9995247419641552
0.9994720099181765 0.9987848207037462 0.9995459293211729
0.9994705377973436 0.9988827977594046 0.999537322524763
0.9994667179559494 0.9988208278125317 0.9994728850177362
0.9994753379972052 0.9986939200275886 0.9995166079439822
0.999471659190402 0.998654126418845 0.9994519957999839
0.9994738120764207 0.9987792347513589 0.9995503921473344
0.9994741686013108 0.9988537084792685 0.9995163961316534
0.9994672487743764 0.9985177407845629 0.9995322898586095
0.9994708876189218 0.9988199005488099 0.9995516798609355
0.9994746999805697 0.9986581092442156 0.9994818314963461
0.9994685772639793 0.9984917708454419 0.9995079092211657
0.9994747536567534 0.9989147502380935 0.9995287654673908
0.9994760686217166 0.9988829960628798 0.9995102580256345
0.999474820837677 0.998710962852781 0.999471354636316
0.9994755084471905 0.9988441850585591 0.9995702720271391
0.9994759071067894 0.9988463594017416 0.9995426881542032
0.9994725728234067 0.9986666032781111 0.9994500159478988
0.9994742819065381 0.998819928998853 0.999523120244769
0.9994736570054448 0.9987111520800566 0.9995053613573767
0.9994669189142307 0.9987143194123733 0.9995275051922927
0.999475525778201 0.9988091217462257 0.9995128755385069
0.9994711953143613 0.9987059905873498 0.9994932468369884
0.9994711049072902 0.9987464248387193 0.9995274652125603
0.9994703109924521 0.9987072531693207 0.9995206924616358
0.9994725744628362 0.9987740266489278 0.9994959288604638
0.9994737693162419 0.9986386031960662 0.9994904583829954
0.9994774828188633 0.9988166131353858 0.9995228090280819
0.9994760218884363 0.998832769282976 0.9995412051044232
0.9994685734953604 0.9986700099053429 0.9995101988611409
0.9994746708827618 0.9987067601958464 0.999481416583306
0.9994686172372137 0.9987219567700693 0.9995392338674232
0.9994700363796892 0.998693792289498 0.9995074810120842
0.9994757715990125 0.9986891139507235 0.9995176178300037
0.9994721303315581 0.9987933072530655 0.9994975802145716
0.9994748031571603 0.9986854760484899 0.9995479346122347
0.9994757511987287 0.9989209519571494 0.9995897395150538
0.9994726560380714 0.9987232616180597 0.999510871326578
0.9994764735697157 0.9988459114756314 0.9994835973393774
0.999472349947411 0.9985618412450659 0.9995799544498564
0.9994659299536945 0.998763452918942 0.9994454104244205
0.9994741736693115 0.9987603946070721 0.9995156759179714
0.9994688057476735 0.9988233944461098 0.9995096154722969
0.9994766459425076 0.9987364745730252 0.9995386424556826
0.999482641753285 0.9987579391958533 0.9995231326892862
0.9994723215074363 0.9987213034175735 0.9994795147438565
0.9994649437066586 0.998738840061124 0.9994559783582767
0.9994708509594381 0.998762158518624 0.9994758311685173
0.9994696735804088 0.9985958067084533 0.9994681147383145
0.9994724014420922 0.9985966376624449 0.9994392154727659
0.999468948860463 0.9986817169848675 0.9995186175627997
0.9994780455583172 0.9987878078831178 0.9995206049981207
0.999473138979384 0.9985294675312933 0.999556395559928
0.9994719947421862 0.998914849016829 0.9995475861058298
0.9994721623326055 0.9989129321668083 0.9995445239086534
0.999472847841713 0.9988134503063759 0.9995917581328498
0.9994731375527856 0.9987300223389037 0.9994824211704268
0.9994734402907899 0.998430589334619 0.999450706894646
0.9994787513316795 0.9988043765864184 0.9994886883699263
