# full, direct, likely fidelities
0.9803562785697547 0.9717644181469873 0.98843974901452
0.9800384406410616 0.9705223248970938 0.9890275320438304
0.9800371775413876 0.9710894612392165 0.9907747880635928
0.9804724976176409 0.9721684550190489 0.9898921266149585
0.9802849080013304 0.970920000848922 0.9904595915938876
0.9800383542134602 0.9685686837802514 0.9885934124441375
0.9799891328596261 0.9713701763856324 0.9889736522508855
0.9801868245918001 0.9705502878817542 0.9900210613272624
0.980169392392484 0.9687344314931209 0.9894723934670153
0.9800336960380982 0.967957431168233 0.9907346937089025
0.9799056698149435 0.9696270733181471 0.9906976222344492
0.98022215816821 0.973485367828928 0.9898501313571538
0.9798411888465609 0.9687379788542115 0.9905121087807776
0.9799739288478608 0.9724847627119502 0.9905634525882216
0.9800733380223797 0.9717053054672344 0.989666792874462
0.9802225071361249 0.9715152328025588 0.9900575980980381
0.9801146830153838 0.9669454658427927 0.9890946612227497
0.9799124390306302 0.9707433644727386 0.9901221223122142
0.9799985241870687 0.9731999313405192 0.9898934171034645
0.9801152379717561 0.9730685759792191 0.989978115688543
0.9802761424418769 0.9735955514579353 0.9903121252194664
0.9799440020829521 0.971935121253257 0.98932060241156
0.9798322153661998 0.9688596116258276 0.9891888365094572
0.9800089638143543 0.9660143709853594 0.9880414729827327
0.9801039161447136 0.9722521352647817 0.9886948719213827
0.9799564892033734 0.9716848262272753 0.9882648882918825
0.980285926306658 0.9728216660673776 0.9894281499384239
0.9800092733603134 0.9704033636615002 0.988702599626088
0.9803679415586174 0.972736145152625 0.9898227399409952
0.9801458171629776 0.9717232738675694 0.9910612814192109
0.9798792449663218 0.971116279222168 0.9897868670103185
0.9799390346025945 0.9721862754894199 0.9900833697960979
0.9804174039501189 0.969186579239815 0.9883736485906839
0.9798375211803948 0.9633826462314183 0.9890518449592854
0.97993403479253 0.9667760167607126 0.9892340288329333
0.9802172196452229 0.9730349623379156 0.9887795313364744
0.9799172517041013 0.9697467417939877 0.9902583927443885
0.9798782229071601 0.9665287183752511 0.9886536331505611
0.9797098415188125 0.9698362500524458 0.9885614315911625
0.9801516921483795 0.9715315089986277 0.9905133308212947
0.9800859802853304 0.9714670792087491 0.9893247938797658
0.9800983906909556 0.9694496044808335 0.9888793769075725
0.9800882545052163 0.9696682370344215 0.9880523430232234
0.9800790671338756 0.9706191472565585 0.9907820084734705
0.9800691263218749 0.9732925084388245 0.9899131402709169
0.9803006640598204 0.9726357864394828 0.9900943001490281
0.9801285536741864 0.9667909383229071 0.9882068996005957
0.979909238007333 0.9703378175801881 0.9875002002320707
0.9801333249282342 0.972007765502002 0.9901227568024746
0.9801430341027517 0.9704822342553109 0.9894480116278357
0.9801771075538094 0.9738388416161973 0.9895919486737155
0.9801402336987746 0.9694137546289 0.9906314945350392
0.980063135596038 0.9713357506069629 0.988847743223892
0.9800612266974659 0.972674133483554 0.9901407634137688
0.9798603229286534 0.9725909719097637 0.9896051685394691
0.9799003073578054 0.9726259667259068 0.9885464813082924
0.9796891585943015 0.9711077266690137 0.9881823015879017
0.9800845104666793 0.9719193732700494 0.9887004046922255
0.9798206435660242 0.9722679692679704 0.989089889138504
0.9798516791996167 0.9733564797325663 0.989065434740989
0.9796539234552019 0.9675170184333041 0.9903994789469903
0.9803207698559946 0.971766535396236 0.9876222638899632
0.9800354362799016 0.9716774049065481 0.9885181025303504
0.9800964444656601 0.9682231667153234 0.9898509796198766
0.9796517711920454 0.9713033723525906 0.9898903149926009
0.9799961750702105 0.9740984436499369 0.9899292160802607
0.9799343374841573 0.9712827257468536 0.9901097707352998
0.9800107243088872 0.9681163188344066 0.9899984984019995
0.9799518935672678 0.9709502756598996 0.9896744100951915
0.98001228729771 0.9707158451361246 0.9892384188575615
0.9799474681469419 0.9713391960903288 0.9904277294244038
0.979981165392198 0.9719055767529127 0.9897465962770539
0.9805054986483539 0.9729402411632381 0.9892792883641974
0.9798275405387573 0.9717466161553149 0.9890764440633587
0.9794310772388036 0.9712594010368294 0.9903289379488749
0.9802299079382885 0.9699228446948335 0.9894398293305413
0.9801245652978776 0.9727262159608496 0.9893588657737612
0.9808256257714408 0.9740968082778595 0.990362444096884
0.9801469094417422 0.9717236349293797 0.9907146185824534
0.9801421658407087 0.9696733543496213 0.9887438217116277
0.9800163872081765 0.9722011887763111 0.9893619684061318
0.9799553382230985 0.9687356194299375 0.9888613336767998
0.9800063541388027 0.9682514242474752 0.9899689405788284
0.9799284261644972 0.9716358370483824 0.9905118863708263
0.9800024136645921 0.9684458152581147 0.9878362317298878
0.9801759149671149 0.9728181503209072 0.99038386610845
0.9800989528849352 0.9712907193050763 0.9892228125864893
0.9799820392476527 0.9679680866076247 0.9887523043565986
0.9802481822537714 0.9695452084983084 0.9902450203702797
0.9799670442148545 0.9676058930763312 0.9902008844836384
0.9800514436722061 0.9713075290953269 0.9890145098807204
0.9799779964233358 0.968471398397581 0.9893388351858738
0.9795111378153094 0.9707942204370016 0.9911863245277275
0.9803374757210395 0.9696922153317094 0.9899187685358848
0.9800499235151873 0.9712409295907652 0.9900963822147648
0.9802759225941139 0.9720989414369179 0.9898174754615684
0.9802073722058335 0.9735665539172668 0.989756920569074
0.979702667159852 0.9691991175894878 0.9882851492926137
0.9805643280981539 0.9741212395788178 0.9906196779630078
0.9800130791991286 0.9653158311666322 0.9890250382642375
