# full, direct, likely fidelities
0.9896719827121901 0.9926789286407987 0.9966120116389218
0.989561684297859 0.9920789980229286 0.9966242811167154
0.989698273895766 0.9921251064382363 0.9964361729479247
0.9896878684906123 0.9919866690771513 0.9964949567089234
0.9896652095720867 0.9922529332213287 0.9964676975524686
0.9895940141888583 0.9921838285582594 0.9962617068359667
0.989571899366226 0.9921729831551874 0.9963915779403022
0.9897711209814581 0.9925840106881249 0.9964096835911341
0.9896440396043832 0.9920845138643091 0.9966276067069882
0.989697173913962 0.9926339096762703 0.9964349242481642
0.9895382022361828 0.9921061401815785 0.9963297484586655
0.9895116390140926 0.9922031683867405 0.9963732229422795
0.989758747286051 0.9923762709688028 0.9965027458626666
0.9895230653332435 0.9915291184754986 0.9960319270396688
0.9896963413377358 0.9925912540520274 0.9967017019141599
0.9895265507998362 0.9923421730501141 0.9962991773029204
0.9897097252838674 0.9922600659289381 0.9966484629550624
0.9896690363387215 0.9928066717644903 0.9966567700790091
0.9895385529208427 0.992238086313914 0.9963345991156817
0.9898086499732923 0.9925399992322375 0.9964262721581046
0.9896929541415878 0.9923946224500089 0.9964054610998658
0.9896622412264188 0.9924225540143952 0.9964567109619741
0.9896479174161387 0.9928008599100926 0.996480362901805
0.9897971405390104 0.9924264531018301 0.996747816364181
0.9896991323679147 0.9926108250082626 0.9966303875432078
0.9897220953821566 0.9927069572983108 0.9968559035801688
0.9895739617905589 0.9924676653653587 0.9965025432705673
0.9898029061364676 0.9927346892315222 0.9964485399850306
0.9895223164759454 0.9920733583391423 0.9962953738873371
0.9897001282186311 0.9925426655918249 0.9966328262248632
0.9896557711190387 0.9918648895140483 0.9963886479984365
0.9896412615769807 0.9928590893935237 0.9966289365392141
0.9897400812520809 0.9928330573092362 0.9965166591553893
0.9897523312911162 0.9927898350822397 0.9964030643012406
0.9896615115425269 0.9924244228542374 0.9962349324297087
0.9896721352192503 0.9921054161924747 0.9963701731440807
0.9895045317985557 0.9923440184577995 0.9963702314730153
0.9896687318449378 0.9924331101287999 0.9964630861828505
0.9897616256792646 0.9920788754224005 0.9963456643388011
0.9895689156288534 0.9922840677325085 0.9965636697065738
0.9897923352582862 0.9926650633318345 0.9964546819010968
0.9895159699266008 0.9923580624218102 0.9963331135333537
0.989602439976863 0.9924616213742563 0.9963850571698807
0.9895697384522703 0.9919911424089773 0.9962877069119429
0.9896671674465268 0.9921408650275935 0.9964351912064214
0.9896297434012378 0.9922506294001304 0.9965958921860515
0.9896704894051493 0.9928025581644291 0.9964947193223395
0.9898284133189836 0.992454935799499 0.9965409098676179
0.9895970054194136 0.9924207817147127 0.996438910052996
0.9896786569808458 0.9924019898398221 0.996552184053185
0.9896598420062902 0.9923425705400907 0.9962739195711697
0.9896865987173047 0.9920773879001233 0.9965646631301354
0.9897103421013315 0.992707598268005 0.9965442981426934
0.9895979358414657 0.9925961509958382 0.9966972200104508
0.989676925223153 0.9921142237062435 0.9963670766105983
0.9897136371431499 0.9924826141837055 0.9966203664876656
0.9896677363073894 0.9921665310868639 0.9964241750216788
0.9896667873368439 0.9927076856633943 0.9963860780614822
0.989747864455065 0.9925160507966503 0.9965031026331642
0.989736519130193 0.9927726645769309 0.9966244413684971
0.9896298954377735 0.9923116621460625 0.996427868451012
0.9896049817613254 0.9923006650686326 0.9963635009752013
0.9895908115034223 0.9928697141080258 0.9968197456048499
0.9896370651741105 0.9923346899150035 0.9966200306261344
0.9897418642631368 0.9923561393472954 0.9964662030042941
0.9894866009027626 0.9924381137340994 0.9965437383866849
0.9897668107233294 0.9926361302055431 0.996253402383929
0.989651392930234 0.9924931581632531 0.9963858429703445
0.989803032654812 0.9926458694606791 0.9963495401146523
0.9895525201698899 0.9926932908163932 0.9964880936185715
0.9896373621846242 0.9923333872979464 0.996524445547525
0.9896965830911761 0.9922084411599973 0.9963351578477744
0.9896270850592667 0.9917397073813754 0.9964984566662756
0.9898108350821049 0.9924057952084654 0.996421222560317
0.989546028350542 0.9916831497207245 0.9964945647317699
0.9897494573284779 0.9923246928569456 0.9965621532618958
0.9896886593517729 0.9919483628728915 0.99646006520471
0.9897391683217424 0.9928046858736953 0.9967597405415846
0.9896492779690428 0.9927968732878838 0.9965292704511024
0.989574313293997 0.9924237833096619 0.9966512502461351
0.9897370248392632 0.992826953195666 0.9965644643247771
0.989487690251077 0.9920741301714242 0.9964600010768375
0.9897379183953888 0.992233365035388 0.9966003020184517
0.9896469656963989 0.9927110978803926 0.9964177461562618
0.989535215708171 0.991985495799577 0.9966787829066117
0.989722829084804 0.9921595427545413 0.9964624227348254
0.9895656021023957 0.9916936632536153 0.9963632455134227
0.9896025805914045 0.9923069306965796 0.9962538379336124
0.9897144654300951 0.992634696889987 0.9965468033698197
0.9896758460811017 0.9927688945230271 0.9968357055256131
0.9897288537743957 0.9923849163441139 0.9965385860229966
0.9895668260062989 0.9923449586587529 0.9966437208494022
0.9896916781946264 0.9929547167762603 0.9965893675001453
0.9897791484510865 0.9929380668292362 0.996731435509097
0.9896643564721447 0.9922974107833733 0.9965393849838752
0.9897149124807467 0.9924752321932976 0.9965338278346628
0.9896388965018119 0.9922785570912476 0.9963075421907526
0.9897489308571215 0.9927535059143187 0.9964519896136034
0.9897062269881634 0.9928969672559352 0.996607910839444
0.98946690884685 0.9915236260387635 0.9966146935867152
