# full, direct, likely fidelities
0.932813603674237 0.9341403838906134 0.9734012676588025
0.9335301269317038 0.9288609150110126 0.9695810265515704
0.9353643317661405 0.9278008855912874 0.9690414621727812
0.9336291561129987 0.9251295365338208 0.9696485337759725
0.9339671969146106 0.9239467304836738 0.9707184304247793
0.9321416578316011 0.9276276709431502 0.9717997153344975
0.9336754173002408 0.9170666354098753 0.9713492251365409
0.933170689184746 0.9256153702101934 0.9693652206065864
0.9332814713846868 0.9259197345511011 0.9656061588493
0.9333554608561938 0.9235245029726502 0.9710041820914557
0.9329017946702876 0.929512385932908 0.9690564524417586
0.9324756888976653 0.9240109417200212 0.970417105115283
0.9339562420975979 0.9285174957057263 0.9696840242725839
0.9340756236435052 0.9286247421123015 0.971063732057732
0.9330655767183723 0.9310052746367176 0.970435394559882
0.9329086294069633 0.92583030719586 0.9709593030510126
0.9327263811947981 0.9265761943762634 0.970549394123228
0.9324901440361757 0.9271497109565724 0.9698313084218128
0.9324538176448741 0.9244013950849983 0.969675234930175
0.9324507902990291 0.9297931227514965 0.9700273731356281
0.9325356622060287 0.935614897463253 0.9721228616682936
0.9331764764770447 0.9251535220669702 0.9712413105809694
0.9334856484228129 0.9219958161578045 0.9682146635018813
0.9323248443567066 0.9322109803154034 0.970926513044984
0.9324133527787464 0.9282292389284255 0.9674752871609003
0.9336667730659614 0.9326732312929928 0.9706382667927835
0.9331955095670308 0.9327039190189227 0.9727612541268343
0.9324874301239888 0.923001690570069 0.972104523249386
0.9324462952990068 0.9262833926536125 0.9679298784569446
0.932334370969454 0.9259261857517542 0.9690018500992696
0.9333065378160894 0.9300338562641333 0.9747059855964371
0.9352588936977887 0.9213851976024084 0.9688916450748712
0.9337531148789143 0.9180483134469495 0.970457676871555
0.9332748137666699 0.9306603979067702 0.9721448165520213
0.933505542074037 0.9264598799806708 0.9690157687650187
0.932488126765981 0.931704855644751 0.9699051149814987
0.9337997864115327 0.9260656432380127 0.968510432581725
0.9346966476445595 0.9214525632452496 0.9681276252092935
0.9347279546922854 0.9222473809596767 0.969870617832643
0.9330950330205524 0.9330280308576904 0.97150679693148
0.9337397108725445 0.9282949139264689 0.9684254084707957
0.9327483469803134 0.9289071685062378 0.9694730833058167
0.9337108273785166 0.9269207903821144 0.9697946306896045
0.9331128171210334 0.9284622300380537 0.9733643513398597
0.933207407201719 0.9306302926992945 0.9707782059677899
0.9330437254325988 0.9232159964256914 0.9696009943669707
0.9337506906035218 0.9252282937784178 0.969429282544571
0.9340821932091582 0.928283193754637 0.9727494606545705
0.9333166882009183 0.9265518929674164 0.967998858430808
0.9325955956186764 0.9242771309233135 0.969082961538965
0.9337797480796513 0.9286006311337324 0.9699689919603514
0.9326281849677722 0.9274252573476919 0.9703653848297603
0.9336255728506083 0.9229110841214748 0.9708170653434182
0.93286403827154 0.93167946540997 0.9696232519191381
0.9331860426060481 0.9317384904008627 0.9721413358701961
0.9325681182229131 0.921805998522533 0.9695900354493207
0.9321149221879289 0.9276062314517007 0.9724348679387915
0.9325527243861171 0.9250755502099571 0.9700535895975775
0.9330352363975202 0.923973987234671 0.9653595997588571
0.9338376822624939 0.9323124392436414 0.9698831438521641
0.9327683055182199 0.9265541392671547 0.9702527982816748
0.9348677376725899 0.927003335747939 0.9674807373103643
0.933270627896965 0.9339925433791733 0.96997137392313
0.9335434971116446 0.9170173521552034 0.9716845240298428
0.9334743802563343 0.9293694464330928 0.9735096226431608
0.9328389398817307 0.9256666098792753 0.9748622475170402
0.9326421809879966 0.9273383576448276 0.9692451627250674
0.9333460380063466 0.9232292130466124 0.9695748046921318
0.9328181113826206 0.9301471286062353 0.9717040634920163
0.9333265236196985 0.923032900523478 0.9686188801965099
0.9339241613401268 0.9219856273460578 0.969814951475306
0.9340527078301325 0.9229984261139548 0.9706818377916062
0.9338531944160886 0.9231765320149904 0.9708168237252057
0.933182570540283 0.9212149508360601 0.9688794035030159
0.9325129028151795 0.9230362483742136 0.9672641230186235
0.9332752142240675 0.9294086864792885 0.9712694997316859
0.9333739856699841 0.9276804383771418 0.9724548239836066
0.9321964286928378 0.9275823044632109 0.974034095172159
0.9323662423704512 0.9244758953263705 0.9698307091241648
0.9323221652756847 0.9289203542664574 0.968938949653468
0.9332270472703241 0.9174478907459703 0.9665018207706252
0.9335476087837876 0.9264045719835415 0.9703603472424964
0.9335835942427352 0.9264097862770926 0.9674838614542505
0.9337074891902026 0.9195558537993873 0.9693248583535761
0.9321841699811889 0.9297264062511637 0.9705261227928882
0.932853993954641 0.9271221662718512 0.9697130714879632
0.9328963370687492 0.9279731769445236 0.971476667852535
0.9351540103990393 0.9284765634664588 0.9693668854122727
0.9326108065698477 0.9274935763833975 0.9694114350240598
0.9340440306165431 0.9184395236015942 0.9684864584976277
0.9340543674299923 0.9279876800149871 0.9693766241780666
0.9327377855750817 0.9234933115690601 0.9691550825768087
0.9321941690312928 0.9277419224885718 0.9666139319464475
0.9338085805134084 0.9225955699881058 0.9699749269152763
0.9337129082384994 0.9244024303259093 0.9699434234502987
0.9334551007565399 0.927491000822158 0.9696128497317569
0.9327200089350611 0.9292136945726197 0.9703839077173361
0.9330781120443052 0.9268552540825717 0.9701934240945073
0.9335561942258385 0.9203617761852209 0.9646876775369176
0.9330937105264577 0.9299919694896167 0.9694242932054868
