# full, direct, likely fidelities
0.9191354315835147 0.961797598107551 0.9845973922767451
0.9156445248092042 0.9579494540501312 0.985136421327048
0.9153896101133424 0.9561130573787776 0.9857639809060189
0.9159583565733188 0.9560612633063789 0.9848986462484985
0.91823140448247 0.9541957757148467 0.9838023163987875
0.916473805549848 0.9574214870608905 0.9844336594061945
0.9156228601987575 0.9583568514002273 0.9849982032767352
0.9168734806108828 0.9561047390096108 0.9859544881796685
0.9179589040449486 0.9551493239799054 0.9837694079900798
0.9170014993106632 0.9596781747645118 0.9862853387392714
0.9157533741640974 0.9591831653651274 0.9857649428999625
0.9174770914903826 0.9571759603195402 0.9851440156885093
0.9171150623385381 0.9599956035207026 0.9843909749204433
0.9165888020134925 0.9623998683305595 0.9851241533381511
0.9153617027571117 0.957727308981175 0.9845098796616205
0.9169133145078585 0.9604282378525797 0.9862977449162238
0.9163520313438148 0.958695103490113 0.9854725429283785
0.9149342976237925 0.9596778105792987 0.9856342338035079
0.9210562766189815 0.9570595812530999 0.98376447360393
0.9181795159194054 0.9616648662008196 0.9837917082679035
0.91444199175192 0.9592289780723866 0.9851513756163198
0.9176303291174576 0.9589298761753345 0.9853938440288119
0.9167691682714008 0.9556007215084857 0.9833393220587715
0.9166292075648514 0.9581740541298052 0.9847084387502058
0.9159621624559124 0.9590120361155999 0.9845405537551074
0.9158772370859884 0.957047271908463 0.983990939369672
0.9172398800907513 0.9560871135207167 0.9833675026560679
0.9166273565789342 0.9583658736166223 0.9860695233638141
0.9169535045246764 0.9620002881478205 0.985430119698807
0.9166498567605819 0.9624285405288606 0.9851877541477051
0.9192635625302226 0.9544083822886721 0.9839144125356613
0.9168852787627387 0.9586567240810868 0.9848129975739467
0.9188694428476789 0.9553704922764135 0.9830426642771164
0.9181681204679288 0.954664868586703 0.9843254089571492
0.9155053714075388 0.9588227643213763 0.9854733493760207
0.9160784241048582 0.9556190757608781 0.9844903031780292
0.9183172965721192 0.9532159265705957 0.9822387457751043
0.91556776366289 0.9587812271218359 0.9830377659977441
0.9180262999236299 0.9547471272034447 0.9853741823933
0.9164977953402915 0.9580104861786379 0.9855107782152392
0.9160319600995466 0.9591506190715373 0.9836876199960255
0.9170169148052697 0.9599665311027644 0.9858878534809814
0.9165558519741573 0.9559338986291976 0.9841723206540508
0.9168271212667104 0.9574020951410928 0.9849386442377311
0.9178369676212046 0.9546888459368744 0.9844121374686851
0.915942971884305 0.9596383695573001 0.9841954366306929
0.9169021073646212 0.9587943535942005 0.9864154561377529
0.9164921353161452 0.9589334054822448 0.9846316216092261
0.9171543806688265 0.9568644515166289 0.9857196678728279
0.9185268437687406 0.9581567523261902 0.9848852632899985
0.9155977572642384 0.9555375498354133 0.9831306846535286
0.9148289815565464 0.9573922402803948 0.9846208292983084
0.9161897329568088 0.9584658324650703 0.9850473711396192
0.9178913226207565 0.9598972359978842 0.9856572305285716
0.9168033707634471 0.9608878142308809 0.9837388525743794
0.9180442036980748 0.9577258314939526 0.9844063158609383
0.9199814172791516 0.9530953027227184 0.9855837868790983
0.9203323390562753 0.9558529747869557 0.9823167635461503
0.9179199655656198 0.9593999913137422 0.9843125532561424
0.9210649537376892 0.957073480765511 0.9858028541550086
0.9173653099412187 0.9590549674847896 0.9850042894276638
0.9199298731884635 0.9560236473970847 0.9829588693959899
0.9177137115246163 0.9572959551398282 0.984605404695949
0.9184146063521204 0.9561748534349291 0.9851638149168148
0.9153002303964921 0.9602903164488515 0.9856068265372152
0.9158773545642473 0.9629722926407567 0.9850315472940272
0.9178973394321861 0.9556958385363775 0.9851374492435877
0.9186314110410477 0.957570879639672 0.985449712750198
0.9171930359943136 0.9611859050851945 0.9851200146208013
0.9163700037293582 0.9600510706982474 0.985477241486214
0.9184694431324272 0.9497591349244943 0.9854796936217082
0.9175901058896367 0.9587904154468816 0.9860630534999213
0.9172776644816112 0.9589235444483908 0.9847643603943446
0.9198004171490435 0.9597582377405532 0.9857325505167234
0.9192590673997769 0.9599776136449503 0.9843375976038324
0.9170282847185933 0.9535451484079559 0.9846998622850263
0.9170209254606817 0.9622445583824003 0.9848818504069317
0.9204046889714289 0.9557083086588667 0.9845011651050882
0.9175565288218351 0.9547596841031071 0.9846964479638385
0.91514724402908 0.9626351822046091 0.9855169175108123
0.9166352684690197 0.9583546785911519 0.9855478043337299
0.9200185637454973 0.9531406802487711 0.9839884423941196
0.9187400973002811 0.9576647737504611 0.9836983706479022
0.9190453542443632 0.9541830495246751 0.9857967117237538
0.9201121054187282 0.9548181587524845 0.984250595483916
0.916199624685241 0.9578400483201951 0.9824743121224248
0.9165345664084324 0.9590927775830411 0.9863916924481785
0.9212977237077812 0.9532813255877957 0.9828200752575836
0.916511458322757 0.9598796550862881 0.9854354046378725
0.9178712500377456 0.9577479601349256 0.9833233268968633
0.9151446192019799 0.9591952054091945 0.9848505652384902
0.9156955278851092 0.9573060491150738 0.9858218745482368
0.9152913218088927 0.9598285916746823 0.9856315911092703
0.9189268989159248 0.9588166000683929 0.9857469536431002
0.91871988337375 0.9556325662059403 0.9846626106985986
0.9176949379865781 0.957062901384637 0.9842063267752964
0.9154034884122502 0.9580674267306494 0.9836058508438321
0.9163525435499829 0.9595578661832239 0.9851707192871958
0.9157143537166141 0.9549900692290259 0.9857238338674172
0.9170969368382722 0.956217717294312 0.9842154361600307
