# full, direct, likely fidelities
0.851745450265918 0.9442238761331099 0.980091611949351
0.8402424670330496 0.9463831830034886 0.9831258632159576
0.8499577017857171 0.9505793109623583 0.9816165155499011
0.8501776977762999 0.9480878420716714 0.9813118828784456
0.84950539410113 0.9487291766694687 0.9840428615670649
0.848884213432937 0.9493117287970719 0.9834527488077354
0.8397544196739883 0.9500398894194354 0.9835115185264751
0.8419593323588634 0.9483857249217728 0.9828235243436719
0.8409531270060309 0.9497594598099233 0.9813274795864572
0.8432832228072958 0.9483769663796477 0.9809081009791744
0.8416794539009816 0.9490123130085248 0.9836126555618961
0.846135932613365 0.9459372624583422 0.9836121531542011
0.8437243716778041 0.9478560214547551 0.9826942919429691
0.8439559409157995 0.9479964422939974 0.9826004268041204
0.8465692954408098 0.9428361243430572 0.9823463168893728
0.8414458507479518 0.9507175255424807 0.9829156401061147
0.8389244104472685 0.9493342489750649 0.9827617851884943
0.8469690070714213 0.9496559974481336 0.9824874318536386
0.8452833678031557 0.9491788551873478 0.981137513554524
0.8497625835242685 0.9489803642454819 0.981662699163045
0.8490804742977933 0.9466001981063453 0.9819940871722331
0.8432441699780158 0.9505596001013513 0.9822373885573076
0.8395148858401927 0.9516087838714764 0.9837327323806327
0.8444894309282484 0.9505321138383043 0.9816451809867129
0.8440387645220326 0.9513688646560452 0.9821969858223331
0.8417789068491439 0.9474835551694192 0.9815699009218533
0.843555262695973 0.9501966235390469 0.9821822012015764
0.8462959379881428 0.948820450097103 0.978711104705862
0.8478025464479684 0.9514971060272156 0.9830306502176438
0.8434397428622172 0.9511912910189639 0.9824388585348386
0.845762389987628 0.9449870351925546 0.982976665230212
0.8535901990891396 0.946955525510827 0.9824588861018446
0.8401977823330512 0.9495970701958735 0.9822707981037887
0.8426684148314075 0.9513099723530262 0.9830593832448992
0.8404231993608039 0.945037274043189 0.9835806628859842
0.839848954134433 0.9512312731310831 0.9816961991267403
0.8383154766405295 0.9502150415127799 0.9828731610894548
0.8364184165972877 0.9556067289336684 0.9827002024161801
0.8430793709976864 0.9512877800041124 0.9832608678102535
0.8463858890088328 0.9496215380424705 0.9843351233531638
0.8491714960194569 0.9486835527881439 0.9815962253370553
0.846961308895937 0.9492980062697376 0.9816202203937534
0.8424482178068591 0.9499464493154537 0.9817997458384593
0.83750171510755 0.9533246996494112 0.9821445783050057
0.8425242927589857 0.9517010658026853 0.9833656813929501
0.8414190898041576 0.952673251593912 0.9815652206753349
0.8461388029035223 0.9525143534176956 0.9840311278206527
0.8397723129159783 0.949958182120723 0.9812720567394381
0.839105375319767 0.9473471353168955 0.9824744631738339
0.8379480203146812 0.9535172431260271 0.9829858277417026
0.839811132076056 0.9468203815403102 0.982461078006522
0.8409636809159501 0.945817186053277 0.9830868289477336
0.8439280972004177 0.9534562351919029 0.9838162325817156
0.8435056937267587 0.9480979383771724 0.981822703611796
0.8489023010058778 0.9451254515847883 0.9833297973749839
0.8471872983271841 0.9518041461275606 0.9820254602937121
0.841747702369268 0.9528283383270042 0.9828920667867804
0.8514855405280353 0.9516152966069402 0.9819467696091773
0.8489748999165437 0.9496595010081856 0.9805308001678242
0.8370223260454096 0.9535086025906392 0.9844356873500127
0.8461090510321422 0.9475933115051209 0.9828224851939674
0.8589569566280535 0.9467109158623943 0.9821013432446599
0.8462495722203621 0.9474165003094445 0.9836324034598685
0.8426808094820168 0.9513412433060907 0.9816343815713993
0.8453986406806283 0.9487767475877373 0.9828532471863378
0.8397722886621168 0.9501602144560207 0.9823724703549908
0.838537472237271 0.9529747657483622 0.9819134955258062
0.8458542145801725 0.9509473447051796 0.9826541128271278
0.836528240271573 0.9521560645918337 0.9832338167297064
0.837924636630363 0.9486550250295949 0.9814204532345382
0.8467901558469942 0.9497849073961174 0.9805416585338921
0.8424109032635614 0.9533547606642342 0.9819848546512795
0.8475141761984556 0.9432060909810606 0.9821494540392008
0.8492620267458446 0.950809653961165 0.9829095283242827
0.8462065665285108 0.9524007942635687 0.9830085383975378
0.8415809912058212 0.9546669702613023 0.9824444919282591
0.8466198853717183 0.9511320153049434 0.9826590151165449
0.8396292547352886 0.9528572573060576 0.9828447380170471
0.839986667014522 0.9460956468692554 0.9829065474791282
0.840281990429862 0.9527667803067821 0.984428733050478
0.8465192721160799 0.9494434631215848 0.9824722023160078
0.843298742599171 0.950136038575161 0.9826171657994653
0.8432901459118558 0.9531580163752921 0.9841621037078044
0.8478986529541798 0.949404445121185 0.9828635720099135
0.8471260506787323 0.9499059235755047 0.9827301488824287
0.8476798629637045 0.94893631986413 0.9823516811076555
0.8377790301586137 0.9477330018756659 0.9836151019498933
0.8452539971832714 0.9488880335255148 0.9835338624272721
0.8443134181744961 0.9482283163952456 0.9821698887928838
0.8447047675217276 0.9508673238845244 0.9830284770577294
0.8399053980130771 0.9497525713176452 0.983794849079868
0.8448715315015302 0.9505446681377601 0.984253060969033
0.8462888101592231 0.9469876422194118 0.9817850312116679
0.8363979924158355 0.9538998703056951 0.9827829856964754
0.8435511225856535 0.9510953926010134 0.9831227310579366
0.8407788665870981 0.9516816049442214 0.9831736244181996
0.843508368104529 0.9490676092688529 0.9795448710821643
0.8441082261132513 0.9481239489162543 0.9824058673416611
0.8383723277373942 0.9508474476141421 0.98303431553148
0.8540282112340812 0.9500267200443304 0.9821054701365207
