# full, direct, likely fidelities
0.99947747112919 0.9994623190973789 0.9997492184535869
0.9994766407712323 0.9994495507178328 0.9997625951766996
0.999481815861508 0.9994377453239565 0.9997431694114471
0.999480611418936 0.99943379765867 0.999751844573504
0.9994778801245874 0.9994398856177472 0.9997258742534391
0.9994789241710282 0.9993791063147374 0.9997396428482632
0.9994713625269032 0.9993875018552894 0.9997415693174628
0.9994702884047033 0.9994688856315282 0.999745350970353
0.9994795533730723 0.9994533227837868 0.9997372855644852
0.9994797412780696 0.9994424846591609 0.9997429375087243
0.9994787461068013 0.9993641213388019 0.9997409373591565
0.9994767194213762 0.9994306571431859 0.9997478095201369
0.9994772531314892 0.9994318329499298 0.9997440529711958
0.9994714022983396 0.9993229708693508 0.9997419115612572
0.9994752760639507 0.9994373543534768 0.9997453841747919
0.9994790113699772 0.999429116601353 0.9997341716027479
0.9994762378065295 0.9994538455402125 0.9997578644465629
0.9994756939620358 0.9994644791921985 0.9997583068170572
0.9994771129595972 0.999461679427274 0.9997420922922521
0.9994766524507382 0.9994216450766593 0.999736091776611
0.9994773438326146 0.9994114352613392 0.9997228539448505
0.9994762008459455 0.9994854400229738 0.9997428723184116
0.9994732447906739 0.999488000658011 0.9997522858913223
0.9994745207458433 0.9994558092113224 0.9997516785964154
0.9994714293079362 0.9994445959072386 0.9997594837267569
0.9994761862967682 0.9994476442823986 0.9997428590295574
0.999473683594838 0.9994447465507823 0.9997429254775818
0.9994780453754708 0.999467800113173 0.999738833219954
0.9994737641009365 0.9994014724587293 0.9997456563491867
0.9994735171663988 0.999419123804107 0.9997322603289195
0.9994703879370482 0.9994170055157426 0.999721149782757
0.9994780996862823 0.9994680812296008 0.9997539954225723
0.9994784654812076 0.9994558228128214 0.9997438018632352
0.9994761436918972 0.9994474184982399 0.9997630274518221
0.9994768035427352 0.9994136668509879 0.9997090333313643
0.9994777407803447 0.9994167981711235 0.9997466660086124
0.9994734834513441 0.9994140111142678 0.999732261286148
0.9994744732151181 0.999456008209792 0.9997415169905233
0.9994748307080775 0.9994025888615842 0.9997412199902344
0.9994796482214265 0.9994161741323113 0.9997408857901801
0.9994752300533092 0.9994617553119023 0.9997500255644014
0.9994732641779344 0.9994556129527393 0.9997637407700255
0.9994820753514252 0.9994402712215067 0.9997346981975908
0.9994750275212588 0.9994202344918328 0.9997452127781623
0.9994774089538923 0.9993963653795066 0.9997333699384168
0.9994795529287623 0.9993931755830524 0.9997420331626095
0.9994718472633143 0.9994346711726589 0.9997478277414865
0.999477386064063 0.9993977495546051 0.9997391912432012
0.9994766631115363 0.999451214112118 0.999736064675906
0.9994759008966613 0.9994453114365865 0.9997451756943437
0.9994694594932382 0.9994063737015251 0.9997409600584162
0.9994738125995265 0.9994140340057837 0.9997549707168885
0.9994822664033589 0.9994141992908326 0.9997458343329645
0.9994802673070327 0.9994298622194108 0.9997386372006246
0.9994741618812807 0.9994429964718108 0.9997394499705037
0.9994747904885443 0.9994548022612457 0.9997590424444108
0.9994740883181754 0.9994204978827751 0.9997615798364664
0.9994749952411969 0.9994591061839835 0.9997531447392692
0.9994778628950901 0.9994582044568451 0.9997616249292847
0.9994789616444775 0.9994614083836854 0.9997553748195364
0.9994769097732105 0.9994291163602433 0.9997518271156622
0.9994679802053847 0.9993785283493627 0.9997427088415564
0.9994760477201813 0.9994350229194084 0.9997343476873877
0.9994718765226787 0.9994389212923509 0.9997495988554655
0.9994763206551022 0.9994370905541945 0.9997521627287661
0.9994692676232639 0.9993182926420309 0.9997121954312327
0.9994774054599426 0.9994653906373877 0.9997555659860957
0.999477756191847 0.999424337333101 0.9997419314240952
0.9994747564915851 0.9994591022946204 0.9997500940004174
0.9994783776145673 0.9994486738052765 0.9997456423173308
0.9994775922670727 0.9994352947848001 0.9997403710024152
0.9994754425424256 0.9994430606946455 0.9997445078050979
0.9994816858569296 0.9994216801149101 0.999744264811474
0.99947426004739 0.9993892650979525 0.9997463084018523
0.9994767426355365 0.99940769148314 0.9997171478150945
0.9994753583600519 0.9994234904159438 0.9997451994815376
0.9994739344556678 0.999445475981969 0.9997290530433657
0.9994773036696553 0.9994345624367412 0.9997601950037237
0.9994753063226685 0.9994487952903198 0.999758874440094
0.9994723106659302 0.9994459349638152 0.9997441079085686
0.9994741016844344 0.9994389149990287 0.9997490117096517
0.9994781996968114 0.9993858989587961 0.9997377019381755
0.999481869336195 0.9994451806212038 0.9997572374642212
0.9994779817542307 0.9994530124540315 0.9997488468667547
0.999476859160541 0.9994324729000613 0.9997710668291838
0.9994745860352732 0.9994239941703393 0.9997374067706561
0.9994804602050519 0.9994506112961593 0.9997427268953551
0.9994780174897716 0.9994391109516914 0.9997549367676982
0.9994796580706387 0.9994632389511495 0.999761223819697
0.9994764117681415 0.9994458628601928 0.999731792246563
0.9994758978281236 0.9994399845169224 0.9997493195075533
0.999476585870399 0.9994297951581903 0.9997363734845578
0.9994796541747137 0.9994662912432096 0.999751879195817
0.9994770561459054 0.9994350620945721 0.9997507572917793
0.9994731342928688 0.9994410314354895 0.9997326231145769
0.9994805116279323 0.9994513771771272 0.9997518817567369
0.9994773362032411 0.9993848343939467 0.9997270703560406
0.9994766367709828 0.9994875304728567 0.999751920306176
0.9994765444941034 0.9994661663133028 0.9997549274291522
0.9994706107592054 0.9994516066330573 0.9997450318312843
