# full, direct, likely fidelities
0.8811990192379175 0.8878641955132549 0.9504290466482906
0.8819501316778042 0.877750934455898 0.9486668604690327
0.888300958367579 0.8690566446722364 0.9476938249657502
0.8794000619456454 0.8753599940000396 0.9561274989119108
0.8844524481889499 0.8728633551117899 0.946707664421316
0.8793854070552954 0.8770252093065569 0.9525010148840812
0.8845654656100002 0.8787428773338811 0.9462834147690157
0.8830517087636717 0.8767340265359607 0.9495417722944087
0.882465502803966 0.8726100780135103 0.9502070659133104
0.8841271452770358 0.8624924793518335 0.946318477429094
0.881107921777606 0.8805776338855418 0.9475265319282045
0.8798428740572105 0.8819407108445578 0.9464986527879595
0.8825659130512304 0.8716619294644097 0.9464217121615162
0.8847386640458599 0.8742358865777046 0.946331504504671
0.8818711803589074 0.8738399987181167 0.9521524446724032
0.8828323873076127 0.8816657979702247 0.9528080060772431
0.8777512344449785 0.8771370158956969 0.949530965411596
0.8817448113979067 0.8731715477690203 0.9483589886831195
0.880709932331538 0.8792878609932542 0.9497202154174992
0.8802519568732385 0.8685198776994558 0.9463504222068386
0.8788883380929818 0.8860886115748184 0.9457853861319886
0.8806080623591949 0.8864453399002351 0.9529464919131053
0.8846171726174487 0.8645462051234579 0.9514325158165975
0.8808319771761854 0.8649124797953825 0.9497362249152743
0.8796211451375539 0.8804463849458228 0.9468848048160418
0.8845655217934698 0.8806605214684202 0.946882805197608
0.8812206764583569 0.8762597964786409 0.9444853403548079
0.8818981861125009 0.8762240086181353 0.9512103719510255
0.8810045821333808 0.8781009774472142 0.9496489133556405
0.8832887603931648 0.8698408099870258 0.9434009940242363
0.8814098862656424 0.8801765457622376 0.9477844749905388
0.8894425342539098 0.87459916521239 0.9426758752925962
0.8837983148189602 0.8806571963294068 0.9515661062402526
0.880013813375472 0.8849388712518106 0.9505446755890394
0.8811973150150739 0.8829198529950507 0.9440454972716199
0.8795585920978475 0.8817468095744354 0.94883038169698
0.8837200040304286 0.8776674552018883 0.9508300986009577
0.8851461423365495 0.8714083398930541 0.941885817404195
0.889003107200506 0.8710262272601932 0.9453127778457627
0.8820599806566732 0.8784653441104228 0.951024753363542
0.8819221233701556 0.8787778373411472 0.9442825076937653
0.8796634776132652 0.8813189534127185 0.9491146894947672
0.8842096796374852 0.8785222857453119 0.9477601674241244
0.8819328825433944 0.8681712397876766 0.9493464523212093
0.8829254819136437 0.8841284494007944 0.9515801105454598
0.88125733983083 0.8779371685154915 0.9468032143137345
0.8848065593960859 0.876624807026652 0.9489350901641178
0.8834266197559715 0.8807614291379008 0.9484136050307403
0.8798789223703541 0.8817599578270365 0.945424067955332
0.8814336658737789 0.880425215271277 0.9490442496745607
0.8819775054178448 0.8664396449265332 0.9483201351053729
0.8810311509437979 0.8781755011116075 0.9481906645246878
0.8844241649836256 0.8691463811397071 0.939895363466923
0.8800369087577701 0.8812982623426308 0.9515245960018234
0.8778486350296758 0.8861967174268849 0.9496276965731251
0.8806804032519668 0.8834850152816128 0.9480173344482338
0.8819064051344233 0.8820783574790961 0.94788853823658
0.8816040539692042 0.8832941932826041 0.9525096330016866
0.8815579302449069 0.8775208570164251 0.9461088491625032
0.8825347383047051 0.8855732267973955 0.9503822066567825
0.8791113798198221 0.8799725939737213 0.9517353856380324
0.8868128356202493 0.8702672678280344 0.9475595443929195
0.8800776839678908 0.876479699839358 0.952101666096401
0.8871260444806984 0.8642051772962009 0.9552741098187391
0.8825820473426683 0.8770319203414817 0.9473698025654776
0.8801259564906334 0.8863572494786529 0.9479608067030111
0.8806662591006569 0.8807435353764975 0.9515337768778129
0.8854554171839024 0.8780257831736239 0.9470910523944814
0.8822279696148893 0.8795580001557898 0.9541408047669885
0.8827129751998775 0.8834093999304908 0.9522347775666342
0.8847886077491866 0.8728166542094377 0.947966816648189
0.8835516369548255 0.8809536917253457 0.9436055920504868
0.8861249868309151 0.8619176092162628 0.9481465350973247
0.8832986515102335 0.8718097247042469 0.9443986484560961
0.8804643155924922 0.8690216370157471 0.9444660655199398
0.8824779341976086 0.8828415787754823 0.9478262597692623
0.8806144747673789 0.8736660574824534 0.9490108365683596
0.8800005390257887 0.8843385872068171 0.9521655680172433
0.8813096518557615 0.8706000974796644 0.952359352628601
0.8779463296934493 0.883459749890493 0.9515191404166733
0.8855330068242507 0.8732199102644134 0.9499753859961562
0.88301950332161 0.8775160313903926 0.9477173937027561
0.8826438553632178 0.8791316922373418 0.9446963626177147
0.8824572867968494 0.8836589901151967 0.9520498496782434
0.8788549762829148 0.8734480024421301 0.9532367701169071
0.8794508079482972 0.8792856374613895 0.9508397891403226
0.8802653332929049 0.8795656713388041 0.9479156356111654
0.8857614339172221 0.870191399608686 0.9447963175533062
0.8808541293902462 0.8826249481755274 0.9515772669675038
0.8858923987774605 0.876275839663083 0.9442769456453245
0.8853117232888159 0.8842924259907952 0.9510744183131826
0.8799360132945118 0.8776391232099312 0.9457253831411078
0.8791832538729201 0.8762493231506445 0.9478225995921453
0.8849637087547146 0.8797674596015334 0.9463774893176009
0.8811503956667084 0.8749577481974786 0.9474462912737389
0.8812781481960551 0.872211559738462 0.9506455597677274
0.88124243244235 0.8768207037759251 0.9509459681913028
0.8787477385420943 0.8799364770694332 0.9512468659871831
0.8846775391460159 0.8752763233713201 0.945845695538335
0.8811257300237548 0.8888635339312178 0.9472429998796164
