# full, direct, likely fidelities
0.9989132859400058 0.9885096797743383 0.9955726123052081
0.9989650795964373 0.9895183375930453 0.9955632358783348
0.9989120182461104 0.987659812353783 0.9956323567653195
0.9989484352248901 0.9890253975173016 0.996147701955595
0.9989575025392828 0.9893505937644905 0.9962533193272859
0.9989095445942145 0.9900259245181072 0.9959275559879962
0.9989380929936332 0.9870252964566979 0.9952670356919383
0.9989546003267066 0.9887602425199631 0.9949807131248299
0.9989420429713393 0.9854881004115089 0.9933716246600912
0.9989712374567766 0.9878893696704065 0.9956783848727427
0.9989376991652036 0.9889311701072823 0.9963698227383774
0.9989290167075973 0.9893947426909917 0.9962972243446956
0.9989643030511253 0.9893546396595058 0.9956952241377238
0.998933958164751 0.9873406132146881 0.9950480346626265
0.9989423122138984 0.9891765821087557 0.9955745778763074
0.9989572748388766 0.9885082541138515 0.9960379632513264
0.9989585558907903 0.9882388192653104 0.9956583081835075
0.9989497947252973 0.9876746139633531 0.9953217513633026
0.9989495283750331 0.9910206962243938 0.995151290602307
0.9989907066545445 0.9876234267538739 0.9955738149192367
0.9989547223765781 0.9890501667520242 0.9952914159722397
0.9989565887567032 0.9878859563097775 0.9952319506312663
0.9989474827240793 0.9881591392805901 0.9953981309353713
0.9989243578855997 0.9878226974808318 0.9964859976876885
0.9989369066924206 0.9878683182166141 0.9953128006037738
0.9989362605332992 0.9894347995722811 0.9953684998851372
0.9989475183298059 0.9871850746585805 0.9958401463223235
0.9989648765852468 0.9867888038610477 0.9956738991633203
0.9989451910701816 0.9854810268577506 0.9954545023919775
0.9989775990405058 0.9902328947213964 0.9955444959480083
0.9989863449889906 0.9875687795756933 0.9951457071984954
0.9989107742646279 0.9880162398111454 0.9960105787391479
0.9989659683300551 0.9896161505377783 0.9956761896453669
0.9989507081681489 0.9880141409484706 0.9961487916300326
0.9989309154932118 0.9888917890887078 0.994346668789585
0.9989598559544096 0.988465984447239 0.9961393365167601
0.9989071212907797 0.9884768558876215 0.9959585766097178
0.9989959076203656 0.9893890370542109 0.9947563378833674
0.9989458507318486 0.9888128531298744 0.9954593573415315
0.9989621867581712 0.9883966219229878 0.9960278074499913
0.9989575169111827 0.9887448312608157 0.9966355603148055
0.9989387546557512 0.9859851441729517 0.9945364117102771
0.9989662386862082 0.9894332377259901 0.9957236031888679
0.9989742977014249 0.9874515513476565 0.9954324743281493
0.9989546890051164 0.9880490230585844 0.9948679222105518
0.9989351383917954 0.9865393436730236 0.996365077693174
0.9989569526632053 0.9890955280355929 0.9950757539051546
0.9989660680305781 0.9883194081970398 0.995520845000462
0.9989412783697821 0.9889130735201679 0.9954921221829577
0.998958217265568 0.9878718713601781 0.9950778886449818
0.9989491486595525 0.986965479087833 0.9952100588370175
0.9989267914699577 0.9867703947589925 0.995803512670502
0.998944721750058 0.9859127569283015 0.9962815297451985
0.9989190123695451 0.987461585635553 0.9961727201814818
0.998930853872649 0.9871635269464376 0.9959858701029309
0.9989414865780446 0.9864138665029073 0.9956651622532332
0.9989420750609024 0.988717064742969 0.9957973970372097
0.9989415677319874 0.9891431998163149 0.9959180535674
0.9989626670446212 0.9870897769363356 0.9955443003722957
0.9989389579143227 0.9898856597168324 0.9957223352626726
0.9989308760099518 0.9880213003239727 0.9957399460335047
0.9989319961516789 0.988810966718494 0.9949371114731396
0.998951473198236 0.987543972546836 0.9945394495242462
0.9989291878086483 0.990140170320737 0.9949205689754516
0.9989556753228978 0.986132407988879 0.9960264898173468
0.9989506249386438 0.9877017683766118 0.9956197741918432
0.998973064002489 0.9871502507920566 0.9959866372092044
0.9989590764858718 0.9882258319297116 0.9956411189589156
0.9989554140716445 0.9868466665059406 0.9947053498051391
0.9989376330591948 0.988846611115891 0.9964244043749766
0.9989251995274933 0.9876815619067314 0.9958316710420579
0.9989701910004813 0.9884061761420873 0.995798153534524
0.9989334471247225 0.9874663828505622 0.9947711327432395
0.9989746600979986 0.9891077789642833 0.995850088921627
0.9989396579421178 0.9897195973421187 0.9951111877692769
0.9989198540624769 0.9869351907043227 0.9947282509030951
0.9989159800005974 0.9876747937552943 0.996099671907558
0.9989135215242941 0.9886489889017297 0.9952665038119625
0.9989391439807106 0.9891573707481844 0.9951213518499312
0.9989494726345765 0.9896598686201414 0.995307975992995
0.9989568750450959 0.9879892583516245 0.9957167253054747
0.998935651883751 0.9872366611580421 0.9954748576025966
0.9989368552396584 0.9850503069989404 0.9941499385846134
0.9989813475284076 0.9883547763101547 0.9947026675150201
0.998956452918653 0.9873682461901517 0.9956187743118105
0.9989806532101355 0.987821730986177 0.9963777714170075
0.9989783445367786 0.9878385079506498 0.9955999467002276
0.9989461656222798 0.9883197003931087 0.9956056733060626
0.9989898971407547 0.9890343053047272 0.9959976777521663
0.9989555649603655 0.9876080723047702 0.9952718396730273
0.9989231840208884 0.9888776494140871 0.9956144357622528
0.9989573752319549 0.988598137645704 0.9956634306923264
0.9989682839587448 0.9890682668853314 0.995677116462018
0.9989702378910006 0.9882947124587165 0.9960951668554967
0.9989472131939162 0.9878058387809434 0.9957943109629366
0.9989815616672962 0.9887904750360952 0.9954658257424227
0.999013424242464 0.9887028919424115 0.9943563696726818
0.9989345133762508 0.9886420798160055 0.995292526034338
0.9989421998482243 0.988474083322162 0.995496745872536
0.9989238806296478 0.9890570341984973 0.9960703655138605
