# full, direct, likely fidelities
0.8373936095788993 0.9508862148819479 0.9806096461516843
0.8425476477339282 0.9505567383978805 0.9790629817123205
0.8336354864387994 0.9481806912192704 0.9809036983802105
0.8341266178728833 0.9512815492779597 0.9819770608988108
0.836754474964051 0.9495765381329327 0.979469354857388
0.8409364770158646 0.9478664166283087 0.977981043994706
0.8359804574944641 0.9511673316644053 0.9806229604547387
0.84025733318965 0.9490648137698912 0.9799312484533447
0.8387650512688506 0.9501509925604755 0.9812145193404358
0.840936526842949 0.9505337562653174 0.9789543378359424
0.8379772846998454 0.9507671781114203 0.979308207436145
0.8378972581408024 0.9512977260559092 0.9798234619339301
0.8337945760036458 0.9542863740231357 0.9807057885064641
0.8391559072237595 0.9526576648737606 0.9793548939322809
0.8374829045582514 0.9503252238181593 0.977970015984954
0.8373409209788976 0.94939407042033 0.9793836326033097
0.8401892172342457 0.9519674544627985 0.9815137825233381
0.8388567098657217 0.9494069109664122 0.9783706564742541
0.8385772168168816 0.9488792499073656 0.9807149169195707
0.8342571964937792 0.9521527888957193 0.979317342136643
0.8390686272392439 0.9457284963136973 0.9801058835875277
0.8425251840438014 0.9481596464930259 0.9796333945547067
0.8348489288164196 0.9534217177925249 0.979777967172931
0.8380884050847109 0.9493763592203257 0.979697764287485
0.8374883031759018 0.9504762017451395 0.9802374125806081
0.8356743506443727 0.9522892419477561 0.9796309436278813
0.8354927695546556 0.9495619511919277 0.9820479868419427
0.8336743100123458 0.9507307313380868 0.9799659551258048
0.8345455448465445 0.9513377759599828 0.9800736089617685
0.8327326734388223 0.9543491448475214 0.9805805878693928
0.8344504304073209 0.9497473048457378 0.978510144267329
0.8343898887694331 0.949281964151294 0.9793064694686842
0.8331362153691505 0.9525289509976458 0.9793932479641095
0.8352030365150912 0.9498520116460478 0.9781969844388047
0.8392812864273477 0.9491335739296396 0.9779858447175018
0.8346715986330264 0.953252628336193 0.9803564977383772
0.8359147712262217 0.9510841739375028 0.9810145931997499
0.8399353347937664 0.953279816197589 0.9800103551216727
0.8369903658481401 0.9520971772944978 0.980006064191163
0.8348453216880755 0.9537378787997335 0.9816035856902378
0.8403954483813381 0.9514586474424656 0.9794051717813238
0.8404637742868656 0.9485043239020843 0.9805251016378554
0.8425227826038955 0.9480847229185108 0.9790288472636534
0.8359098866545833 0.9512643256976053 0.9797466292473695
0.8362202892894047 0.9519933939795859 0.9810674005084767
0.8369731030871593 0.9533086022159227 0.9795398411217383
0.8386808811011754 0.9464195354915244 0.9794267944076008
0.8360032401677276 0.9497959848821594 0.9797686511037466
0.8350825419214081 0.9532493346063473 0.9799212417088875
0.8335751848845905 0.9498353957973179 0.9793229836451173
0.8377142528285015 0.9517794984522476 0.9804242321598325
0.8371307632068589 0.9513037935906774 0.9798907390516243
0.8356894027995689 0.9505489871501307 0.980185404881413
0.8363779727771826 0.9510198474977162 0.9805485887998461
0.8312063077232426 0.9538063073874906 0.9802582207614153
0.8363327514411559 0.9495121294806179 0.97979936660157
0.8410061884894771 0.9505465412428526 0.9799953122215812
0.8350858901105088 0.9514056659947868 0.9782642470145846
0.8338449836021244 0.9521354632320372 0.9810911507886785
0.8339608713330221 0.9535280010886997 0.9799354336857917
0.8350161983049218 0.9495156983660863 0.9804797414757356
0.8448203182040557 0.9457763276486365 0.9804689968181923
0.8373551466918273 0.9515495348946816 0.9818110304484697
0.838323393142918 0.9512263965891983 0.9800297715154237
0.8354482862407893 0.9522583832940004 0.9815833679467383
0.8378720377677291 0.9484972458501294 0.9807464892792411
0.832676257183473 0.9546504268627868 0.9807372151681178
0.8429305815463948 0.9467734123539527 0.978836578048465
0.8419123119158377 0.9494693442426763 0.9806629634202071
0.8411737560278723 0.9487135079537728 0.9781144159038186
0.834827142174293 0.9480945522489518 0.9794128306893957
0.8322886165908441 0.9495410519056128 0.979795904524881
0.837729819155829 0.9485296883194744 0.9801800118895831
0.8386736914530912 0.9509671373843559 0.9805837092097616
0.8356366464135759 0.9515918705695966 0.9804248605946293
0.8382768733648073 0.9528630136456423 0.9797911382831658
0.8476249654022111 0.9454327250548527 0.9767703183428731
0.8347416024641383 0.9491646486559634 0.9789866814606744
0.8330467233390615 0.9513777890448577 0.9790435837901297
0.8355367089332892 0.9526686325080842 0.9810595926934204
0.8348716877920572 0.9525065823363869 0.9809257204660394
0.8348352407680477 0.9507740349472673 0.9811194174153983
0.8358983947969689 0.9511892057736525 0.9800745530210865
0.8358164034006195 0.9517420678120592 0.979671158434605
0.8333167782909057 0.9517206344785342 0.9801142712105402
0.8361901472728163 0.9510098585210016 0.9817818879267366
0.8392416350830506 0.9480172663429284 0.980034918269193
0.8402647156052233 0.951240913231266 0.9806317580384533
0.8345714529304886 0.9516492015679701 0.9797341871798242
0.8338174765017691 0.9539394200844432 0.9806143566182702
0.8361392262134775 0.9490746814132516 0.9799226734782297
0.8348803986841263 0.949663320370477 0.978750971481901
0.8361401382310528 0.9525185502735621 0.9804836536209153
0.8387490702880839 0.9512481528363455 0.9800313251636272
0.8361177032706032 0.951623895338412 0.9804866151621221
0.8349178670353181 0.9525376204413716 0.9801648924501042
0.8336677334973047 0.9544100328005154 0.9801558513414639
0.8382364968360039 0.9491342873114449 0.9788638236489365
0.8388889274897195 0.9513356915671204 0.9795634021961992
0.837812236064898 0.9524682707604988 0.9816982443848565
