# full, direct, likely fidelities
0.8035011198312733 0.790545569642987 0.9141583507033357
0.8166803371327093 0.7539483719829532 0.9078002101516462
0.8222937375549493 0.7715326412383218 0.9184041879289786
0.802540572049889 0.7985901837072634 0.9165001000178291
0.8039537367589217 0.8027043173199124 0.9163215227555922
0.8209617437010933 0.77483518538958 0.906145944472736
0.8081256377016888 0.7871525425882396 0.9172885490936441
0.8207745692071298 0.7650064481185145 0.9136457962625605
0.8082513519582789 0.7560661811966631 0.9237143332843217
0.8095520285667581 0.7798626467431762 0.9135517765844111
0.8244951285349867 0.7458960186910187 0.9028054352614178
0.798325431560734 0.7652588265124461 0.9099912300498203
0.8183869423603144 0.7796849822853849 0.909284640991038
0.8146353398419626 0.7886490391563509 0.9098222040267904
0.8131969766464008 0.7668071722670614 0.9080735696310013
0.8013733198437397 0.7933151525331634 0.916932711878629
0.8242746269135638 0.747723482153119 0.916886604180269
0.817542661749874 0.771483966505934 0.9029524588520105
0.8120328170102669 0.7716258143007294 0.9075491618093451
0.8081910290758143 0.7813697466646349 0.9139025267667474
0.8037749033312894 0.7976417937589775 0.9175750547518413
0.8136983688055464 0.7516064899338782 0.9083590556602619
0.8141223072678391 0.7684798487608396 0.918552554831023
0.8101025371259586 0.756263216696772 0.9142227094886444
0.8084647860379437 0.7979811382410238 0.9116038484255031
0.8111221413089273 0.7694352825814154 0.9137586964819182
0.8066261300492333 0.8038056844884218 0.9285624888354245
0.8090875109492203 0.7828187408037928 0.9192445561897337
0.8008228495882972 0.77726621820826 0.912962350813644
0.8103089719717329 0.7573035113134072 0.900938273462938
0.8261017457548316 0.7704142349134224 0.9088250461630479
0.8203794060092561 0.7857295060983298 0.9096069113537277
0.801690337077737 0.7466847824681382 0.899096239786514
0.8186487493554226 0.7611612098379417 0.9150026510957565
0.8203611948307103 0.7401832688546508 0.9151173578394273
0.8095020089510419 0.7857004862687554 0.9098617842253346
0.8132339106044659 0.7589469819097789 0.9049517348046744
0.8191236195741812 0.748514405642333 0.9001030861833402
0.8186185488413534 0.77904748464923 0.9077146096230982
0.8133581732692121 0.7754680315100698 0.9135441319564753
0.8129556669860607 0.7780767661966544 0.902598201802695
0.8060712901753305 0.7604638112774907 0.9131514434698257
0.8099669481399897 0.751609361861011 0.8934974692044453
0.8067306204793055 0.7674991062058114 0.9081512491548849
0.8111333555585747 0.7875534379564235 0.9174266008495814
0.8025061175969728 0.7695071728275786 0.9065731587563246
0.8313741408984866 0.7590893490425854 0.9063555774131687
0.8159738751017158 0.779922784768716 0.9077347399847725
0.8084791871001914 0.7799127689666634 0.9025076735505847
0.8078878152254103 0.7992088223772416 0.9173492332846603
0.8047335693161211 0.7732926556298301 0.905784169796956
0.8014103263277341 0.7626144128032251 0.9123202684107342
0.8094573142403638 0.7658069184679396 0.9207919255608281
0.8044427580176953 0.7951800224716041 0.9170235941684466
0.8220783775256095 0.7743390452356085 0.9045638194008594
0.8163460334639687 0.7338593983023566 0.8986043285901132
0.8191927926359943 0.7504217430780273 0.9123116007775857
0.8161712271790625 0.7804736688712208 0.9169472575541348
0.8233059641353119 0.7645996382332229 0.9082106963323887
0.8168721397925767 0.766585378479546 0.8969701430609359
0.8180168015458436 0.7618643124563418 0.893218463195021
0.8182354125744199 0.7410033061639549 0.9089968116150192
0.8111795132499834 0.7722237782732525 0.8981739090438318
0.8098030443292263 0.7603962933287106 0.9037409846507001
0.8205915990275694 0.761667944297853 0.91018824956098
0.805389886274205 0.7842607145485632 0.9186637465877098
0.8129445273909663 0.7835282754918882 0.9130044816244514
0.8236300658044671 0.7895640430683569 0.9145683133510192
0.8085779304601105 0.7695824609368827 0.9081429873272441
0.816203962750599 0.7540111237347616 0.913008316801991
0.8080803265384117 0.7842368283002524 0.9189365062597875
0.8188266235860748 0.7560581309057642 0.916525899716441
0.7996083244432418 0.780260872685714 0.9089503698894396
0.8119045185754148 0.7745603488541245 0.9117317515844933
0.8287216834250182 0.7787265139444466 0.9009136486205197
0.8021749266233402 0.7768641699980675 0.9128383646418943
0.8180340747208835 0.7729287425253935 0.9164458535584147
0.7974588794362373 0.7863068391889574 0.9260435348802436
0.8065830692012198 0.7763700806442945 0.9139961471012862
0.8103381970482784 0.7715017991934238 0.9134479293605421
0.807772195075716 0.7566473957792643 0.9052299934302614
0.820625271570579 0.7536415759414721 0.9133863749788191
0.8222700205960178 0.7728300580850394 0.9042001993669476
0.8129971602294823 0.7696459021410658 0.9125048763473173
0.8184979350234025 0.7706126221326094 0.9085532191258894
0.8073026119290535 0.7810109096873185 0.9134100933638692
0.8085356924909067 0.784952415386627 0.9131854858094101
0.8095735533191499 0.7797482275720258 0.9009018076148361
0.8098520471039526 0.7356418414904267 0.9122435836291655
0.8205089496181655 0.7290723680012585 0.9052770551648142
0.8122378439801566 0.7612438673044079 0.8959036683179166
0.812981455516135 0.7692758431014285 0.9054526389714326
0.8217404695072942 0.7450720273894845 0.9063358409128537
0.801090340558688 0.7805919957976243 0.9129489731636705
0.8095526999094612 0.77341886021535 0.9114520429492013
0.8056492427236177 0.7743547507700514 0.9179397636400609
0.8106557350779506 0.7848060871276863 0.9220053365979042
0.8162537078189419 0.7687246798915052 0.8937273408903645
0.7982382551829943 0.7786029613189129 0.9209102894986867
0.8141395342196286 0.7751372451168173 0.9156163973721052
