# full, direct, likely fidelities
0.997909134461642 0.9941154406471763 0.9977192475998914
0.9978269090135814 0.994987256199084 0.9977672804177216
0.9978191079822734 0.9947945956592942 0.9974253000207248
0.997790771905837 0.9945332489054615 0.9975652050553006
0.9978480434369114 0.9950102706818494 0.9976033410633158
0.9978630529986438 0.995013412583957 0.9974108133449272
0.9979232453034618 0.9944078500445662 0.9977036870976623
0.9978440590724107 0.9946347276458005 0.9976029598766097
0.997900376663096 0.9950223319194202 0.9978554606943216
0.9978285458500042 0.9946592176939708 0.9971227544789022
0.9978724115122317 0.9946337780620866 0.9972814489833995
0.9978120907561072 0.9948569291554018 0.997172857451545
0.9979106083735635 0.9949272855676076 0.9977692250226924
0.9978717266833569 0.9945566911278096 0.9976558220279526
0.9978721130130274 0.9951776200027845 0.9978015150197653
0.9979076083191348 0.9946139656600006 0.9980545415269481
0.9978474910676827 0.9949399594262573 0.9976683585161249
0.9978583879037931 0.9947843486450276 0.9977892601928802
0.9979161327481564 0.995029922574938 0.9975735298668219
0.9978801615843835 0.9951049822311365 0.9977931058312308
0.9978505426306702 0.9944688706484708 0.9977917777197983
0.9978553417580269 0.9952767563018731 0.9977973064572164
0.9978099188120196 0.9946168091711067 0.9976149894549475
0.9979029407518827 0.9952781113739602 0.9975203837379466
0.9979546718122284 0.9950968418160294 0.9978149870154792
0.9979086916107045 0.9952679023824929 0.9976468679465448
0.9979003487123552 0.9946012761816017 0.997802045037434
0.9978659619478717 0.9952130123309709 0.9975912547550777
0.9978388756267602 0.9948510454579144 0.9976902699157381
0.9978738120230565 0.9946211868920432 0.9976039209046089
0.9978878096316394 0.9949862524797217 0.9978235482763373
0.9978944258970593 0.9950138324709725 0.9976864575362181
0.9978642984739314 0.9948152543647922 0.9978585097263206
0.9978470124756764 0.9946488420711731 0.9976744397192114
0.9979096980875236 0.9943309084344905 0.997726447972162
0.9978482233784143 0.9950239128979819 0.9974316405400786
0.9978718420586558 0.9947608976792802 0.9974338598702158
0.9979374471062202 0.9947728931948217 0.9975468202329075
0.9978841439119871 0.9947661379935963 0.9976968522352753
0.9978138652068977 0.9945207325330839 0.9976196345308542
0.9978436716383835 0.9943145177945727 0.9976210946144208
0.9978479792437284 0.9950696552740111 0.9975940679912586
0.9978008565018712 0.99430377929966 0.997669288677353
0.9978969448318138 0.9947295596139178 0.997613309484158
0.9979239539780267 0.9950858583653821 0.9975014710177732
0.9978300115452996 0.9947599298521264 0.9975099692436076
0.9978363104697938 0.9952269415953435 0.9975773985660191
0.9979127569937963 0.9946084753651948 0.9975162916817231
0.9978322575463406 0.994662016828732 0.9976138532046636
0.9978569846824038 0.9952603448867453 0.9978436343321392
0.9978563867318214 0.9948178736517492 0.9976300657278789
0.9978973828179148 0.9943465737665345 0.9974614195544228
0.9979101113005201 0.9949684552988786 0.9976824025017692
0.997915962901398 0.9944957848523736 0.9974872476133837
0.9978923761809201 0.9950398258145204 0.9978526853511387
0.9979505525532636 0.9940534673072385 0.99752272811622
0.9978716093694081 0.994647438759479 0.997495893964326
0.997894138053587 0.9946117022215006 0.9977081949483495
0.9978679943517085 0.9950281982881988 0.9975474398153276
0.9978935489902803 0.995055459918923 0.9977492516203951
0.9979057871587974 0.9948911095875865 0.9977411809735621
0.9978545604085141 0.9952256878285781 0.9975410178586986
0.9978257073096224 0.9945085818209193 0.9975629184506464
0.9978195236207907 0.9945913219457388 0.9976943551359386
0.9978774069377123 0.9947609115032585 0.997581714143932
0.9979168449733454 0.9945917691301307 0.9974777818638357
0.9979645066854647 0.9945255704229871 0.9974207919546543
0.9978713220443259 0.9950564787099637 0.997510028985104
0.9978957281115948 0.9946593970974886 0.9975878072054839
0.997823463016679 0.9948768514487165 0.9975241473054508
0.9978123247021456 0.995112853281557 0.9975730561773489
0.997846391434867 0.9948678761923705 0.9975664759800631
0.9978753727172889 0.9954766760188086 0.9977068620403508
0.9979204493349654 0.9946544722790038 0.9977885671121399
0.9979011063865227 0.9950604483889147 0.9977681084581388
0.9979187420094463 0.9946683905994584 0.9979139448504325
0.997900842237992 0.9950581996643955 0.9976245662225816
0.9978418692905845 0.9949511663436319 0.9975949112068863
0.997843658791183 0.9948792714090297 0.9978956704488894
0.9978771921849678 0.9938806435863126 0.9973940881662068
0.9978589077308562 0.9950947850602057 0.9976164271961393
0.9978665817978951 0.994089533035951 0.9976882158860823
0.9978256123955637 0.9947293724106644 0.9977973548138515
0.9978187536537184 0.9940078556960759 0.9976803176456659
0.9979371152409003 0.9946403988764004 0.9975698856468458
0.9978073375386163 0.9943465924250372 0.9975790760269155
0.9979004480772958 0.9949861975645757 0.9976406472958927
0.997878242857454 0.9951669656570035 0.997520051916342
0.9979197979073213 0.9953784680482826 0.9976328452636216
0.9978390579754443 0.9949117460414388 0.9978711427115728
0.997898114566272 0.9947997809624877 0.99764637806552
0.9978870279324991 0.9948713715068817 0.9977986806425898
0.9978760930960717 0.9952247266167968 0.9977317008004333
0.997872784529915 0.9950154757895948 0.9978418434607285
0.9978239205621889 0.994341556376458 0.9975931170581345
0.9978065304780194 0.9950123452057931 0.9976177576965118
0.9978719725714784 0.9946701249494154 0.9977381680462338
0.9979261223523542 0.9951437222114092 0.997853523372229
0.9978715710801425 0.9944617496074544 0.9977904107260991
0.9978876993541581 0.9949105536228601 0.997346232572368
