# full, direct, likely fidelities
0.8503909962951134 0.9650137936656479 0.9851854886571082
0.8523042026193676 0.9632395888998703 0.9850045727330603
0.85308573511502 0.9631598646811054 0.9846287963123184
0.8560263300070496 0.9620163769682396 0.9857299799103499
0.8529918461805808 0.962137329326306 0.9853912407865452
0.852612257313765 0.9622789979124657 0.9846726378655066
0.8494072961628789 0.9639811268499131 0.9859170832416677
0.853400049524596 0.9627126952367725 0.9842434102039711
0.8518080079774205 0.9637848004383337 0.9861016652153186
0.8548081845767832 0.9615480195049108 0.985603878963572
0.8545804957681132 0.9620071385558605 0.9854405361589235
0.856708759744028 0.9656736031186618 0.9860638233069335
0.8581506074321436 0.960882571695194 0.986987250108376
0.8528238883572054 0.9629651315127497 0.9851474888554504
0.8528872141998897 0.9638046746801364 0.9848732719794536
0.853759587891247 0.9628291513262995 0.9839711279060166
0.8539213050374773 0.9614861658135274 0.9852705954487782
0.8570935223538578 0.9589176808632812 0.9846800247906988
0.8518818512784635 0.962376425167453 0.9843352494764157
0.8513752643859495 0.9655467149164175 0.9844534495462217
0.8561841056937247 0.9628091029268577 0.9853164087602986
0.8508807230417482 0.965120675800358 0.9846960989532535
0.8513687601301887 0.9619913986581212 0.9859176033632728
0.8551177161972586 0.9617075819983595 0.9837390744802149
0.8555140477050387 0.9646326618899577 0.9851956209776908
0.8542319023056469 0.9645699579197865 0.9848869380246865
0.8537581277973368 0.9623260163804899 0.9850222630098953
0.8520380902436121 0.9641548647413908 0.9851719656147918
0.8522406099251056 0.9631259162016619 0.9854408322384389
0.8495364432281075 0.9664616587890946 0.9862310877636831
0.85202371551526 0.9653132375242011 0.9846888139240118
0.8555193208581706 0.9634670738357658 0.9852829816703519
0.8499141799189771 0.9628310287788479 0.985561250406766
0.851511013411599 0.9630340420541873 0.9857158162915071
0.8534074350975805 0.962776944169399 0.9851317836265483
0.8573398624586632 0.9604669716699555 0.9815092673518716
0.8507770252289394 0.9638422409811245 0.9855203306639608
0.8521609231591923 0.9633085265938842 0.98571616959498
0.8524814250452799 0.9636771533118313 0.9858626439156549
0.8560541011119243 0.9637316221915672 0.9854939156004416
0.8546936179881626 0.9634010765356343 0.984047504263195
0.8505839207644779 0.9618251672312906 0.9860827497114185
0.8516038453545896 0.9631293872461243 0.9857972410160079
0.8542469906100074 0.9622996826633505 0.9866309794387824
0.8537651247613807 0.9637812875333254 0.9850980735409454
0.8467607445825464 0.9654821279962188 0.9858207003860672
0.8585671242004248 0.9556465594389507 0.9847421569896677
0.8514577549722124 0.9645872507191903 0.9849157957877092
0.8583916831380428 0.9595348879840241 0.9853191301825698
0.8505790255648404 0.9641924263269238 0.9858248369007779
0.8498103823347511 0.9631696561767799 0.9847441851590054
0.8501734158280976 0.9621320139040072 0.9852618576991542
0.8576225736111731 0.965104809755054 0.9855284135349798
0.8509903073661926 0.9642547958124754 0.9851329993276021
0.8539941107984105 0.9627480335884986 0.9861483321508404
0.853897039233398 0.9632160462227595 0.9847668319483244
0.85466801793533 0.9609856347228135 0.9854642877785991
0.8510595193716891 0.9624169374829683 0.9847669543952127
0.8567663457720759 0.959435512376211 0.9838204220325124
0.853525281956791 0.9628142921292311 0.9847248561409797
0.8493420951174186 0.9653996961863758 0.9846327396126873
0.8516722281644092 0.9646069398110546 0.9859098865004736
0.8536661019535986 0.9635384066544257 0.9859188741399658
0.8516324292477098 0.9638795582693722 0.9852484555445825
0.8530545607802865 0.9640647380511145 0.9853356280294749
0.8513165460172138 0.9612557091866807 0.9839638203822333
0.8533786537413924 0.9615846803013657 0.9860398032129932
0.8527874664087768 0.9614971653934775 0.9847294847133544
0.8554027936258607 0.9644266793730457 0.9848437219031971
0.8518377722520244 0.9648051602335873 0.9859100297988477
0.8534802015404954 0.9582635939003243 0.9853619116707562
0.858297943456758 0.9588662875061923 0.9852434210124955
0.8518663348034086 0.9629263488637001 0.9840314862673604
0.8561306326511802 0.9637209918983405 0.9850844440192689
0.8621063720382605 0.9559631442016482 0.9835200285473606
0.8522303347099922 0.9638415468097973 0.9848112316204287
0.8522693549881998 0.9630803933706283 0.9847282029997018
0.8522289502833938 0.9644927566648145 0.9850714991922035
0.8549495306502393 0.961520731103655 0.984563986005162
0.8528434914866999 0.9631800545632814 0.9852685493272318
0.8638288252029462 0.9608069667016135 0.9835188419879943
0.8507515014880881 0.963192455447003 0.9851988392553648
0.8544149810864008 0.9643549224419926 0.9845707302070829
0.854811541338036 0.9631387473054205 0.9866500609489235
0.8474566525788128 0.964713803929551 0.9849655644707211
0.8506294959141213 0.9636330269948881 0.9850747456626029
0.8523078310035452 0.9626293669959531 0.9857926377268025
0.8536223664110714 0.9639229054426407 0.9851604912222977
0.8545887263967252 0.9610429060245615 0.9852386501291795
0.8521068659165167 0.963341747007597 0.9854991069746578
0.8561659792878817 0.9621121463411414 0.9852345021351218
0.8518863949468966 0.9639915941006142 0.9852893948666572
0.8534961729062875 0.9631897250680551 0.9859196817793023
0.8572797930500453 0.9638338445576081 0.984269552473407
0.8529163111447612 0.9608486927007692 0.9854041959594467
0.8567056241047625 0.9582099593271842 0.9848411370951791
0.85127007984062 0.9637770357998373 0.98550349066713
0.8567709450144192 0.9613938525991941 0.9846399733223377
0.8554399223612165 0.9595926737028686 0.9847865856154837
0.84990787614633 0.9647992205786406 0.9857004242074273
