# full, direct, likely fidelities
0.9592782035875415 0.8935498114076588 0.9511940259649988
0.9585012953405138 0.8858853578065515 0.9527389595802469
0.9592999504406038 0.8731921289877052 0.9535369675536449
0.9582456969557844 0.8964753314876182 0.9547032186283323
0.9594164674137329 0.8848109844628448 0.9497210956472074
0.9591287715760091 0.8973364729117037 0.9601050816821165
0.9598016764758076 0.8626207026241702 0.945483682575371
0.9596166804506463 0.8708008382661416 0.957268428241132
0.9602965798776665 0.8976180094056924 0.9535841281873707
0.9599884608178162 0.8876892697070738 0.9532331541798689
0.9588844066824993 0.8709933138411551 0.9449131634555666
0.9592016196885936 0.8812595072808507 0.9488006972976415
0.9580394068340269 0.8862551602519216 0.9569963332952653
0.9593419810946453 0.8867501504623579 0.9489859426020444
0.957618526526996 0.8831362289545295 0.9586492964960363
0.9605275545459321 0.8780318406296537 0.9456956758002126
0.9580391897912302 0.8829612672693623 0.95477865617988
0.9592949557119499 0.87910703565977 0.9484366820243278
0.9575828981956459 0.8866210970076956 0.9605262950363699
0.9576517931324751 0.8770480049987306 0.9536587256732961
0.959577974295017 0.8831329944260121 0.9544602192888939
0.9579628431888669 0.8817470275393119 0.9556804046944585
0.9570616037979205 0.8773404681241851 0.94619599610299
0.9601938642262481 0.8786666449811603 0.9479540976563077
0.9582190924645201 0.8841086700603171 0.9571985565573579
0.9595567119476781 0.8922931411614239 0.9570736351381418
0.9575642957946736 0.8734549278934991 0.9348361255726543
0.9593479313435862 0.8681204232832566 0.948950660914136
0.9570390744454003 0.8806656376817401 0.9514345118803765
0.9600871000625982 0.9026712904955836 0.9626400621899446
0.9574074818106781 0.8823564882671184 0.962077002998206
0.9596614158979663 0.883566446982849 0.9487523104762743
0.9573116151971623 0.8867491828131074 0.9527051789837171
0.9584076810613283 0.8862080216457069 0.9545041091526981
0.9603735163049072 0.8920704776313688 0.9597672230184504
0.9582672688058516 0.8813734679407642 0.9480841382102568
0.9599196580138548 0.8818355851873506 0.954269462482772
0.9595878926412593 0.870865393914009 0.9606907738909419
0.9586224200151026 0.8805268375337018 0.9539493602074292
0.9592859786761104 0.8986153809546694 0.9567558334254059
0.9593925069080327 0.8785976915054136 0.9482387423348574
0.958466701657785 0.8768703477872984 0.9524792310687359
0.9598404540391647 0.8909837122776462 0.9517662757418024
0.9601315170510977 0.8804402351108382 0.95070789194116
0.9585851272310995 0.8624514756431805 0.9481129228255692
0.9579574929862952 0.8734484192709183 0.9524285390095102
0.9574689515799797 0.8724834259298483 0.9540133972499575
0.9589982729660133 0.8845096400140047 0.9574716668826246
0.9593395304419402 0.8835398372798378 0.9498176656381887
0.958390203512825 0.876476364688576 0.9566080620828571
0.9602853030496228 0.8758953391540711 0.9526482011591617
0.9585024785911943 0.8888339614323112 0.9586644109134694
0.9603411999132364 0.8855300193508764 0.9567278042637948
0.961053607162416 0.8898606405831208 0.948812273876727
0.9590284810508746 0.8818949659943851 0.9573456602732726
0.9622146265491021 0.8947106044693178 0.9596993814888536
0.9597984369952107 0.8925363840453157 0.9553035855591504
0.9571737303851259 0.884758107635858 0.9586935860723287
0.9574122736029667 0.8696981868209127 0.9430192687587522
0.9583625559064506 0.8860848375388983 0.9543201083237653
0.9600082571125171 0.8718275502828321 0.9530188606540765
0.9589765427045406 0.8991675996197163 0.9516967837203398
0.958725914002634 0.8658035679524321 0.949754444376957
0.9590673529092781 0.8908290403827878 0.9507968472894639
0.9597459618383885 0.8916878202403441 0.960314725756844
0.9599063593375239 0.8874791223096039 0.9543392683242147
0.9589627197919384 0.8785401020870783 0.9499769307901764
0.9602161542539434 0.871981081036329 0.9502658915928193
0.9604307794239004 0.8794960905143858 0.9521280263127051
0.9592432578939489 0.8658710899166738 0.9600973843094603
0.9575279921089942 0.8954752165256961 0.9547033937921623
0.9584395642845162 0.8823788646420825 0.9450856602833702
0.9581227558974293 0.856057283135853 0.9421207936180993
0.9596377454307059 0.8722790861559485 0.9535563772129304
0.9574348191341007 0.8848921806196136 0.9530388287234366
0.9585633743250451 0.8939715111688078 0.9519873103574312
0.9572745426049314 0.868517020211975 0.9524978147908685
0.9606127184310952 0.8686542211698399 0.9511118416555363
0.9587387283405169 0.8909967050701181 0.9545671320146336
0.9606253631278633 0.8814961283768152 0.9478262418925418
0.9590582121843585 0.8788991899653193 0.9482374855493625
0.9600971940928823 0.8773174199649 0.9546732623443812
0.9586303711894558 0.8768608093415721 0.9498781925043244
0.9604828588597002 0.8842477937809162 0.9556965416235522
0.9584420675509168 0.8911678603215691 0.9495642182846004
0.9599245480222858 0.8852469836545508 0.9576185533963301
0.9586503679397822 0.8894126253713572 0.9530607809306415
0.9594501978838592 0.8890239257635814 0.9544086073981636
0.9593671386762657 0.8794013777632473 0.9477608085186294
0.9575734014338709 0.895111514055676 0.9534266989673497
0.958626038249735 0.8869614293557132 0.9615369902312374
0.9591295108948491 0.8885125103330813 0.9513900883697503
0.95836480202251 0.8805428665608743 0.9557093505708342
0.9592037050809247 0.8754514889286045 0.9614557700116427
0.9607603246560059 0.8904207795387016 0.9607076864543332
0.9582331496753439 0.8863086349067644 0.9522540189265756
0.9585940273387096 0.8965648504111502 0.9576613217019105
0.9578579022311209 0.8775517535713498 0.95406517198749
0.9593927574060174 0.8799308903594769 0.9564893399661999
0.9579885623172029 0.886434131754736 0.9502472482257625
