# full, direct, likely fidelities
0.999977647010462 0.9970353672192696 0.9992508727808513
0.9999646788121102 0.9981339897760148 0.9992434973150323
0.9999638709076263 0.9982078835571114 0.99938371616435
0.999966983712273 0.9972066207158019 0.9985558639131411
0.9999671629413056 0.9958213098121531 0.9980625316006922
0.9999690022537737 0.9981442996175564 0.9989551920467346
0.9999596355635105 0.9970857689939103 0.9988050236129944
0.9999677034623814 0.9967746420529588 0.9993329716319784
0.9999621541996815 0.9968539299021008 0.999240073347659
0.9999682737538843 0.997568564098024 0.999349297740583
0.9999703597863211 0.9987456519967743 0.9993993915643232
0.9999701452290549 0.9983382440590354 0.9994372381742196
0.9999741405401091 0.9954053774444762 0.9983476043874582
0.999965750353073 0.9980229412802202 0.9992668553281396
0.9999699025758876 0.9980554885124154 0.9988337146628583
0.9999680395072219 0.9972697970840422 0.9987634340312255
0.9999683464342674 0.9984391292861937 0.9991724199790196
0.9999618449483376 0.9957890280461689 0.9992707734439206
0.9999661048885891 0.9992356790387615 0.9994419995515654
0.9999670224548023 0.998625729613086 0.9993385549382054
0.9999665161834094 0.9988443804185053 0.9992770392935751
0.9999706394898723 0.9980896021656805 0.9988651440376534
0.999963071249659 0.9972615241049335 0.9991043024600798
0.9999673809353788 0.9968543330879647 0.9994609490485489
0.9999691504257293 0.9978723213361982 0.9990712179753525
0.9999707089285376 0.9977260189834991 0.9981415011029247
0.9999637373608514 0.9961139543542209 0.9995205973421615
0.9999688210906326 0.9984558565613565 0.9990388565060943
0.9999683697755957 0.9988943329386127 0.9994119487695226
0.9999726219124879 0.997802308880843 0.9993000157873541
0.9999638404813259 0.9978498108354031 0.9985707583934694
0.9999789845771941 0.9964497804954451 0.9988228734604189
0.9999708516486319 0.9990246491372974 0.9994525460475058
0.9999668547454525 0.998627518525074 0.9991779001227546
0.9999733835614676 0.9962940241548923 0.9972511827767886
0.999970367936621 0.997935413594366 0.9986853061724581
0.9999677937613639 0.9982115967235922 0.9993436668635995
0.9999651598109398 0.9979441444628138 0.9987344627320814
0.9999768802763238 0.9960007487261302 0.9988594493593791
0.9999665377191905 0.9959379665695384 0.9996106172012884
0.9999742367689317 0.9980106098407633 0.9993130032701862
0.999970350524089 0.9987891047252266 0.999204201893085
0.9999724788338851 0.996347868796542 0.9992175794743476
0.9999679451428731 0.9982731358610323 0.9992769250979191
0.9999692845213053 0.9974856180494653 0.9994069637301745
0.9999714894703324 0.9987364837611197 0.9991076744179799
0.999970698218137 0.9974166128918738 0.998886865468548
0.9999719929928377 0.9980506850598159 0.9989304877634548
0.9999703996784349 0.9981345617458925 0.9990593720104386
0.9999661173147036 0.9983970492265909 0.9993978136157703
0.9999648910728621 0.997897864685382 0.9992453133934229
0.9999717753377773 0.9984085802398023 0.9987406737633387
0.9999714234981412 0.9930402133615923 0.9985200711210414
0.9999767149483245 0.997232697356564 0.9992667420375373
0.9999599090299162 0.9976414324550192 0.9984868836368428
0.9999661585974305 0.9968089592963245 0.9994873144321942
0.9999713916580393 0.9978656929881665 0.9983816150776189
0.9999697320741512 0.9976492239997388 0.9991050774586303
0.9999724656223269 0.9978989821164288 0.9994800825917979
0.999972396825168 0.9981019924924408 0.9989887802050608
0.9999675836084698 0.9972247619890153 0.999253008494108
0.9999660799564376 0.9989288299579393 0.9992292414541125
0.9999654487725627 0.9970708619606018 0.9992180422775625
0.9999601760883512 0.9985262635667679 0.9984332709931647
0.9999697825739261 0.998518602147222 0.9993102881918305
0.9999677294817056 0.9980338113670106 0.9989500206768628
0.9999688371466491 0.9962578155149685 0.9996427606929262
0.9999668023964025 0.9984481797836273 0.9987983814784298
0.9999622975841274 0.9981265395364505 0.9987944977833729
0.9999662165034469 0.9977856869705838 0.9993857095132912
0.9999600296798389 0.9980115633057037 0.9989840283407919
0.9999702151057943 0.992789316317686 0.997216406695328
0.9999707123719146 0.998045204686145 0.9991696001465403
0.9999660169872356 0.9983340117560725 0.9989391726767922
0.9999690949268646 0.9974736481680077 0.9991798779880587
0.9999681120712444 0.9973060050021486 0.9993652910262718
0.9999683114483241 0.9963681307878054 0.9988339404760623
0.9999655479089629 0.9986000410078294 0.9990217849798855
0.9999675139222399 0.9979450276784694 0.9993251180058478
0.999965595910029 0.9980378224090551 0.9986357059163061
0.9999698386775203 0.9980069715575279 0.9989874027924829
0.9999711795777078 0.9985849035178515 0.9987676409050257
0.9999689696394714 0.9980014146475393 0.9990603909893815
0.99996271775875 0.997680198158197 0.999088954485028
0.9999726683310577 0.996717938262195 0.9982304266241259
0.9999690656439935 0.9956349517770413 0.9993405791982214
0.9999651912255376 0.9967234246265075 0.9990576032255157
0.9999627931243635 0.995843575625824 0.9989927897625771
0.9999683139630543 0.9983441743309613 0.9992960386208972
0.9999684600940058 0.9971992985293543 0.9993544065683154
0.9999742463827995 0.9968073134374729 0.9982047943982508
0.9999736697324871 0.9976052709123806 0.9989756997561194
0.9999648612013222 0.9979513638510087 0.9989676822821285
0.9999638500432967 0.9975483417767496 0.9989630854071009
0.9999553732232903 0.9973489177996583 0.9985121939447621
0.999968936550111 0.997496319770555 0.9990980867814486
0.9999666108870634 0.998413376922381 0.9992619056461797
0.9999643855291672 0.9983279748028913 0.9990550408347034
0.9999639772500911 0.9972953165780152 0.999309052955359
0.9999687599701976 0.9983029934951636 0.9992068404033537
