# full, direct, likely fidelities
0.9995069823404018 0.99798935093102 0.9991348496634705
0.9994843986884105 0.9980581687655606 0.9992106539562003
0.9994655950446893 0.9981008803290277 0.9989683540315999
0.9994970764414994 0.9981572330052945 0.9991384689507853
0.9994910049555665 0.9978401560533038 0.9990792143202376
0.9994785147279065 0.9977238403807753 0.9991578045916155
0.9994774374683378 0.997835160781283 0.9990248221959622
0.9994688225787804 0.9978855741330638 0.9990441433143118
0.9994937532324176 0.9982059441107934 0.9991238689460912
0.999479599691546 0.9980897344845922 0.9990986738404546
0.9994713712091174 0.9979435969672825 0.9991187223462923
0.9994748120735136 0.9978132578744855 0.9990064068251286
0.9995128607315183 0.9977279585369458 0.9992464580035166
0.9994616196575863 0.9977266074294372 0.9989956222639177
0.9994943491398132 0.9975844830410922 0.9991848668835331
0.9994693479237153 0.9981746372553965 0.9990176929584724
0.999461168718982 0.9983396454917185 0.9991789058507164
0.9994925540990375 0.9983356259727411 0.9992074223241515
0.9995141006866941 0.9983622387958289 0.9991600476557514
0.9994662667292219 0.9980553365849572 0.9991993143028769
0.9994414521345383 0.9976767185721113 0.9989818156847939
0.9994961554541528 0.9983237432723655 0.9992273099567229
0.9994850075612486 0.998099348069273 0.9990437353674927
0.9994821096842933 0.997893362677786 0.9991167069220201
0.9994898861638691 0.9980389417946133 0.9990431504555711
0.9995054386302412 0.9979793143364559 0.9991040513025764
0.9994761929696937 0.998196126549083 0.9991422868602019
0.9994814457044126 0.9980911270602517 0.9993755030596906
0.9995014657823018 0.9979039607425193 0.9989881650561376
0.9995129524945782 0.9979809637253029 0.9990964716026501
0.9994854422257574 0.9981271835816371 0.9991347437801753
0.9994725763532636 0.997753159653751 0.9989083616780122
0.99947169927205 0.9983559018483297 0.9992155867642277
0.9994662447485142 0.9980218241575524 0.9990834639095341
0.9994895981006037 0.9982349545319634 0.9991396159087047
0.9994921395628289 0.9981401480465762 0.9991133800643227
0.9994807543274763 0.9981223037855557 0.9992238992082096
0.9994897514931393 0.9982806999767592 0.9991011623867996
0.9994959369110372 0.9979290247718403 0.9992505178175421
0.9994915105613982 0.997962200342388 0.9991863169391015
0.9994667243442693 0.9980912979970724 0.9989856748139223
0.9994915757969195 0.9980545656870737 0.9991795576243208
0.999479138296262 0.9980616409067966 0.9991001661902347
0.9994953615623965 0.9981357956160557 0.999065467992112
0.999487821360514 0.9981697910501861 0.9991246915377274
0.999496805516985 0.9977073783068576 0.9989018586667184
0.9995034712878293 0.9976692030246648 0.9991071091498961
0.9994827969911098 0.9981706337063219 0.9991443806960191
0.9994752187709356 0.9980921006341154 0.9991470113909663
0.9994875967172496 0.9980234469117667 0.9991966646541799
0.9994854360338965 0.9979538099957151 0.9990921335515098
0.9994959652165101 0.9978561486394021 0.999243948763232
0.9994985129063356 0.998187645147129 0.9991540032025017
0.9994990719922224 0.9977585648848826 0.9992425352064099
0.9994637046531546 0.9981031389769951 0.99910799824371
0.9994737270802831 0.9981778910772453 0.9992620769421378
0.9994496662534794 0.9978791666471822 0.9992881496895478
0.9994797589087427 0.9979620920787206 0.999212982517626
0.9994779660237483 0.9977846113301608 0.998874044877213
0.9994633876258193 0.9980732262738434 0.9991255731557995
0.9994910202098487 0.9980553589746907 0.9989981466557079
0.9994985631826127 0.998000530856973 0.9990854125885006
0.9994646542219453 0.997847476818825 0.9989349484213329
0.9994741235010374 0.9978562671046803 0.9990984781597839
0.9995164115283097 0.9979272004198118 0.9990768977901907
0.999469217258727 0.9977815720252909 0.9990535057724232
0.9994835439962108 0.997697958779638 0.9990695333307446
0.9994612103274714 0.9981639454339416 0.9992105006879946
0.9994979530610272 0.9976777833375153 0.9990121374615194
0.9994566446083715 0.9981995294840355 0.9991219027079672
0.9994624193693094 0.9981115112934968 0.999087910273446
0.9994815457117362 0.998103956861537 0.9989670736974452
0.99949411676349 0.9979260843773877 0.9990810801787057
0.9994813065480453 0.9978696931754515 0.9989467702323215
0.9994872167211842 0.9980633463967059 0.9990021170030998
0.9994700536764299 0.9982713842044689 0.9990703957873012
0.9994981851607686 0.998375786445315 0.9991269920067181
0.9994920879755983 0.9982905438544868 0.9991660934027975
0.9994808752392277 0.9982868700199733 0.9992327304296345
0.9994614366414785 0.997951728982874 0.9988379144412903
0.9994879813050079 0.9983608517645519 0.9991380280222107
0.9994864015758601 0.9973593540891972 0.9989571211175136
0.9994806232428466 0.9978176568122782 0.9991737780885359
0.9995091948885001 0.9976220921495806 0.9988444727655116
0.9994418598701797 0.9980775695710283 0.9991401711201433
0.9994892526774894 0.9978675156907304 0.999096422379573
0.9994866323862547 0.9978915789790888 0.9991253042613023
0.9994878356549666 0.9982353557679466 0.9991271985465701
0.9995141768073112 0.9983119092516884 0.9991714384195083
0.9994835646679053 0.9976719883576034 0.999071998247937
0.9995088175163894 0.9979152299077371 0.999206567865251
0.9995062114475645 0.998236141950595 0.999218905402716
0.9994556639385052 0.9980837779106678 0.9990685381801764
0.9994523225061029 0.9982108488123115 0.9992105711132007
0.9994827170618755 0.9979444535819524 0.9989852201523447
0.9994548076386829 0.9977257685499684 0.9991979717590853
0.999493992982174 0.9982843209039515 0.9992404848234561
0.9994899272779839 0.9978733225251637 0.9991637875718526
0.9994622216125474 0.9980822131727507 0.9991281290888178
0.9995114352193333 0.9981761362343301 0.9991536689130013
