# full, direct, likely fidelities
0.9956610214134335 0.99543966573748 0.9979493176208344
0.9956071681359423 0.9953283727756231 0.9979788234733108
0.9956300561677125 0.9952588888311064 0.9977609548101091
0.9956763899429005 0.99514208027992 0.9977334615788283
0.9955279216486698 0.9952224940397822 0.9979239223901638
0.9955818116862242 0.9956142567451822 0.9980525742041992
0.9955603994613414 0.9947473796801785 0.9976769079324858
0.995687935964553 0.9954719254033774 0.9978290738019613
0.9956480365627403 0.9953321471883576 0.9980151450502018
0.9956966325475636 0.9954781899296455 0.9979213560416436
0.9956688094670068 0.9952472464567352 0.9979159885944144
0.9956812162615134 0.9951542436980664 0.9979633501775238
0.9956401008865465 0.9951958282493636 0.9979336303586114
0.995601580442371 0.9949568475853658 0.9978290081421337
0.9957069312593678 0.9956406194477396 0.9978980562709114
0.9956133228580505 0.9952687381237959 0.9978649890108873
0.9956558136306359 0.9955889439963774 0.9979798209147193
0.9955933478150847 0.9952205389336148 0.9976170603328388
0.9956620977105827 0.9956273883335168 0.9980314675094424
0.99569806872925 0.9956477677598513 0.9979990527495807
0.9956238133194728 0.9954018646844865 0.9977410776326197
0.9956625008864907 0.9954772852169808 0.9979783477599632
0.9956764876221701 0.995568386721263 0.9979360388546176
0.9956599523140433 0.995347010869062 0.9979306078520905
0.9955877949539358 0.9955673772464977 0.9977374210845755
0.995620363003566 0.9952996964750072 0.9977254582063452
0.9955932006613242 0.9954858589240931 0.9978985075703575
0.9955965196074061 0.9951773238380716 0.9976066229219871
0.9955822216907103 0.9952456748195454 0.9976946928511493
0.9955949574107918 0.99498990178498 0.9977976444471304
0.9956125465724973 0.9953029453956577 0.9978301135276756
0.9956845077939943 0.9952306066754993 0.9979214666300217
0.9956351040579712 0.9951676908084195 0.997850615824058
0.9956102025423547 0.9954791460479829 0.9979963027503843
0.9956546147032364 0.995309848559606 0.998004596575774
0.9957862769583721 0.9955191868706065 0.997999748559265
0.9956697190532229 0.9954519663693148 0.9977830219800041
0.9954797331289742 0.9945722391773948 0.9977112710501329
0.9956644647682115 0.9950747444762031 0.9977538839430263
0.9955197388777708 0.9948274967917926 0.9975232462018322
0.9956694792761761 0.9955262609854825 0.9978484611891033
0.9956403971009162 0.9955174601525849 0.9978233637428473
0.9956092367680461 0.9950613645179749 0.9978725347924805
0.9955532459859432 0.9954910408497467 0.9979216021000977
0.9956036146866212 0.9955629210546835 0.9979474717984679
0.9955947210785976 0.9952185306240895 0.9977975095113245
0.9956105660390246 0.9954143279248651 0.9978806799924234
0.9957207898738115 0.9954876753814917 0.9979229272472939
0.9956678341719537 0.99556997065227 0.9978304457124831
0.9956753957222941 0.9950239940204777 0.9977496655732901
0.9955112628045217 0.9955264501973667 0.9978062471326579
0.9956098355873468 0.9950344868243586 0.9977608247708009
0.9956726221007398 0.9954116503375634 0.9977153510760322
0.995612222935688 0.9953552056381743 0.9977036899058441
0.995626294771208 0.9953537343370961 0.9978914631404462
0.9956288906882909 0.9950466139825335 0.9975689646680237
0.9956255361972046 0.9956101635713822 0.9980907085176219
0.9956396577335884 0.9953093708092893 0.997931374434966
0.9955609826764805 0.9953196577417509 0.9977049822772708
0.9956727811238784 0.995400079151886 0.9978913864981286
0.9955619721836344 0.9949707115795852 0.9976580676064142
0.9955987667314464 0.9951360017992575 0.9979270840955686
0.9956708999900045 0.9950146184057759 0.997883850841635
0.9955299231529182 0.9954449300325257 0.9980006839439824
0.9956496566545919 0.9951633321416692 0.9978764344162164
0.9955751056592109 0.9958055428349828 0.99803561200634
0.9956846264470862 0.9953346567827072 0.9980105917812649
0.9955994237185015 0.9951823542468462 0.9980162770750511
0.9956237751976337 0.9955791923912065 0.9980015915354669
0.9955503736087231 0.995373105888827 0.9978386725773639
0.9955337001781497 0.9953961306210835 0.9976945424568454
0.9956335475301524 0.9952927995486779 0.9977912986015229
0.9956145010618811 0.994972793707466 0.9978911728093215
0.9955944292392833 0.9954384288967925 0.9977769301319178
0.995677244929032 0.9945459038397408 0.9979157535836656
0.9956645652623326 0.9953765439706524 0.9977168347439663
0.9956490982976823 0.9954629711218156 0.9978690259247732
0.9956854509449744 0.9956778087469675 0.9979983475081823
0.9955804246693413 0.9957059098360891 0.9980086626127013
0.9957698485636416 0.9956388868099088 0.9981072945908007
0.995653905890216 0.9955422476311346 0.9977590091869316
0.9956095210720884 0.9950592151559731 0.9976494674488406
0.9956168022802603 0.9952417568570237 0.9977535341395577
0.9957188069421048 0.9954498171456706 0.9978324487172572
0.9956570392768123 0.9954397455960236 0.9978373269206039
0.9956665984310513 0.9954321554010682 0.9979300350702481
0.995626032515717 0.9951781896936146 0.9978870358970814
0.9956629169114942 0.9955702580908387 0.9980665330877165
0.9956261948874435 0.9951739473018586 0.9978371985223715
0.9956654412880845 0.9952437070991049 0.9978842289721561
0.9957185475631328 0.9955254552713922 0.9979060847382752
0.9955960350026444 0.995479588973988 0.9979836549790543
0.9956541939465042 0.9952566392269449 0.9977522957253354
0.9956716953315558 0.9954153550195296 0.9979340444045963
0.9956120175478002 0.9949440815013296 0.9974251134989952
0.9956472971589897 0.9953901897347732 0.9979725125155964
0.9956322407649185 0.9954651109074745 0.997845709720153
0.9957078441563414 0.9956045897571985 0.9979880510942415
0.9956566684112794 0.9954147072467057 0.9978152859749304
0.9957417338002652 0.9954040565022475 0.9977875550097609
