# full, direct, likely fidelities
0.996045530818128 0.998262740719884 0.9992541397203804
0.99604292097924 0.9981935076044851 0.9993410178898507
0.9958972707627396 0.9980658169799177 0.9993032095544697
0.9959019945464392 0.9981375980558957 0.9993066758461275
0.995987778317972 0.998054242722142 0.9991649520984216
0.9959509271514162 0.9982019071357076 0.9991746709777595
0.9959607195880761 0.9981814651879269 0.9992046896377874
0.9959456330529772 0.9981102600134817 0.9992580038147593
0.9959485256212156 0.9979894253586753 0.9992814169426376
0.9959580627595207 0.9982855461615671 0.9992569741869509
0.9959284801120551 0.9981937985957904 0.9992720571556274
0.9959813417289576 0.9980036045790864 0.999300245600211
0.9959593191491857 0.9983491502699898 0.9993391477415827
0.9959230633368004 0.9982219732467815 0.9992413573886169
0.9959528222014477 0.9978987488568511 0.9992068529411626
0.9959306097398294 0.9979760549725964 0.9991892490827425
0.9959582056229869 0.998365051458578 0.9993595224120648
0.9960015678974915 0.9982096916130017 0.9990403027170017
0.9959136036443702 0.9979339576271108 0.9992691041771272
0.9959628457142747 0.9981484890087626 0.9993514229909798
0.9959727358893058 0.9982913916512529 0.9992463870574039
0.9959608561194375 0.9981453660426988 0.9992515020242695
0.9958823539765996 0.9979186439850297 0.9991451343499346
0.9959986873919022 0.9981203611020225 0.9993205954211917
0.9958721924410653 0.9978991745606617 0.9991390157734651
0.9959436748498048 0.9979592596176277 0.999225092651279
0.9959698687372057 0.9980115050181231 0.9992890761475288
0.9960194189435814 0.998300562266326 0.999348202522884
0.9959029629499446 0.9982852565113906 0.9993758225005597
0.9959934392624543 0.9981151573749723 0.9992876646603476
0.9959315107045809 0.9981023199949286 0.9992870312777405
0.9959019074748818 0.9980693863314112 0.9992557381159402
0.995944465796255 0.9981409113029592 0.9993499939394089
0.9958964455460122 0.9978062197146812 0.9993032329688754
0.9959812828006889 0.9981407920679752 0.9993450871536966
0.9959511904324545 0.998143850149731 0.9992822851517251
0.9959795331571325 0.9981350197790609 0.999249233211254
0.9959637623394131 0.9983516739739154 0.9992939866539984
0.9959870093335196 0.9980743013205168 0.9992622039460002
0.9959575090267545 0.9981495861269124 0.9992400356959904
0.9959822540599444 0.9981851741286086 0.9992418921445133
0.9959860647259741 0.9982485440477646 0.9993039177912906
0.9959799110934987 0.9978791649577119 0.9993075449403553
0.9959511942409242 0.9980672106928734 0.9992698566662981
0.9959445134614215 0.9980798843026024 0.9992038173675081
0.9959371927089472 0.9980891766700986 0.9993242187460186
0.9959066125580278 0.9979336872422883 0.9993347195904502
0.9958952708918647 0.998152273207565 0.9992771771990794
0.9959541474508775 0.9982499749976291 0.9992251206394649
0.9958861373877362 0.9983102105775098 0.9993634365777135
0.9959405810371696 0.9979765880342324 0.9991403686358924
0.9959924561270906 0.9980068858173745 0.9992599663286565
0.9959652934041114 0.9982572121742752 0.999261862287883
0.9959281223273215 0.9982488966580103 0.9991766370963654
0.9959914405259352 0.9981357648148897 0.9993110103371665
0.9958764643961874 0.9978288865798319 0.9993316951964273
0.9958687225817161 0.9975416749977766 0.9991531242025317
0.9958827120769096 0.9975345681961305 0.999175682436314
0.9959506932639054 0.998269207183347 0.9993249689040413
0.9959543340909514 0.9980054669147959 0.9993418463686824
0.9959466888980457 0.9981369486015583 0.9992967518409289
0.9959633130741504 0.997970998896487 0.9993155041360944
0.9959335780712931 0.9978979910642742 0.9991867707225285
0.9959083276367618 0.9980791702038859 0.9993261833086445
0.9959764136644231 0.9980076651653669 0.9990673413691523
0.9959862490138982 0.9980000507065412 0.99922715211182
0.9959926619430056 0.9982601939091502 0.9992783776512649
0.9959706392437513 0.9981616884376926 0.9992528731625326
0.9959340267079038 0.9983369279719199 0.9992837795186907
0.9959840425542503 0.9980012007867133 0.9993010605092616
0.9959286440395351 0.9981214141046694 0.999210212006017
0.9959037364329462 0.9980870313885088 0.99927902545581
0.9958260531660837 0.9980426609874425 0.9993235470251138
0.9959525482691051 0.9977620367025531 0.9992416805906061
0.996008356546813 0.9981908850178893 0.9992967248389856
0.9959155950384663 0.9981679849387558 0.9993435241413979
0.9959680622007139 0.9981464925243502 0.9993867373317042
0.9959627276169423 0.9981888068730211 0.9993745293534122
0.9959180574409814 0.9980794698543795 0.9992535205732288
0.9959236873626839 0.9980492759476222 0.9992782465891202
0.9959978415707204 0.9981850783795517 0.9993040200087372
0.9959570823859233 0.9979847890944451 0.9992523862366219
0.9959532650429427 0.9979567566222523 0.9993262213032182
0.9959945679645055 0.9979436436087118 0.9992867418305186
0.9959905647096855 0.9982559683059575 0.9993188259583489
0.9960240258690423 0.9981300265726717 0.9991617017025518
0.995954768798645 0.998243711864828 0.999315269625452
0.9957659684605584 0.9977808005290116 0.9993127099111889
0.9960076122897902 0.9982370640557993 0.9993791308261559
0.9958313504502455 0.9970993263854447 0.9990630674982798
0.9959601292955135 0.9982495773859705 0.9992275148261858
0.9959524049417217 0.9981269282438737 0.9992014759170991
0.9959641148219177 0.9979165412188914 0.9993352019149389
0.9959022924474552 0.9980624704953514 0.9993061801243038
0.9959635988280822 0.9980811652561142 0.9992574514812291
0.9959596879216993 0.9981616421358103 0.9991392572397301
0.9959753794114862 0.9979939420869439 0.9990876989377652
0.9959053756897374 0.9978264439671237 0.9992176637210988
0.995961022319294 0.9981047782638544 0.9992238493472767
0.9959468922096598 0.997582050301073 0.9992816963824711
