# full, direct, likely fidelities
0.996546902753772 0.9807634978956881 0.9928482465089283
0.9965938567994125 0.9809805257716172 0.9926959948102653
0.9964405353345785 0.9820608279161599 0.9925954590606343
0.9965050105678073 0.9816782589523474 0.9912979746426543
0.9966501378222266 0.9829319789873844 0.9920242038819408
0.9963638809072002 0.9854073627416489 0.992706261894427
0.9964262806129512 0.9789371602002379 0.9906067935915049
0.9965542121290326 0.9822306922319906 0.9922340548662082
0.9965325655260556 0.9832110112469163 0.9921172565298606
0.9966967400559184 0.9807553643819301 0.9929592111290706
0.9964387219698205 0.9828511331061739 0.993242177789345
0.9964544683076517 0.9831995998221582 0.99211149501614
0.9965708839984173 0.9807412276125114 0.9930246596442897
0.9964445596239081 0.9780899692061241 0.9926555666620369
0.9964620891961472 0.9778821309899273 0.993481397505809
0.9964704797302464 0.9828675069617162 0.9924519845663086
0.9965742882715487 0.9842813349546256 0.9919973554924101
0.9966237207877816 0.9801674446890662 0.9941661495723031
0.9964624537793487 0.9847326215477314 0.99324470800375
0.9965319852111924 0.9850297888370982 0.9925572374048388
0.9965174211606036 0.9843745914267444 0.9926180245405356
0.9965967571600733 0.9824314666760684 0.9933483340779332
0.9965329489651871 0.9755802963471688 0.9935990830809814
0.9965844673024842 0.9823858354266461 0.9931468583147801
0.9964050847470014 0.9826487523792539 0.9918376054913944
0.9965928575442021 0.9810743655922198 0.9920201985438445
0.9965249205342924 0.9802694572395834 0.9924539536186342
0.9965464884933934 0.9809461334121459 0.9933915958420886
0.9966490286476852 0.9778589846050514 0.9914491964009698
0.9966392665714933 0.9828546009400851 0.9934793174341966
0.9963787868622269 0.9808402620853456 0.9940140802965856
0.9965659580370577 0.9804936534943544 0.9903370811830444
0.9964618572936196 0.9836953600504695 0.992626577073794
0.9965332152347769 0.9821770951350605 0.9919943903650063
0.9966997456521094 0.9837317055874722 0.9919399022993775
0.9965638579437545 0.979741232405386 0.9905894037112564
0.9964472450563138 0.9848186273346822 0.9936187513364875
0.9964188058950343 0.9820833269023629 0.9924844269482799
0.9964322912956379 0.9805740511131921 0.992617719390591
0.9966229186515707 0.9852974279845337 0.992892311948616
0.9964490590883555 0.9834135603185095 0.993603090350013
0.9965810824864295 0.977962649047832 0.9921041212279323
0.9964287662581437 0.9840064145498062 0.9928489117330095
0.9965335533042226 0.9831619900805558 0.9935209333383376
0.9964676382531962 0.9797974726459356 0.9929891196797406
0.9965477827333752 0.9813303779916116 0.9933967954134938
0.9965721868123073 0.9849556909291449 0.9935998123408504
0.9965643740802702 0.9842958342319805 0.9934573466370945
0.9966117721344331 0.9798385058292131 0.9899198370602277
0.9966428469513503 0.9818205653450361 0.9940116632673728
0.9964297153872071 0.9802138656006673 0.993298227818766
0.9965498595806772 0.9806963342498428 0.9925861743020223
0.9965180765419918 0.9829364908192906 0.9924525669272866
0.9965157200886157 0.9806375420112083 0.9923924522765816
0.9964586587284703 0.9815412666171001 0.9928699545913643
0.9963804465860427 0.9807930653315962 0.9917210938366261
0.9964342073778736 0.9842927856946528 0.9927496560180319
0.9966581641026843 0.9799637078993759 0.9922957449706115
0.9964607593134243 0.9852435307026852 0.9919407786827964
0.996463969252526 0.9842523461891055 0.9922864671319402
0.9964761916729776 0.9846061331959574 0.9924276191428141
0.996639854846839 0.9814647606372258 0.9932422582631033
0.996377017196986 0.9808099367231857 0.9934321259148027
0.9964595323933231 0.9825830945827214 0.9934009087341029
0.9967087306076408 0.977965305227335 0.9909387579201567
0.996542350679069 0.9797171376339261 0.9935565531680864
0.9964609206165455 0.9826720060642644 0.9933686190723312
0.9965828510364122 0.983727121018654 0.9934973256785246
0.9966368768042676 0.9797734509814825 0.9923654569878546
0.9967226338121461 0.9826841237494763 0.9932143012129664
0.99648152236564 0.9808218676681629 0.9933863124348532
0.9963574413242919 0.9798776622207686 0.993588006478155
0.9966100304174162 0.9839904773189353 0.9922643445899029
0.9963420922299809 0.9809392703766981 0.992412059578315
0.9965334609279675 0.9818117333048393 0.9931698652577752
0.996397410262557 0.9841202247577758 0.9923216298942691
0.9965725163680468 0.9829031031314287 0.9930814187745638
0.9965382586137601 0.9833336909985811 0.993954295544297
0.9965975612469231 0.9849491354665826 0.9934399748041101
0.9964287034354607 0.9819550318513436 0.9920169690301092
0.9964497215324446 0.9792852956489952 0.9926465984639546
0.9966621832918788 0.9838759672600093 0.992208223356404
0.9963670689849781 0.9815849256267674 0.9926244184305301
0.9962971477935757 0.9821325705798044 0.9924228215749323
0.9964717534907096 0.9832525741200765 0.9932472965579509
0.9965420980066196 0.9841935088247226 0.9929556027668034
0.9965549697744219 0.982826358438325 0.9935288854033937
0.9967194951671947 0.9829071953002051 0.9918677623798733
0.9964879274655831 0.9830480455011378 0.992054555923564
0.9966910655274872 0.9807746813198912 0.9914277693936238
0.9965968682309605 0.9830199509620833 0.9927070284562163
0.9966111808867131 0.981575563957666 0.991702664248399
0.9965940550245086 0.9797514879960643 0.9930419175409093
0.9964995569316198 0.9847404759734736 0.992536462710743
0.9966072034042285 0.9795633772979784 0.993642264524368
0.9965665540023063 0.9817736330801276 0.9924742643898801
0.9966533729524385 0.9802067291851673 0.9921626487887609
0.9965830924487687 0.982814023950186 0.9928390587446249
0.9966332019426692 0.9819335728737033 0.993943081235957
0.9965322741741088 0.9827516499067828 0.9927335302419402
