# full, direct, likely fidelities
0.9997395198809862 0.9957105262125064 0.9983653305198321
0.9997465796076821 0.9968985894662182 0.9984764601275984
0.9997254339513492 0.9954620958895888 0.9982620587291231
0.9997227186343988 0.9954112322082485 0.9982549167939131
0.9997320026913638 0.9957223961421181 0.9979648092570196
0.9997174471572721 0.9946478563187524 0.9985214048098455
0.9997321057588417 0.9960600453581734 0.9977205471537763
0.9997400691217352 0.9958061310856694 0.9985651829695608
0.9997525351111354 0.9948657615527916 0.9982490416628342
0.9997354279438077 0.9947805270785511 0.9986526188748607
0.9997509030767162 0.9957745268287836 0.998574170720755
0.9997257872034578 0.9937727462106347 0.9987355150424156
0.9997507290518576 0.9947462999637967 0.9984942470317287
0.9997365524140793 0.994922614557672 0.9978780154243395
0.9997376527757147 0.9960002364583519 0.9983273333420847
0.9997528899684672 0.9955364973892594 0.9979549461642806
0.9997417565558586 0.9959632479731519 0.9979675635751449
0.9997230308907313 0.9958814708370891 0.9984822700479655
0.9997595930692477 0.994529639643824 0.9981649701787123
0.9997507006100942 0.9947719209678104 0.9983648608809281
0.9997299957073318 0.9953814307219745 0.9986822607890699
0.9997428720075262 0.9958981293079211 0.9982334716545164
0.9997364474117343 0.9959398479636993 0.9979694601337729
0.9997633030438465 0.995337956670434 0.9982559881930402
0.9997352151666649 0.9948993269937967 0.9979604480558774
0.9997366764020251 0.996073028578101 0.9980881899955302
0.9997186189456928 0.9948469006689061 0.9982216031883716
0.9997331242832082 0.9956662801854181 0.9982016496756178
0.999747286186043 0.9957453125724246 0.9980659588837829
0.9997398676648214 0.995903706135511 0.9982381509222353
0.9997519482163686 0.9953918378041852 0.9973096071732342
0.9997294017730006 0.9957695358966595 0.997740993885633
0.9997603011595634 0.9955542039377177 0.9984000647048011
0.9997414293600315 0.9954427181795928 0.9970887833409858
0.9997179370512461 0.9955679084116907 0.99844280957644
0.9997551399051906 0.9959186632919191 0.9979491231394655
0.9997563942971458 0.9965341818046113 0.9983046692813844
0.999740025473441 0.9958015156002177 0.9981749711052497
0.9997473811379143 0.994949477557655 0.9981733910885193
0.9997451125997381 0.9945617771218803 0.9978989929645549
0.9997339244710167 0.9955031992197635 0.9979064394498764
0.9997487002541472 0.9955577670842163 0.9987398908241815
0.9997499284355699 0.9953372776972312 0.9978907071752932
0.9997396747217545 0.9947634349595763 0.9983095337651394
0.9997569573332287 0.9949481882627454 0.9981751188541693
0.9997437474484815 0.9939923042674095 0.9975317480275256
0.9997478979129121 0.9961049664923597 0.9981694558652711
0.9997421601659922 0.9956300232255132 0.9977863309505604
0.9997461184990739 0.9947389205027416 0.9977390348787908
0.999749905132524 0.9964042130394515 0.99799683369635
0.9997388773609568 0.9954414064558686 0.9974997172705045
0.9997493905512406 0.9942392840741244 0.9980550809629973
0.9997362234320416 0.9936677449671869 0.9974765378874267
0.9997429020580776 0.9955753931513976 0.9983641313268934
0.9997488318176724 0.9958473718007095 0.9983118499163603
0.9997327683490146 0.9955530969655189 0.9980473959967202
0.9997364218292099 0.9928666577701499 0.9978562987407065
0.9997294240629971 0.9958530001828338 0.9985598719777873
0.9997355283184246 0.9960959138652067 0.9985852907865544
0.9997268888377222 0.9948116357234245 0.9980795111173878
0.9997521022232058 0.9925669515628993 0.9978223651690891
0.9997515630385895 0.9950391426206071 0.9983471403104849
0.9997178794246573 0.9948059277628478 0.9982220567240733
0.9997558488161844 0.9960963604550804 0.9986306080576323
0.9997706072684801 0.995679984892396 0.9977508944948341
0.9997531248284884 0.9949811142292139 0.9977431916658903
0.9997421658956575 0.9965281374237446 0.9981511652438351
0.9997331655752972 0.9955548077961118 0.998537605562569
0.9997418982689186 0.9952174662040262 0.9979889016479262
0.9997419876651882 0.9959076323825259 0.9985616768008234
0.9997319517322598 0.9961395775324342 0.9984412312943223
0.9997186746219879 0.9958411407506632 0.9976517281201138
0.9997507431859276 0.9941748161940195 0.99712896444552
0.9997297360959412 0.9949139974523497 0.9979756656677728
0.9997403989886581 0.9956379660646956 0.9979679150782431
0.999732968798993 0.995539153607054 0.9973547342078385
0.999752770078208 0.9968381566297262 0.9985828332010912
0.9997414886518544 0.995407090671384 0.9985737212861501
0.9997480239411142 0.9965566620748745 0.9983289607901399
0.9997398340869336 0.9968104108984223 0.998320067154446
0.9997385765728236 0.9958742009626832 0.9978853164834787
0.999750469280847 0.99549434820799 0.9979841039267272
0.9997342860048106 0.9952190014352157 0.9982324773395556
0.9997239435917682 0.9962108632704222 0.9984716905977019
0.9997357649164329 0.9939379936156217 0.9982173708355916
0.9997437497567124 0.9951636678873202 0.997373988862872
0.9997343382167706 0.9944611018082441 0.9978793348866786
0.9997256158996295 0.9965256639781286 0.9983065757403348
0.9997245198597458 0.9959748337342335 0.9977445821241171
0.9997308472412196 0.9947456115981195 0.9974058479874125
0.9997649167944909 0.9955445939852338 0.9983499595313908
0.999742502185159 0.9949738261833269 0.9977592935488319
0.9997208222425968 0.9951892362816303 0.9973551176348976
0.9997183906723579 0.9955104401511241 0.9982477200345168
0.9997451591917677 0.9946520032736491 0.997945429766572
0.9997526976070659 0.9956863675388499 0.9975483693120044
0.9997606095263766 0.9965071687139322 0.9984019658929839
0.9997464389947097 0.9950710558672713 0.9979488836867876
0.999727678945888 0.9952410330138187 0.9983262281929917
0.9997371753505951 0.995340128142983 0.9986642646853815
