# full, direct, likely fidelities
0.75903787912612 0.936198781888932 0.9771786188666063
0.7612528721056901 0.9428932704410626 0.9799603172020989
0.7881571816466013 0.9355439279075894 0.9780022567928985
0.7873960378691169 0.9346148549577413 0.9772118043315775
0.7708210196112555 0.9420699077268334 0.9784943844925669
0.7755226917085067 0.93871101729033 0.9769969373124648
0.7748757518301048 0.9401425557535125 0.9763315608212713
0.7737782125137073 0.9414366236312846 0.9749957963064139
0.7746123052315458 0.9427413545703239 0.9770349420129073
0.7729533280842587 0.9379560384417552 0.978800586284759
0.7756748355788489 0.9456979421366621 0.9786980947856196
0.7704638173843876 0.936108629171833 0.9791051265513914
0.7730868060484557 0.9440079514669409 0.9789079343156412
0.7807798938932381 0.9382967880354325 0.9799152606126801
0.7751749472711819 0.929202837421457 0.9758067363359504
0.7794717425326397 0.9428757871969594 0.9780671332658412
0.7764019471793715 0.9431226937279743 0.9778873785803928
0.7640775164553656 0.9435248567318318 0.9758155419650058
0.7811341817466567 0.9450377880029743 0.976859643677943
0.770564524768728 0.9400752284624033 0.9762190056982811
0.7696112359015459 0.9394303903495329 0.9768421286530157
0.7730277248509512 0.9403389074642092 0.9792562945148463
0.7888813493445258 0.9405079258601206 0.975561468998598
0.7637921901941427 0.9412084441801839 0.9785597865564579
0.7947910559012455 0.9379829317567724 0.9727662483917907
0.7723483568134216 0.9388046503285703 0.9790587236933443
0.7720367405869801 0.9412691754962816 0.978338287273918
0.7634051657946435 0.9448310368763685 0.9780487519671336
0.7825639590998044 0.9414557885726853 0.9770187298560926
0.7719620435161486 0.9427813423306202 0.977967853849557
0.7798533842893727 0.9419202795446876 0.9783797394809037
0.7858663496597474 0.9413498661105254 0.9765938828942677
0.7768078306610531 0.9340389247299474 0.979834429149572
0.7871142166909243 0.9330064366832693 0.9772805046785668
0.7709187660638736 0.9396677997669589 0.9768035271708881
0.7741756632814364 0.9395535018883449 0.9780349939433683
0.772296263757327 0.9432511718219595 0.9795701628281793
0.7704540432509939 0.9455704267849181 0.9783225836080315
0.7688609244367757 0.9403558673871808 0.9760839900185121
0.7754973519763184 0.9387514292947796 0.9791338299781178
0.7715706418701183 0.9438454753581105 0.9804043967762818
0.7676369364131599 0.9420518848937642 0.9775520979720512
0.769038921648686 0.9434394384774981 0.9794577816511228
0.7757366616279159 0.940197030433675 0.9787664984880717
0.7765963434898606 0.9379541291874341 0.9778119478725532
0.7764000595851219 0.9466986901765471 0.9796135537122539
0.7802954632641877 0.9393533154464806 0.9767842277342151
0.7869468570934011 0.9370218892060551 0.978477251981009
0.7726845865454632 0.9438692892827525 0.9788908398986037
0.7853802669581249 0.945899816176912 0.9796765287617684
0.777981081271419 0.9385386474263883 0.9788448664396284
0.7662806458999338 0.9364019565436721 0.9762610779438022
0.7720562899835572 0.9422560564369048 0.979413863932975
0.7805985639369676 0.9429256216162972 0.9785742594431744
0.7648293682643161 0.9432253736150553 0.9793152235023368
0.7853833104221993 0.9377946511607678 0.9797725068229751
0.7915822374329158 0.9374909015952776 0.9751380639468562
0.7900010890147561 0.9280572188728082 0.9768714411689825
0.7753158253679411 0.9436912179257683 0.9788547238702756
0.7740693958041069 0.9284212985744058 0.9778767758716679
0.7786573161419948 0.9411078118620659 0.9807446440650532
0.7727839439914459 0.9426779999081306 0.978420344777005
0.776165584055208 0.9412511076343087 0.9771547858305961
0.7829473223330137 0.9316576905987546 0.9728548523092481
0.772040255943922 0.940509632141253 0.9748669246597711
0.7717380677234663 0.9427048686334151 0.9800467313154972
0.765227752261103 0.9424425144620775 0.9775634816579677
0.7696610542597763 0.9407697370563244 0.977668719854886
0.7751389303750136 0.9409905314122821 0.9788959699141114
0.7701270117512228 0.9382222082845726 0.9779081060748962
0.7777473177073948 0.9292940713295821 0.9787744026487444
0.7864531366449943 0.9397675253864618 0.976956216729216
0.7992790030203255 0.9404761710897945 0.9792034679953464
0.7759496849918824 0.9332280713339913 0.9784066788246958
0.7609763237055432 0.9412230006697767 0.9779564807727187
0.7798468167662079 0.9387630314746608 0.9771764397433138
0.7705230552771395 0.9422088559723218 0.9777586773743534
0.7733103756967638 0.9417708343942768 0.9798859801751546
0.7827698645309199 0.9346709292842277 0.9781203377528943
0.7816432002260566 0.9409278122383232 0.9789062085209533
0.7687571348005875 0.9433081613323118 0.9757569604406388
0.772456034969209 0.9444225021082701 0.9744076825145538
0.7757300362554647 0.9433525531508075 0.9802291920348786
0.7662254488528252 0.9384801260473025 0.9798318823085163
0.7660386585315032 0.9357623255239828 0.9767872083543515
0.7660869406034162 0.9401671741861629 0.9794101880897905
0.7741889863147645 0.9440841915584028 0.9786629237876906
0.8080965870887197 0.9301826844992427 0.9772734646111322
0.7670447483350009 0.942014019723226 0.9797623462453158
0.7954054024359526 0.9337513372095276 0.9798070215554412
0.7739400549478802 0.9442918577373199 0.9783122618004146
0.7796195614141078 0.9410586244150914 0.98022453264932
0.7738479784339723 0.9414515485171147 0.9755737054707017
0.7840299047790557 0.9399953154505378 0.9773150564909285
0.7734462931241685 0.942194052552142 0.9771503897224105
0.7751320154410537 0.9422546852768482 0.9774138679008414
0.7711688904674062 0.942179935861842 0.9752395395704693
0.7828488982679398 0.9348766774752975 0.976919970512113
0.7733726488604039 0.9391644932128344 0.9779639152736156
0.777350776103797 0.9408315522630809 0.9776765581367564
