# full, direct, likely fidelities
0.9928073151657084 0.9979225180189909 0.9990414612914018
0.9927756279846466 0.9979980347021333 0.9990878157858398
0.9928293533263978 0.99786515216604 0.9990208356682632
0.9927366637379328 0.9978698331400238 0.9990456741914855
0.9927824386561361 0.9978574868669744 0.9990040006159135
0.9927713243573362 0.9978949191907701 0.999127545772453
0.9928399815430323 0.9979123337674022 0.9990523742624836
0.9928072608311147 0.9979144522762817 0.9990603847107018
0.9928236720367121 0.9978699539037731 0.9990169066685032
0.9927774208314613 0.9978496655673291 0.9990821684335083
0.9928238396998145 0.9979251042933966 0.9990547949457976
0.9928357202671039 0.9978839932533786 0.9990530980396646
0.9928495879195666 0.9978340393962728 0.9990552522733909
0.9927747412278631 0.9978809945776721 0.9991080089090135
0.9928833447695369 0.9979685547227775 0.9990594009975164
0.9928446188053639 0.9979693473292183 0.9990907989074354
0.992771312246157 0.9978719031318166 0.9990559079368657
0.9927448004687458 0.9977395284326747 0.9990295689282157
0.9927986372097459 0.9979651230799349 0.9991256151259262
0.9928405047859519 0.9980117174625176 0.9990428370502068
0.9928314556165161 0.9980108992698222 0.9990473259246789
0.9928332350503223 0.9978247007884605 0.999087945501848
0.9928668575188098 0.9980309745551758 0.999068882046928
0.9927793557956618 0.9977891966572154 0.9990043987201477
0.9928195608286868 0.9979693966799335 0.9990286708136855
0.9928436439605003 0.9979314674428211 0.9990651874957263
0.9928631939707694 0.9979232124501878 0.9990214080675192
0.9927900082774579 0.9978922928443353 0.9990550589574041
0.9927552735699217 0.9979026572749725 0.9990709970003117
0.9928340387387298 0.9979730373035725 0.9990657384774065
0.9927945893528811 0.9978431121800726 0.9990308069674733
0.9928397792006304 0.9979607371638729 0.999053956009526
0.9928072845607653 0.9979003738561185 0.9990560889835898
0.9928259709657737 0.9979291506983847 0.9990346315163174
0.9928248695304558 0.9979706527105271 0.9991267042055564
0.9928889621102351 0.997941131032778 0.9990482264884879
0.9928265350287143 0.9977791515016291 0.9990356050034229
0.9928021667906758 0.9979076150654339 0.9991012758091524
0.9927558782455936 0.9978826830531538 0.9990286643801215
0.9928360596137616 0.9980255772400756 0.9990821794912428
0.9928068520735763 0.997985088506246 0.9990451961053248
0.9928678384080871 0.9979970283660164 0.9990705143773525
0.9928496551684942 0.9979496497323509 0.999060654564171
0.9927800346404924 0.997856597218816 0.9990291776358241
0.9928118732456184 0.9979678911060975 0.9990509358013344
0.992854313962719 0.997986553538585 0.999094961021857
0.9928187099111077 0.9979547238078019 0.9990907762974438
0.9928244766878824 0.9980203387012765 0.9990924514102124
0.9928587389755279 0.9979632505943865 0.9990728397413597
0.9928375986738761 0.998006818520881 0.9990974556307591
0.9928096373196227 0.9979683806449363 0.9990541289460945
0.9928051340274557 0.9978882425123498 0.9990330267687062
0.9927690768477384 0.9978678309236718 0.9990400393029912
0.9928164935197398 0.9979249534960509 0.9990781737433883
0.9928415304568581 0.9979608124278628 0.9990339575335899
0.9927750470736605 0.9978483477368855 0.9990361252086455
0.9928189119984931 0.9979500754091816 0.9990301070411739
0.9928263738230795 0.9979380437829327 0.9990714274076922
0.9928320609736077 0.9979121986001164 0.999054005716629
0.9928285089599751 0.9979911043335613 0.9990774518665451
0.9928099069611483 0.9978049350529223 0.9990515841542655
0.9928831178348866 0.9980310163301069 0.999081033750656
0.9928233078331925 0.9978775023095445 0.9990632822891108
0.9928293647891636 0.9979162067367607 0.9990566682669472
0.9928221593632877 0.997870043127891 0.9990768425481753
0.9928455950128513 0.9979947642858154 0.999062078907383
0.9927697066054806 0.9978172448349735 0.9990125679828298
0.992709094451497 0.9977588993238061 0.9990335644847873
0.9928361710347117 0.9979847681531362 0.9990726891702776
0.9928127305570177 0.9978881369473143 0.9990477407112631
0.9927695822317418 0.9978960134868725 0.9990188352252608
0.992795196664409 0.9979062394789532 0.9990764021887671
0.9928608398283498 0.9979073712020169 0.9990536142120511
0.9927414399528562 0.9977923981695875 0.9990556539897397
0.9928655148351941 0.9979045395446166 0.9990804204025854
0.9928280638753049 0.9978976088960986 0.9990503415414007
0.9928018131855046 0.9977710156250005 0.9990656990406221
0.9928580702478741 0.9980071761446514 0.9990589070537638
0.9928541255091332 0.9979565983283037 0.9990482619520902
0.9928101764603859 0.9977937605984218 0.998956559655847
0.9928572144639685 0.9978993990227304 0.9991296097814842
0.992819321289197 0.9980306397275931 0.9990764223870601
0.9928230351140989 0.9978360474658912 0.9990146411759837
0.9928347774999134 0.9979117660344776 0.9990535736113625
0.9928055207574834 0.9979375764441963 0.9991040645251901
0.9927831080008519 0.9979125294103146 0.9990223172707057
0.9927853324082593 0.9979414716883025 0.999069248260803
0.9927938919734699 0.9978191419012725 0.9990275054653531
0.9927706588378409 0.9977539692267964 0.9990226418622326
0.9928198699560177 0.9979401288930662 0.9990699263529126
0.9928842150459941 0.9979645799013116 0.9990681404413241
0.9928670709918974 0.9980263531694775 0.9990546286693464
0.9927967139304865 0.9979556140424292 0.9991123955119877
0.9928250129896503 0.997934140082755 0.999069779137774
0.9927850466205087 0.9979451050918698 0.9990656920234399
0.9928484019725705 0.9980422883183145 0.9990588602443671
0.9928768630188333 0.9979695769632264 0.9990607831390625
0.9929006192734363 0.9979693686896839 0.9990594393747781
0.9928416531681393 0.9979797849103768 0.9991062735609944
0.9928370357922026 0.9980064892217829 0.9991085583610542
