# full, direct, likely fidelities
0.9998966763642589 0.9989164095305739 0.9996611701426315
0.9998990659269942 0.999056273184897 0.9996781555391798
0.9998919093304162 0.9990858911089145 0.999615669299939
0.9999030897039972 0.9979452122926231 0.9993260105264363
0.9998992984530465 0.9988517862678228 0.9996668424518261
0.9999008097307117 0.9990875847468276 0.9996239310155025
0.999897045330149 0.9990184569986222 0.9995350288512693
0.9998999338029886 0.9990202080810776 0.9995957588062165
0.9998938274755053 0.999086836451859 0.9995880569585213
0.999899602073572 0.9990454735033301 0.9994985471413702
0.9998938539700482 0.9990742559863239 0.999460113096897
0.9998985967656776 0.9988619559980495 0.9995745312973182
0.9999000938497856 0.9990102767804142 0.9993901119339841
0.9998946832226827 0.9989397050514829 0.9996617324246211
0.9998991888500206 0.9989875970355373 0.9995613437920923
0.9998988458714435 0.9988550794433054 0.9996546803258802
0.9998955908554488 0.9990012463539382 0.9996180661441156
0.9998955267699119 0.9986846922022606 0.9995749899379326
0.9998967699704331 0.9989983545274644 0.9995388373991371
0.9998959671929424 0.9985883793536098 0.9995531178566569
0.9998977186967022 0.9988082736840117 0.9996099577962573
0.9998993963482573 0.9989385854228653 0.9996157608578089
0.999898065117424 0.9991922964793024 0.999591306119439
0.999893849891659 0.9989681855949375 0.999590802077834
0.9998939874737409 0.9988197084483718 0.999223473797068
0.9998969615576333 0.999126410638768 0.9996384696037913
0.9998946181698832 0.9991095201049263 0.9996557652372658
0.9998952599897708 0.9989011561698602 0.9995240333818649
0.9998973270101635 0.9989700686880664 0.9996246537556394
0.9998952585780657 0.9987574592056647 0.999438256164443
0.9998980141160417 0.998767543039738 0.999557029981666
0.9998962445617702 0.998719737430417 0.9995296341757113
0.9998971160140302 0.9989636133195138 0.9996208843330445
0.9998916504050381 0.9982806550369895 0.9994439571914153
0.9998954718059102 0.9991908527749829 0.9996159052008317
0.999901124356833 0.9991122358527144 0.9996935075096121
0.9998926845180678 0.9989633395917852 0.9995542437203537
0.99989626466228 0.9989846657360351 0.9996489123907251
0.9998989143180793 0.9988752226984751 0.9996668089182142
0.9998984178694378 0.9990161948538132 0.9995025507715809
0.9998978640099758 0.9987382234168932 0.9995725453868296
0.9998951440913536 0.9988799160653448 0.9994790268630179
0.9998984636706738 0.9986252332502814 0.9995132356588889
0.9998964552824543 0.9987351493435417 0.9994962023085178
0.9998970611705834 0.9988180028328852 0.9996060440580339
0.9998950082949078 0.9988806628119171 0.9996341076050125
0.9998957774110285 0.9991210897454895 0.9995783462036967
0.9998978419621151 0.9989070956728762 0.9995960397309959
0.9998982378603538 0.9987819385141626 0.9995440738833977
0.9998978066780729 0.9989422598841788 0.9996273361615831
0.999897684076341 0.9991026937635311 0.9995375193406112
0.9998968042780496 0.9990740968617677 0.999609267019149
0.9998987584255549 0.9984469074598342 0.999543513887652
0.9999009290135937 0.9990999105505644 0.9996089637478913
0.9998974461644765 0.9989322694676152 0.9995869072075362
0.9998995955291053 0.9988046159546983 0.9996111896229851
0.9999008109005006 0.999008575999273 0.9995272952630037
0.9998930164584812 0.9988650153288706 0.999403873257303
0.9998957229693796 0.9990297301132368 0.9996492459391932
0.9998985746280691 0.9987756841868133 0.9996193032351073
0.9998981926404058 0.998952603218013 0.9995005579390259
0.9998968054500428 0.9992633403914997 0.9995942655218089
0.9998957494647263 0.9989750555633263 0.9995489627074161
0.9998997317044965 0.9987703606950747 0.9996074013391016
0.9998997620181934 0.9991271617037666 0.9997173471062971
0.9998974133630536 0.9992155322741688 0.9997032385095128
0.9998932438906818 0.9991204867860058 0.9996112750752916
0.9998974027852203 0.9986203023341589 0.9996179124314734
0.9998995223028835 0.99898609700833 0.9996447099359012
0.9998957454492476 0.9991347380546389 0.999673222889106
0.9998973361493964 0.9987818012341992 0.9996110839660234
0.9998987207530391 0.9988099025609629 0.9996928937265738
0.9998967160566997 0.9990062057528853 0.9996028507911846
0.9999034801840245 0.9988964068458996 0.9994748132271554
0.9998990189973129 0.9991984954949883 0.999582802694992
0.9998969047998475 0.9990768160694761 0.9995521677350432
0.9998957138858662 0.9990181353691647 0.9996620516487602
0.9998969490506737 0.9990800344876845 0.9996798195118679
0.9998984874072638 0.9983723142052777 0.9995692179756036
0.9998957991199148 0.9988366454045212 0.9995026142660215
0.9998980067102259 0.9989701634137657 0.9995896139570833
0.9998943068267685 0.9989339856449946 0.9996192239491575
0.9998926793085978 0.9990227352507794 0.9995899163049619
0.9998926600105568 0.9987438391185062 0.9995189868398757
0.9998972040326845 0.9990702199490934 0.9995094033488356
0.9998950807734889 0.9986527603766188 0.9994737840422786
0.999899614110171 0.999033196021003 0.999355825161017
0.9998970853348043 0.9989676220236734 0.9996306956480511
0.9998980603967595 0.9988173079714044 0.9995938768840581
0.9998977328888995 0.9988848125542245 0.9995824178240074
0.9998996925705255 0.9988132703174248 0.9994549060652886
0.9998961625048004 0.9989064150461765 0.9995753373999067
0.9998952355247025 0.9990866506268946 0.999621014275919
0.9998970954580918 0.998969504125682 0.999585207827406
0.9998979804944758 0.9990444959001283 0.9995779023758371
0.9998963482943035 0.9986857666605679 0.9995677426798775
0.9998932354409217 0.9991039997291875 0.9995793278229812
0.9998966254359638 0.999152264759044 0.9996767232971677
0.9998970783473667 0.9990236393664871 0.9996399507524656
0.999897540969791 0.998917142990093 0.9994596315715861
