# full, direct, likely fidelities
0.9147917074475546 0.9763208974297208 0.9911803248063494
0.9146661523668804 0.9796462162678868 0.9907699625019032
0.9199961877317249 0.9776302263249387 0.9911887892249841
0.9192442928848157 0.978101687368335 0.9906628566915957
0.9167993155444271 0.9781044537519665 0.9916595686253866
0.9176309521323501 0.9770471197207719 0.9915160748432658
0.9179444013203506 0.9780778544215569 0.991744603102215
0.9169136430828425 0.9779243136767392 0.991635210088205
0.91671562515788 0.9748940777848583 0.9910864938555743
0.9165389199405859 0.9794216700543825 0.9915647094795464
0.9158802684315314 0.9787433680889951 0.9908874850832223
0.9162992537560694 0.975895701870784 0.9900993779140931
0.9173120463387505 0.9795528968852601 0.9914178128254703
0.9170452478114581 0.977648707631275 0.9904380573924145
0.9184742194553642 0.9779277813776555 0.992674961873514
0.9183756884389793 0.9762553957981215 0.9914142235844581
0.9177139284834269 0.9787380258825831 0.9918988488237099
0.9148863465926175 0.9782530830503852 0.9914080054483599
0.9187826664282345 0.9760196665354756 0.9916710511869464
0.9168606324649597 0.9748250906454652 0.9914691730835764
0.9167889291416326 0.978231272862245 0.9913570851692318
0.9170364223506127 0.9764644752298439 0.9898284863026219
0.9203317702357193 0.97573769250284 0.9919180345239887
0.9148396221741089 0.976968046988894 0.9919103532181688
0.9193966658134368 0.9758588300065828 0.9915023216810055
0.916874134117651 0.977351605401274 0.9919974616562026
0.9169266435571111 0.9769981568029598 0.9910781297183769
0.9154821577046411 0.9787048493820074 0.992372803450063
0.9177041141777448 0.9791705956627015 0.9908863001274938
0.9162464814526804 0.9768523224763803 0.9908450271525449
0.9181563076238105 0.9766311330602825 0.9901735958257469
0.9201487902223036 0.977347577058625 0.9913591030186893
0.9171471896420347 0.9779227463199359 0.9924896553035985
0.9195137926320169 0.9724040952562513 0.9908942935813071
0.9165530760461125 0.9760451984608041 0.9914168062956406
0.9173717713129002 0.9767141607583198 0.99103075645525
0.9170831303930874 0.9769577981333992 0.9916137579721587
0.9160997740620808 0.9776055935710068 0.9914857434801091
0.9161945807548261 0.9756383815999025 0.9919827596123252
0.9173503877379475 0.9739167160075964 0.9893951262967025
0.9156703322681073 0.9776578238335099 0.990945411679298
0.9157729514241161 0.9762887907007277 0.9919214887634263
0.9164542362328851 0.9757697171653866 0.9909739162067248
0.9168077586145 0.9776316776589944 0.9915940712996985
0.9163705191844346 0.9766840508517338 0.9909409708304864
0.9173052567575719 0.9781537734885695 0.9910109813414469
0.9176131784821697 0.9766595050198814 0.9910286212797942
0.9194577641943671 0.9749216073273613 0.9908899653072304
0.9169620585059584 0.9793467191929958 0.9914336555361057
0.9201856953884872 0.9774391086680609 0.9912968736124272
0.9182362187160682 0.9779755646538458 0.9914819140486774
0.9159042057403723 0.9779117766349987 0.9909661568545751
0.916575447899296 0.9774119080945891 0.9914312809920771
0.9183143600872536 0.9774379576464297 0.9908558326248957
0.915218826383629 0.9759243491521576 0.9910421727015434
0.9186792428552206 0.9751862820738316 0.9921701691893764
0.9201428076210642 0.9750408656945967 0.9912698947506827
0.9203632571234428 0.9742487070008852 0.9899903479148557
0.916398931089147 0.9786186089011282 0.9918420356549541
0.917142791779568 0.9763415431646318 0.9911718856076955
0.9180048343497297 0.9766164073024725 0.9906552349272802
0.9168368376183582 0.9740775286077393 0.9909091040265668
0.9169656801379397 0.9769022250179895 0.9910941960794245
0.9188682065502277 0.9761727646836426 0.9919940309518392
0.9174308713085167 0.9758926663617054 0.9899549290345888
0.9168495071897589 0.977550017973729 0.9916875202917023
0.916015520925751 0.978193319582134 0.9910489634721248
0.9164952291183086 0.9756025574849335 0.9917094723588223
0.9171427303808739 0.9795299104764605 0.9920718330032305
0.9168681961944593 0.9759148264241648 0.9913344422174127
0.9176812137608247 0.9748430633805727 0.9926748332619115
0.9195213279967562 0.9782444379425044 0.9907035942419985
0.921724386053424 0.975689880840025 0.9900787336945837
0.9168253092661375 0.9739484333675301 0.9912571194775927
0.9148474034956096 0.9757417530087957 0.992095808435193
0.9178789126069392 0.9769550512402908 0.991778639113651
0.9158347486972899 0.9794498232200213 0.9917434516213177
0.9171967299553881 0.9776180710241599 0.9914484144701771
0.9179344236346485 0.9761367427183022 0.9907707883945739
0.9182357785781506 0.9768752286741166 0.9904469829518946
0.915370766457064 0.9779860181191721 0.9912127743607181
0.9160827794025465 0.9773404339906668 0.9907610221355283
0.9173264842615181 0.9728999738273565 0.991431414278103
0.9155525912145784 0.9759385801496129 0.9921955095879987
0.9158249150929104 0.9748233848391942 0.9918227230891586
0.9151477719123229 0.9775161541424014 0.9908437815990204
0.916144674648481 0.9788114552730601 0.9915615235481454
0.9232266218166759 0.9708524064146933 0.9912608877603657
0.9153475299250892 0.9793783713299525 0.992383561467737
0.9215825476889441 0.9726879385840979 0.9904375695264835
0.916694442743565 0.9779225753584114 0.9923211415339163
0.919034035006368 0.977729905577347 0.9920611000270367
0.9164343093400543 0.9762040651729601 0.9916528644922432
0.9177699515811384 0.9729471494707419 0.9912628404509517
0.916215586871023 0.9780071287908614 0.9904072150322043
0.9164721814543053 0.9782438700885715 0.9919326703108027
0.9161261704137447 0.9767115388919705 0.9918452385290702
0.9190831240469347 0.9745650775485248 0.9903774921170674
0.9174602134446582 0.9761761188121023 0.991277863059995
0.9170715389086131 0.9723715101715454 0.9921353649226489
