# full, direct, likely fidelities
0.9908346128314712 0.9873741205319096 0.9952578288770648
0.9905328611622449 0.9871402593244666 0.9948001696542718
0.9906604975153827 0.9883778622507249 0.995181234193346
0.9907278964612096 0.9883397532930276 0.995229981664821
0.9907179155823929 0.9883716711951087 0.9953327929179134
0.9907158629560873 0.9870131044677752 0.9951659453048611
0.990599959657569 0.9873373995714152 0.9948742424810818
0.9907099298377211 0.9891043006042057 0.9957109218936612
0.990701664929521 0.987882593594076 0.9948513162169957
0.9908571191402915 0.9869507256512244 0.9956880739730678
0.9905327382390333 0.9849959599626481 0.9947060452692449
0.990409457321004 0.9840514226315161 0.9934044949788878
0.9907470011114173 0.9875261982988955 0.9946996150095949
0.9907569646953992 0.9885076521412643 0.9948416286790387
0.9905278601451295 0.9856619186797267 0.9943605731722183
0.9908617130888187 0.986806603241977 0.9951903614225286
0.9906520819766094 0.9869650415079106 0.9946971475978775
0.990626660522123 0.9875296924059958 0.9955593353194729
0.9907134373964724 0.9865192718016975 0.9945423556082379
0.9905581179278337 0.987663834545223 0.9951637687906302
0.9907079843577806 0.9873580545454423 0.9944998469482128
0.9908397552784141 0.9879235196693628 0.9953377349596833
0.9906608193151861 0.9861657918324805 0.9948294103592797
0.9907699615018595 0.9892682375022773 0.9951587376181763
0.9904348110317192 0.9887060621047342 0.9948809961736051
0.9906569118277657 0.9860225220745957 0.9947337996118987
0.990660823931777 0.9861102545598632 0.9948793175884947
0.9908248615503098 0.9881554165096057 0.9941123846814464
0.9907186028930368 0.9881195127551123 0.9945707827037477
0.990787807422857 0.9876009587656849 0.9952576031645716
0.9907160947104399 0.9871036301701918 0.9951390940238882
0.9906185536990899 0.9871932148101384 0.9946490466054353
0.9905706657810114 0.9844117234449801 0.9953962750702273
0.9906983093562508 0.9876440514925586 0.9952398853714814
0.9908441413492699 0.9880685664405178 0.9953130064109006
0.9908350987020642 0.9872439776026916 0.9948337236587605
0.9907536175157206 0.9883763555881357 0.9957737969418694
0.9908035112963819 0.9871898742611951 0.9949951180417826
0.9906357180850257 0.9880089489828021 0.995179898015679
0.9906589239689849 0.9872096837366968 0.9947679466922457
0.990760285644942 0.9879493882148681 0.9946106785450445
0.9907327235829486 0.9868987731482881 0.9952977915669595
0.9907724350361533 0.987674447340802 0.9947531661528324
0.9905886087353679 0.9873189518812073 0.9953665974717661
0.9907772041026016 0.9886739754167474 0.9955170157256377
0.9906798849656939 0.9873278688481734 0.9944413173009145
0.9904187451080725 0.9842949274280942 0.9946341204023074
0.9904810810141692 0.9873695922407446 0.9943673840209734
0.9906979518655215 0.9881285022734605 0.9952994321016319
0.9909296510702327 0.9877128853088769 0.9951800864991792
0.9904838968239729 0.9879450072665088 0.9954205609534722
0.9907289749475241 0.9872232437121253 0.9944205911504214
0.9905069976335412 0.9874454148558209 0.9952922512467637
0.9906788263343717 0.9871838650930371 0.9947483435090021
0.9907423730956746 0.9872019100485557 0.9944389560130148
0.9904932970181455 0.9862694872704768 0.9950449631504712
0.9907318307396344 0.9881704844544287 0.995437982702638
0.9906699747973539 0.9882930477159785 0.9942980857837997
0.9906162852614658 0.9865338358635611 0.9954450651417788
0.9908037511635659 0.9886082756519688 0.9952476336410524
0.9907281499777509 0.9857056182176112 0.9946253816206122
0.9906796161974131 0.987668797200487 0.995767211525843
0.9906087767116486 0.9874063900121991 0.9945346760746455
0.9905893935026732 0.9863033929085749 0.9949741987265808
0.9907460308479781 0.9881444804162917 0.9954809688170557
0.9906129798903659 0.9882451791763229 0.9949049902599187
0.9907600163173995 0.9855511265389595 0.9950735599677352
0.9906569005810705 0.9883390791149818 0.9953464277081743
0.9907368574715023 0.9870937188396366 0.9943534159376886
0.9907741653760541 0.986634486367389 0.9949136523751371
0.9906244530897281 0.9857087062836914 0.995092304186604
0.9905865470343879 0.9880830323805455 0.9948652031825432
0.990451669607122 0.9866223693525171 0.9948764431653819
0.9905661772623533 0.9858078575193001 0.9952879496788478
0.9906981586086272 0.9875417805094401 0.9950717742761718
0.9906596308758409 0.98619818148174 0.9953258309429037
0.9907556214391223 0.9862737259776564 0.9948144402103694
0.9907104924129371 0.9874554648781344 0.9945058463754813
0.990655402161524 0.9882999646135308 0.9959724550226842
0.9906897352789271 0.9893120456363187 0.9952838595447052
0.9906713985404229 0.9884884258052998 0.9954729620930642
0.9906811216752681 0.9870663198058197 0.9944878731197401
0.9905953018471023 0.9873600777557461 0.9953292565305821
0.9907818620324502 0.988258382938732 0.9951658164275559
0.9906423645121059 0.9853396743716792 0.9951523747421988
0.9905952545466554 0.9862339422147773 0.9943312370359623
0.9907983738342444 0.9884211078367365 0.9951549648183208
0.9905737060942224 0.9849788771494449 0.9940370245718957
0.990585917802495 0.9854470203126853 0.9946760742594275
0.9905170989134221 0.9862202812086031 0.9945689410790233
0.9907144409618682 0.988467679377818 0.9945986052855025
0.9907629553264603 0.9888564996376114 0.9952517450423084
0.9906205406560682 0.9865137501714328 0.9949604844001023
0.9906979412944599 0.987389890583593 0.9952823901849511
0.9909032931057566 0.9878960400895891 0.9950049091200887
0.9907382067833506 0.9889072322087572 0.99510919341159
0.9907661059587404 0.9858325380840245 0.99499024211415
0.9904873557893918 0.9860371628789615 0.9949185995069685
0.9907558399338313 0.9881322866789497 0.9945325721978049
0.9906861192681842 0.9871853620463027 0.995086687658493
