# full, direct, likely fidelities
0.24814850536450483 0.6733696746040614 0.8790080321539753
0.25092548571294526 0.6888902180944254 0.8894630196238863
0.30451860595144675 0.6786383099017436 0.8768158921241875
0.31886109966438403 0.7008660756579712 0.8796340369859361
0.26844483703676586 0.7058615479652006 0.8884275660378195
0.27323745876933103 0.6731135951515782 0.8591059309447613
0.26873540294184606 0.6955468528468427 0.8822307640354141
0.2810944390304721 0.6695030313388886 0.8837176367069263
0.28845338564970846 0.6730426233255979 0.8806592585112202
0.285137998834068 0.6793070021035448 0.874221388366335
0.30172882168771153 0.6963607203012702 0.88581452535917
0.27493291647151474 0.6668455947094943 0.8636486459168248
0.2708484698270906 0.6853083510776585 0.888433265708919
0.3087511301087403 0.6909911884130869 0.8777430047942069
0.27751121873680984 0.7068753164181619 0.8805274133586735
0.28656461600975486 0.6836926802851928 0.8791091294661664
0.2827440107944432 0.70131077763547 0.8868827736788908
0.2620826679512942 0.7009944460685248 0.8885257608813225
0.28809247223020534 0.6736363659872907 0.8797025602363877
0.26660823864675837 0.6925402708041346 0.8861373008908501
0.26477527666785 0.6918160947375033 0.8695265186552426
0.28010860976390445 0.7083229940624745 0.8887548965847679
0.3119833694547656 0.6832672912951414 0.8823953036050787
0.25865486694479956 0.693441752178624 0.8820976079606404
0.347848036518049 0.6829035100302034 0.867518884726734
0.2761862515947593 0.6806652585735845 0.8849399429838971
0.2664039746352222 0.676393695074549 0.8856544841808511
0.25128907019866414 0.684338854296025 0.8914054521697808
0.3176235887550213 0.7088235765244871 0.8862014986449773
0.2797777004717837 0.6836905172972056 0.8624862528155333
0.29099594262758643 0.6826294507004995 0.8745203988478418
0.29504558701828015 0.6846802740988654 0.8841106193790935
0.2855548660061481 0.677663252528838 0.8938175931251492
0.30797330767688563 0.6696260191290558 0.8789543960897942
0.27461436994444105 0.6612347937401326 0.8573449315841489
0.2775781266603475 0.6867688592100022 0.888886280142444
0.2726930093730025 0.6761849839180087 0.8897702880306673
0.2761824774109455 0.6863712188526602 0.8874055688747372
0.268179017467755 0.6809563673019443 0.8826555204125541
0.2803049643576594 0.6779250839688672 0.8703201176425985
0.2803745463651318 0.6874200035774498 0.8849501400114599
0.26562751522457123 0.6682820133529946 0.876653286724783
0.2640290089393396 0.6509295415753424 0.8774001419269242
0.2849476897892599 0.673702339644814 0.8776708589982859
0.30637298163686916 0.6869697574659612 0.8892178594605396
0.2832621910563886 0.676896198870654 0.8810997042561203
0.30947300289059637 0.6725274788056727 0.8627832056838771
0.3110176964214842 0.6781539356058394 0.8726638289954664
0.26966296042070265 0.6920155597468203 0.8743507207190502
0.2978128561727959 0.6526182638494783 0.8753947541289158
0.2878823411079897 0.6892968012122402 0.8777710835375139
0.25812443634114923 0.6838652098614364 0.8833448709230468
0.2779898854210965 0.6879463565817181 0.8929878405717958
0.29651963284460886 0.6967817677188684 0.8781477215479193
0.2636845530583486 0.6801149492730432 0.8850586306176568
0.31315319724501534 0.6413328427311661 0.86050614347796
0.3227956205447108 0.6687875371001294 0.8816257404800499
0.31079538029401116 0.6672252077663794 0.8707707511631461
0.28385177134486694 0.686299363079605 0.8852426051485864
0.2829670574003898 0.677137782455894 0.8801444527818311
0.28529559321168607 0.655400191787023 0.87225584331974
0.2707899147968606 0.6949883915788398 0.8781763316077338
0.2877605143094922 0.6805900428446587 0.8841984371124811
0.2885795358055567 0.6982293544042333 0.8932637732157288
0.27369093823837876 0.6800706288815992 0.879070560767737
0.26649668686769656 0.6819281376643872 0.8859972195780289
0.24982473442557057 0.6780529461148311 0.8841926623993558
0.2682290954216117 0.687674200679156 0.8813370969567362
0.2854337103490453 0.69212266597342 0.8812535756884757
0.2775034787860133 0.6644695730153 0.8701395596221182
0.29240379890323326 0.6553652641522077 0.8722521275995435
0.3124612837910156 0.6877205273933528 0.8762182256836493
0.3404129478356268 0.701628567857171 0.873892691661789
0.28975093231772675 0.6854921277764751 0.8872353696055906
0.25269707505918426 0.6797684096119391 0.8834919232745169
0.2972110772853456 0.6741549138339247 0.8760696950344805
0.2755512684965355 0.6817236361766437 0.8829868938141053
0.2717770432624458 0.7024460819354852 0.8860189054150805
0.3058842434753235 0.6991831051886894 0.8736136250722439
0.29756920486082633 0.6723004470548004 0.8704144947168235
0.2738708587475178 0.6872397925975914 0.8859853425234473
0.2852260015879284 0.6892706933536047 0.8769112671860003
0.2840755617193151 0.6989122545036475 0.8701682604286561
0.2615825663980026 0.6623035918812141 0.8669057260113628
0.26278583581252835 0.661609022636965 0.8819557072318035
0.2731637495843118 0.6683568208776423 0.8764064948530591
0.2869623760355587 0.6988799844518127 0.889985543223176
0.37909122924888666 0.6960321344918978 0.8727140402355895
0.26714805188782076 0.6985187169393366 0.8887520104083654
0.3324800025379705 0.6691122451362799 0.8611725581493528
0.28288411836225186 0.6989705086336885 0.8902183063141739
0.28957188335603734 0.6808177419547036 0.8886670778471368
0.27991059487675674 0.7085061123703225 0.8942723322574468
0.32444504675328567 0.6717207038789849 0.8661028674011231
0.29328106275871124 0.6714285672685233 0.8709266130594907
0.2867103409726411 0.6930228750644416 0.8848402169720461
0.27672584010288076 0.6858302317523699 0.8791517728572872
0.2997436701717337 0.671077633303325 0.876560611173698
0.2699888257314956 0.6638453634607775 0.8759054388326625
0.2975142261869778 0.6525950374328208 0.8743690426091542
