# full, direct, likely fidelities
0.9989600019063826 0.9921579250488187 0.9973430719724583
0.9989352386755347 0.9943203123592032 0.9976212708065176
0.9989479414342594 0.9929671847659818 0.9973799672359593
0.9989274204277515 0.9921368975134033 0.9974752881820251
0.9989254117521171 0.9934008874530617 0.9972755952862138
0.99889079181463 0.993174656382739 0.9974879137967603
0.9989069905739265 0.9926472571035414 0.9968684717128314
0.9989776600683009 0.9921022852636476 0.9975609462882822
0.9989188428243869 0.9934481470020415 0.9972294742921427
0.998950892752163 0.9921899730074488 0.997367120708704
0.9989059749834258 0.9940266159444778 0.9971400512648068
0.9989419107294041 0.9933627401036802 0.9974380002914147
0.9989486413398563 0.9934828976459594 0.9979222558178141
0.9989488272717505 0.9935455298349142 0.9967949163354656
0.9989862462294073 0.9913880021857244 0.9974708707269649
0.9989605781536389 0.9934896659956173 0.997492681951316
0.998943264552848 0.9936938883365523 0.9975365227320927
0.9989532855433547 0.9931922034504672 0.9969971338862245
0.9989242735606672 0.9945778381423519 0.9976713762226137
0.9989355891653604 0.9938626257911648 0.9976801080639646
0.9989556196367659 0.9935991044363142 0.9971878117876005
0.9989659325975492 0.9919400997246958 0.9976567130232884
0.9989807579087061 0.9918021594420491 0.9968311891393032
0.9989853157540968 0.993854523260097 0.9978156424583532
0.998915506113987 0.9931599691226779 0.9975714650395548
0.998981041389987 0.9935493623627647 0.9967992182132356
0.9989463214851382 0.9927580242481739 0.9969553081951166
0.9989461550056781 0.9914715158519636 0.9971586938976816
0.9989590889023533 0.9933672025745572 0.9964480556648744
0.9989636591442917 0.9943513531911464 0.9972468268395424
0.9989636474782693 0.9938311353675725 0.9976149896471117
0.9989304915190379 0.9919970137256371 0.9970640210686016
0.9989765799792991 0.9938578668739507 0.9972286189318339
0.998958330016015 0.993274166671546 0.9971382514387327
0.9989444718982748 0.9937053101419318 0.9972907618154362
0.9989566457461972 0.9922562087447089 0.9970195941433805
0.9988972510203519 0.9948646506607567 0.9972607053552258
0.9989362724979064 0.9930264361365982 0.9971115655006112
0.9989461709290268 0.9929698705418157 0.9971181376066551
0.9989563853747088 0.9932541377263366 0.99784682757373
0.9989359935595851 0.9918945974119274 0.9978824269416601
0.9989745508802333 0.9919877640473284 0.9971390879456021
0.9989337374154317 0.9933250093614436 0.996946516659693
0.9989506101971948 0.993442157768513 0.9973390780496161
0.99893309848678 0.9940795282310314 0.9979945210093817
0.9989432849885287 0.9932741535635999 0.996797290956326
0.9989602348879073 0.9949146383851383 0.9974870119558151
0.998960967892242 0.9943281544513608 0.9974930185637426
0.9989435228029598 0.993702360050561 0.9969989355451001
0.9990168803548638 0.9927357332589555 0.9979991590478731
0.998922690249532 0.9937608673862516 0.9973570143637814
0.9989658278362427 0.9934360449216884 0.9973253346543768
0.9989539509599472 0.993564741276926 0.9974484235112552
0.9989515980542389 0.9914695382831135 0.9969083630418746
0.9989121811608732 0.9914034460278127 0.9978822577421539
0.9989324900531567 0.9907819412167784 0.9969319746798168
0.9989054509923516 0.9931289330356676 0.9973292661735441
0.9989603626195503 0.9911711805169705 0.9969018463586118
0.9989463432758897 0.9935872238403266 0.9970701268243339
0.9989470232279789 0.9925267022193088 0.9973893440275334
0.9989429316110428 0.9936899941074877 0.9972594901814797
0.9989555745896276 0.994020855282638 0.9974762493560322
0.9989122333963852 0.9921792027915011 0.997600357044372
0.9989582843663135 0.9934640820035147 0.9971481419125323
0.9989797266651614 0.9925038733878757 0.9974524321800923
0.9989637194275801 0.9927703427164959 0.9974509486478167
0.9989615013799769 0.9944187772724313 0.9972850342381089
0.9989712236381526 0.9935193937529165 0.9972106404782207
0.9989598473609492 0.9934535391805412 0.9975695060028141
0.9989328671717301 0.9925883401178078 0.9973561535755889
0.9989258488336067 0.9929491906032575 0.9970699195332982
0.9989053718260272 0.9940487919712676 0.9973783760650716
0.9989179265928917 0.9927025812732889 0.9972264273022383
0.9989247526550901 0.9923087022739128 0.9971864206318498
0.9989403770705599 0.9938870832168875 0.9973726151777768
0.9989360373861172 0.9944789670131854 0.9977699302563587
0.9989594381696085 0.9936424935893207 0.9970080971463766
0.9989723706268757 0.9936171127626885 0.997507035019265
0.9989741821846104 0.9933836634111746 0.9977488628876711
0.9989410762829616 0.9916342390912435 0.997509082979263
0.9989584793548085 0.9923271657795487 0.9969814336036602
0.998960463129985 0.9943218940907571 0.9974216121426358
0.9989247539921525 0.9927857616766554 0.9970735569611865
0.9989422046405562 0.992326005118133 0.9965783178261889
0.9989848491832197 0.9936723520728278 0.9973280540800026
0.9989738589058169 0.9937819681870153 0.9977712961834398
0.9989971930245108 0.9922418257207277 0.9970742556897785
0.9989409223868891 0.9931688243729375 0.9974085861695453
0.9989346710638919 0.9923717027379924 0.9970623042944295
0.9989625142262265 0.9921077388860752 0.9974694026048191
0.9989620752236367 0.9935245091162271 0.997060593446791
0.9989281199959721 0.9921957747203285 0.996836328033794
0.9989304422849505 0.9930698272381314 0.9970230039056359
0.9989205240771399 0.9927502728122074 0.9969861025959501
0.9989660572275446 0.9928720713372587 0.9972386565847617
0.998953401607469 0.9942873916957046 0.9974769281691598
0.9989533139702786 0.993007455322874 0.9969781836893943
0.9989476470381826 0.9929880959859175 0.9968341931806048
0.9989538041581933 0.9934569686377142 0.9969287613250701
0.9989972375187544 0.9927158479570114 0.9976438210346681
