# full, direct, likely fidelities
0.5005502136576993 0.8538113907492929 0.9502528582842316
0.5040681096792166 0.8661088848776226 0.9449248735462535
0.5606969265613561 0.8502328600472604 0.9437790057055121
0.5647150008171292 0.8294630240678944 0.9453099371509112
0.5232962174926068 0.8664562092644204 0.9439609086135531
0.5307259525716469 0.8591871791176755 0.9504586856543266
0.5256947494392353 0.8594474059449559 0.9445326186483591
0.5325727395496033 0.8532983960471422 0.943184524223715
0.5383239949869205 0.8392186172676315 0.9449567410360569
0.5345687545812711 0.8553617924832445 0.9467513392492402
0.5458308833878649 0.8642233176468695 0.9456243005281294
0.5267468907249184 0.8472093077707095 0.936347471856212
0.5287666172914207 0.8573031569141847 0.9482818959533813
0.555197078380509 0.8604159688591525 0.9486807094701606
0.5316359538402775 0.8618468051452062 0.9488820130166765
0.5402143774822172 0.850188602204716 0.944255813070665
0.5360535542967186 0.8676166306484793 0.9485825735927882
0.5128996980343232 0.8596477962905996 0.9461579750867936
0.5431185802342097 0.8451862068277171 0.9405216807961819
0.5225472121891785 0.8560009217328515 0.9499217521646848
0.5201743631551529 0.8589917964567942 0.9452895114169224
0.5301062321243386 0.8535649702510388 0.9432998730516119
0.5626563780960554 0.8604854259569874 0.9480958417921529
0.5112375803138169 0.8567551886526436 0.9468613668380234
0.5861628373694557 0.8534173037655756 0.9461514322530818
0.5282410646024523 0.8509705960336664 0.9419501029575398
0.5227969537222934 0.8562964014176648 0.944277830544857
0.5064078663342739 0.8631691658444341 0.9481647590671743
0.5600461939086677 0.8604536966856879 0.9475688197394295
0.5293707009356978 0.8569093638169705 0.9421038007256932
0.5433790642329978 0.8537317431527615 0.9463122124003821
0.5520021486330037 0.8493167258302172 0.9431861767202222
0.5376498179731373 0.8480790099484656 0.9546289175304188
0.5598424538131287 0.8363095595012999 0.9437854771138966
0.5272942611855366 0.8368953012121453 0.9431629136336941
0.5296811251864456 0.8512341090652501 0.9476721403767142
0.5271769910053832 0.8636912469708375 0.9467524247380661
0.527461278621278 0.8452711832757597 0.9398886200595273
0.5227599497983838 0.8576463357247388 0.9398961652286925
0.5326049568446092 0.8538448247539346 0.936396491352009
0.5317298489951098 0.8618053741158559 0.9536972697944471
0.5196745221434874 0.8613861175894967 0.9475593057062569
0.5203207045916908 0.8646982254608915 0.9506521367110269
0.5375078878224551 0.8585747145103655 0.9459560160726732
0.5477563731024272 0.8551121127337316 0.950900361766594
0.5369070656830096 0.8626821833088238 0.9476098309233593
0.5530557970270574 0.8566197758506185 0.9453575393537934
0.5588408111208211 0.8506556450326304 0.9492131354028981
0.5253575362215537 0.8621248084472443 0.9460752981473302
0.5533596436479538 0.8661366567976071 0.9538431178918239
0.5406521550222788 0.8685563318341957 0.9485816270983711
0.5129839020392701 0.8494972604057112 0.9513107885304898
0.5297740307783761 0.8715156013190778 0.9448882692459963
0.5478834326846892 0.8531957906623642 0.9425677534421323
0.5156421561445413 0.8507434685513967 0.9487081849405704
0.5596116539985159 0.8418967556274851 0.9389045095002293
0.5705329997449171 0.8433026332387992 0.9408657889319031
0.5636095192568534 0.848563226432086 0.9446733384798728
0.5367465229707198 0.8610114619900174 0.9494507236449117
0.5342541781282866 0.8592477024888141 0.9458408516856619
0.5381182384337183 0.8469237364383868 0.9431317698966616
0.5267698973283576 0.8542928062867501 0.9456035058157697
0.5396598522816509 0.8471798160038992 0.9451688671213461
0.5457367024955577 0.8529630177962119 0.9462033215487424
0.5268413442628763 0.8332625794141207 0.939551209973136
0.5221391133352175 0.8586597762851748 0.9466296871778445
0.5072923319616927 0.8559421013961228 0.9442293690135721
0.5203104681974152 0.8584848233012091 0.9460418604213344
0.5372818572737231 0.8611596665209253 0.9524121577484745
0.526217659119525 0.8622338981582505 0.9481153073530953
0.5437375548774955 0.8384412468308446 0.9472116759269875
0.5604636268573236 0.8525005223455274 0.9465451329932764
0.5868235237672241 0.8526678635122903 0.9450818773698106
0.5387381352539262 0.8460576345442121 0.9412130085752247
0.5052160451631986 0.8587932311072325 0.9517968370619754
0.5465726609379143 0.8541560645864836 0.9439703305703198
0.5271768011895767 0.8560065949546203 0.9475829367852098
0.5266692536194436 0.850346883741812 0.9472740653438481
0.552444173904908 0.8601174003654047 0.9410103942342164
0.5488720170235907 0.8608143480578084 0.9483403656269999
0.5242801102297291 0.8629941701702531 0.9513362665675718
0.5341106381437144 0.8621780663349131 0.9400162527286238
0.5356997332431014 0.8439850957290987 0.9384754311241502
0.5162596779888858 0.8507566014346558 0.9490889180888118
0.517098802625396 0.8388570005897539 0.9476719759200377
0.521180628459765 0.8574190568926353 0.9479333027338188
0.538478000428181 0.8488993131942358 0.9432277228065203
0.6147124733872698 0.8383432449644886 0.9434026461787228
0.5184021866075037 0.8638270192088637 0.94674122684108
0.5796179658855947 0.8459598257607827 0.9427267816968884
0.5332522214519948 0.8703293724339066 0.9504072016919249
0.5414263815817947 0.8642867869980961 0.950721915121384
0.5315176459105231 0.8605780495850821 0.9482899439733864
0.5640513808524396 0.8501914996055825 0.9452629714515253
0.5389057764644761 0.8554467757007157 0.9500766737083153
0.537646483822518 0.8676439445719298 0.9475055850161239
0.5278616869371208 0.8541706599040114 0.9461440932324158
0.5530190650927483 0.8524643637520508 0.9477437860999535
0.5273622945091487 0.8518412409787979 0.9412806524215956
0.5443918586949437 0.8418632885655459 0.9361424038509212
