# full, direct, likely fidelities
0.9584864261251741 0.9814586291117048 0.992578207988791
0.9586358519795388 0.9793916616061292 0.9923287304508832
0.9585688203970409 0.9795882823101977 0.9929943590010418
0.9586795609979948 0.9807942323602629 0.9920397343590479
0.9587912569887492 0.9809554462285444 0.9928870404077873
0.9581713990065455 0.9795599883701783 0.9924676566533208
0.9582396869463314 0.9794911228232699 0.9920094893283018
0.9587626121743342 0.9807909673652738 0.9926901673248321
0.9586052537270732 0.9808963108100627 0.9926789027574555
0.9583410496815794 0.9792280176083611 0.9926533675449282
0.9584728911800138 0.9798654378343506 0.9924206169990023
0.9583081136163729 0.9789985289915241 0.9920890114732129
0.9587395036735223 0.9806519359966004 0.992477766877031
0.9586142134775697 0.9813270719722469 0.9920980224902007
0.9586088546029325 0.9780959416701858 0.9932641429420627
0.9590549308669399 0.9817855958853464 0.9928708613175428
0.9587995877030449 0.9788915567588561 0.991466180630853
0.9586703845229667 0.979656120191958 0.992180515631751
0.9584491435440724 0.9809739216258457 0.9923567165179016
0.9583690141860624 0.9795152112690968 0.9929927122551354
0.9585583301889585 0.9796331467559666 0.9927787580738063
0.9589798525148833 0.9798589171353688 0.9925299859928518
0.9580775670190427 0.9781301147186042 0.9919504421198736
0.9585765122407485 0.9802329856334894 0.991873353454984
0.958786768315596 0.9799791654930751 0.9923731993291508
0.9585982424371459 0.9800568880673608 0.991571749060736
0.9588895681504159 0.9802736204670689 0.9924339680938205
0.9580649477023762 0.9797082626431216 0.9917985414955257
0.9579218051952979 0.9807067667256565 0.9924600735883152
0.9586824130924253 0.9809994253934119 0.9925316098260875
0.9585179099423561 0.9813248160741471 0.9922205143654633
0.9582083712658335 0.9791697305611297 0.9918320215385008
0.9586590607695695 0.9776747945140194 0.9928756479445388
0.9582175940858266 0.9798320801848356 0.9921498676380207
0.958653052733274 0.9806171392518068 0.9927331224706741
0.9585154627423909 0.9800035595553748 0.9927099742909624
0.9590367029813736 0.9801462923162834 0.9916758481041463
0.958629722601468 0.9791351791352854 0.9928242735437269
0.9586112096291663 0.9798065442226047 0.9915675146374658
0.9589978413623446 0.9770167940156209 0.9915036256564872
0.9584651319779218 0.9790022397309092 0.9914507780401798
0.9582912071566876 0.9791216546809365 0.9921175333772069
0.9584068397745513 0.9790187396102812 0.9924422923749103
0.9583384168342742 0.9803984503843667 0.9922489006279598
0.9588775658171081 0.9795228289890551 0.9918259713610184
0.9585803865154787 0.9799622269353615 0.991952310718552
0.9582071048230569 0.9803067633268373 0.9914284090435536
0.9583844341158121 0.981054634965068 0.9929890775524658
0.9584783058440303 0.9799520755500535 0.9916885637131421
0.9587411812222704 0.9797943660061604 0.9918308654966429
0.9583376668444028 0.9812324242707573 0.992361050313498
0.9585295241284557 0.9788194163872118 0.9917148834244247
0.9588215740205055 0.9802031216379979 0.9913925926071359
0.958559076837139 0.9794483575018412 0.9922248283351592
0.9584172476824759 0.9799288654350653 0.9919006795621742
0.958067093007599 0.9789380800037084 0.9928269995448415
0.9592005898666078 0.9793891947863226 0.9918913083490911
0.9584043537780927 0.9797226420048758 0.9925669616781132
0.9583359363967366 0.9821126014138475 0.9923021122153705
0.9586110818155615 0.980878306152062 0.9925547822747949
0.9586548306012376 0.9810227772922986 0.9931973639770189
0.9588361037497362 0.9802826404679107 0.9918850026457663
0.9585872764870806 0.981537462243491 0.9931258375346249
0.9584096147502629 0.979971651264348 0.9923677661512201
0.9581293252877928 0.9805064700904058 0.9918557039350923
0.9588231021401697 0.9801017171301037 0.992360332978196
0.9581177058920987 0.9793256882569491 0.9925416996890912
0.9580232252306096 0.9797324106224169 0.9925525833316458
0.9584971195285172 0.9801711891880092 0.99163828809616
0.9586347183122734 0.9792606628877649 0.992600575869872
0.9581378087844893 0.9798647177865097 0.9925984762483541
0.9588411362306385 0.9812522437893871 0.9928640043264694
0.9589363477626542 0.9797148502587598 0.9929832470096374
0.9580440300934486 0.9792385241302772 0.9923408116933933
0.9583829904170752 0.9805689725334018 0.9929560906584148
0.9579606566254136 0.98003185071599 0.9927686610411157
0.9582908265235491 0.9783286388203353 0.9911860064512119
0.9587314010940247 0.9806953543954466 0.9922687248950404
0.9581011267387539 0.9766427293791364 0.9917138819135211
0.9583686090661339 0.9808729828155357 0.9930388024545469
0.9584247479154289 0.9795898221959977 0.9922262545552972
0.9585343928876942 0.9762892674341681 0.9916624783042592
0.9584718726521815 0.9771750669228051 0.9913109888514149
0.9582710175089868 0.979556496316667 0.9919143708070228
0.9584653262922884 0.9814495167019285 0.9923765182786358
0.9580592575101814 0.9785994367441846 0.992148634881271
0.958291507944434 0.9798974270716487 0.9928295507808705
0.9582764885644345 0.9809899753390157 0.9924266186921143
0.9585009207393327 0.9800725829199245 0.9918499506006826
0.9584258885188852 0.979764341892566 0.9922117358183506
0.9584186790238445 0.9792234275342498 0.9922799000804342
0.9586710502050039 0.9808826828539775 0.9928803674754758
0.958400506446483 0.9788152684458437 0.9923669295671479
0.9579325823372645 0.9785451940472235 0.9905236463312616
0.958880259683763 0.9815790060846544 0.9924533750830875
0.9584814514059957 0.9797404737646191 0.991885868562661
0.9584864403415737 0.9826011705433152 0.9924289449025767
0.9580031838461814 0.9800359405758504 0.9930400175426521
0.9585912573119018 0.9802851472394865 0.992479357136792
0.9584446072962154 0.9802518643998234 0.993165603991399
