# full, direct, likely fidelities
0.7200059313635448 0.9705352630262792 0.9877218064450434
0.7383357864745714 0.970010232455943 0.988801506746387
0.7358046160511675 0.9714335850428102 0.9887338252498487
0.7440043791055049 0.9688074163161093 0.989039295429552
0.737068153141798 0.9701956182183956 0.989172740757717
0.7390623655813989 0.9699897978641094 0.9890535101456349
0.7434335291441938 0.9696448966851303 0.9884159603606766
0.7349379257441149 0.9701018905578241 0.9895620171179279
0.73916242247412 0.9693553706893207 0.988873723312242
0.7261756256307622 0.9683212739916347 0.9898287078740182
0.7262066357286797 0.9708120665145752 0.9901695141102926
0.7397183246013679 0.9693532406480269 0.9883693045927268
0.7205135018055617 0.9677160256141194 0.9865525259153448
0.7249525797165456 0.9735710991384443 0.9893496101351739
0.7372293522303865 0.9704995133265322 0.9890742857322062
0.7353127186364973 0.9679481724026213 0.9894988367338651
0.7491357082434068 0.9684980904461815 0.9886779527913594
0.7208590576074901 0.969204354022867 0.9904031610088005
0.7362027032964645 0.9704703323676661 0.9901673592788838
0.7442833645946546 0.9685155667176492 0.9892863806348071
0.7231471372835657 0.9723266373746762 0.9894309335007976
0.750825521288045 0.9696928288883042 0.9878027339856706
0.738414720957496 0.9709998130654186 0.9888315389179257
0.7261023279768186 0.9727639366447494 0.9887974415397831
0.7267061649886385 0.9713331966335473 0.9894468034888924
0.727176077731589 0.969195750060036 0.9888249611716251
0.7209250419948248 0.9685789097042066 0.9882090260928491
0.7231906719119755 0.9723081640895216 0.9877070220410904
0.74169693786106 0.9695072856319619 0.9886760460030847
0.744095277939632 0.9645386764298939 0.9892237382231355
0.7282514894199916 0.9685658377680038 0.989816445956787
0.7369157990958598 0.9736690353931978 0.9890631420437161
0.7289211265302991 0.9714001113725383 0.9885156937018376
0.7318773444400112 0.9693138243737212 0.9889544710192089
0.7314470528355772 0.9705140034393268 0.9886245998347362
0.7434192854954799 0.9688642546347557 0.9878542411848577
0.7301428723295005 0.9693885080210864 0.9893176847435161
0.7307034242888106 0.9693970585836682 0.9888716380333895
0.7316431064636871 0.9691245341597003 0.9891291663984989
0.7329919504531223 0.9709082336800193 0.9887632126593571
0.7255864611700062 0.9704960820420818 0.9874899681728007
0.7318896548967906 0.9723032463047947 0.9881887912528844
0.7201843118612852 0.9705985520492909 0.9893669425628786
0.7490414144108873 0.9694736804741756 0.988592334154834
0.7282394238501245 0.9687161119343293 0.9882825748839481
0.7310663160503249 0.970580848566678 0.9889743704685613
0.7336588163662053 0.9701644565496345 0.9880332149308665
0.7271095868488799 0.9722438310312748 0.9884324088909514
0.7273834358070542 0.9718813521916218 0.9895422286063978
0.7332457130661811 0.9702280225035937 0.9882149625164462
0.7497018411289545 0.9705647329135942 0.9891462047456664
0.7405185386577454 0.9683960974029228 0.9876367093800772
0.7440091139051699 0.969332395322377 0.9889681903222822
0.7365068744895065 0.9694922148611145 0.9888163811126881
0.7454843773159803 0.969539871810118 0.9872685022955286
0.7196738200303557 0.9686047630212263 0.9883855430005487
0.7348102945641688 0.9710096577440094 0.9886719071178894
0.7280070743224804 0.9722596033623072 0.9897774698272328
0.7313045535405652 0.9729557510260628 0.9883551359140403
0.7496736699405917 0.9669031817205376 0.9895991460307364
0.7369123963072948 0.9705109192984133 0.9888155446740632
0.7383045735750445 0.9694365872666751 0.9891511469525373
0.7176839966222844 0.9671094187699363 0.98933538149188
0.7319107220611774 0.9706039855320406 0.9880938994123926
0.741022781609316 0.9699569486096641 0.9890666506874538
0.7358119954971327 0.9714077432384151 0.9894933635599974
0.7314525514593241 0.969924717602249 0.9881790363349519
0.7392949662789292 0.9708245749167292 0.9882678317941471
0.7476460128884892 0.9694791547632644 0.9884695783857912
0.7362937649418255 0.9702710930636866 0.9884220174908155
0.7386287967283288 0.9685061644030518 0.9888978594794756
0.7320362334567513 0.9692777330322466 0.9886634588460275
0.7258184349221417 0.9714857806253843 0.9891976910252529
0.7320426311157342 0.9724430201262005 0.9887310854300045
0.7300878343352237 0.9708566186512104 0.9879194273972989
0.7340357179993626 0.9687052234335541 0.9894232974231708
0.7343640443956821 0.9690204115139052 0.9889845355675706
0.7304569238219099 0.9705277741931005 0.9896086381028258
0.7394526791043664 0.9705323338561234 0.990025269249874
0.7358498114610031 0.9690758171912195 0.9895187235694425
0.7384497332858799 0.9735525273935649 0.9901393502265002
0.7184468854884338 0.9719768416463755 0.989102842007256
0.7381614218510683 0.9701807174469782 0.9885913776215646
0.7381208626498011 0.9698124926416412 0.9880376530867345
0.7325501696384877 0.970244269995599 0.9897480092539643
0.7442580418350957 0.9677316968734392 0.9893688099389993
0.7359367371312334 0.9715503998533243 0.9895920219910987
0.7317214805229896 0.9704229238962274 0.9892921863712638
0.7293109235024514 0.9708206085412577 0.9893662273396384
0.7426940985330194 0.9694650943611867 0.9886794672419692
0.7327588072121342 0.9697613133656605 0.9882918684631674
0.7420712721663957 0.9711328605133742 0.989203928916668
0.738429630905223 0.9660476163204617 0.989063824106446
0.73234473153179 0.9717299235703163 0.9898306625765554
0.7404067515797834 0.969090621695548 0.9883507492471311
0.7249376268428489 0.9730183366970175 0.9894117281360522
0.7290349310224293 0.9726484631153898 0.988156785326111
0.7381217186956323 0.9673690244430411 0.988665669541849
0.7363768852004602 0.9714288123273375 0.9894258842332455
0.7293418546193183 0.9735658614154451 0.9890681342293064
