# full, direct, likely fidelities
0.9999662666642972 0.9992499178751841 0.9997981437467597
0.9999644350748025 0.9995440073157033 0.9998592918414291
0.9999662683753809 0.999675490830858 0.9997017659370117
0.9999712427423302 0.9997172103145124 0.999794761165038
0.9999693804516838 0.9995086472336064 0.999621323432258
0.9999664823117334 0.9995990436323691 0.9998217059911298
0.9999640866709687 0.999322313306937 0.9998747562609553
0.9999657357593404 0.9997059088342318 0.9998290362122073
0.9999701609388262 0.9995727280202712 0.9997851923054372
0.9999688604237473 0.9992313897959069 0.999798212115455
0.9999695781311081 0.9995946682021543 0.9998778152356862
0.9999654757354208 0.9994508314225748 0.9998594574951689
0.999966429750595 0.9995832621705328 0.9997845900188566
0.9999627809720011 0.9996908250519664 0.9997843044568253
0.9999697309005948 0.9995988933304829 0.9998561107212631
0.9999710979468397 0.9994422650429595 0.9997983622246109
0.999965351152072 0.9997341507490224 0.9998489750181403
0.9999578460315093 0.9996081589460011 0.9997897638392437
0.9999687638987862 0.9997470865897461 0.9998833287683073
0.9999708735854362 0.9996511120689322 0.9998117089398021
0.9999668740575357 0.9995162410720092 0.9997912568213088
0.9999664713710441 0.999646982932878 0.9997857930628605
0.9999744823035094 0.9986918603850095 0.9995779453925124
0.9999642190469746 0.9996369054200157 0.9998047066336613
0.999969319448112 0.9996753734135743 0.9997955517906345
0.9999663032878311 0.9991038505356188 0.9997877679892473
0.9999689896145805 0.9992722251044038 0.999613837427303
0.9999678805172231 0.9996337311008713 0.9998022999412661
0.9999683440047905 0.9995222086518833 0.9997434640101902
0.9999707092397255 0.9997106184372577 0.9998074186001854
0.9999674980175294 0.999578109171562 0.999788848226178
0.9999767093694337 0.9997755896850335 0.9998420994647611
0.9999723427149078 0.9994042282250383 0.999684208614488
0.9999760312851157 0.9994934188496195 0.9997620174781426
0.9999711213427851 0.9997614680331902 0.9998234498574216
0.9999742488158367 0.9996194230106245 0.9997781085741467
0.9999702470373892 0.9994279937662248 0.9997687482126996
0.9999671747179114 0.9995998335619383 0.9997749492662861
0.9999745266905349 0.9993907146321911 0.9997987090314298
0.9999715524745132 0.9993270612859187 0.9997951348685897
0.9999700888500056 0.9997367614540238 0.9997034467591682
0.999968174342649 0.9996765471270213 0.9998191095871618
0.9999696791227272 0.9993179536115135 0.9997596460829101
0.9999641791960783 0.9997009377328212 0.9998069387487662
0.9999752405151617 0.9995124622815693 0.9995787159794501
0.999977496721074 0.9994194702821021 0.9997556164053683
0.9999691404263127 0.9995565074019627 0.999704674119346
0.9999703530022168 0.9994934935280574 0.999758797780485
0.9999725847131272 0.9996462496737705 0.9998048131701011
0.9999696976144613 0.9996092605814332 0.9997225606747956
0.999964535434945 0.9996376973541942 0.9997751301789491
0.9999677758133521 0.9993558952924436 0.9996639699047662
0.999966958846115 0.9994657618945895 0.9996167431266224
0.9999791709657272 0.9995341530258642 0.9996753948758587
0.9999725145738797 0.9996108436580504 0.9997630285992297
0.9999588132590604 0.9997054052743216 0.9998323878629646
0.9999727068446133 0.999442565588241 0.9997871475330823
0.999968436925333 0.9996481195792979 0.9998245771428689
0.9999690513474706 0.9992987108896927 0.99980746334807
0.999971793059891 0.9997948172375294 0.9998672399501356
0.9999705479129339 0.9996076507882776 0.9997672568600459
0.9999630126436608 0.9993252539156455 0.9998404114881332
0.9999701734848562 0.9995196806464897 0.9998268702736172
0.999964320060413 0.9991388042173471 0.999572682475668
0.9999761184269585 0.9996904964332971 0.9997635848687719
0.9999713051618505 0.9992141269491378 0.999749568075119
0.9999723671402597 0.9993896940888125 0.9997630534236199
0.9999642564822044 0.9993537868645823 0.9997399118019415
0.9999673898953887 0.9992129503318193 0.9996680023240678
0.9999682056947806 0.9995952324804858 0.9997649107922402
0.9999684602008024 0.999092960575138 0.9997591347675686
0.999962236693308 0.9990009945697407 0.999445592587125
0.9999701285183956 0.9996115660834921 0.999771324389785
0.9999607258423272 0.9995793372288041 0.999842519997171
0.9999707367404741 0.9997282531852097 0.9998645206286539
0.9999684599805919 0.9994129564390238 0.9997402282439324
0.999977348782451 0.9989124909683551 0.9998569003726561
0.9999706830608885 0.9995208183207125 0.9996973331301595
0.9999605443057482 0.999179895680827 0.9996715528550029
0.9999729971874076 0.9991838194507641 0.9997269446582674
0.9999673816099974 0.9994823064334333 0.9996960146876231
0.9999687206090933 0.999351840186147 0.9996980856310096
0.9999670714277089 0.9995971252259899 0.9997692420328999
0.9999645226893804 0.9992098273252675 0.9998115104590625
0.9999684819232574 0.9995229095705529 0.9997783982043286
0.999971201447585 0.9996116458723608 0.9997924631353554
0.9999639391085995 0.9992516659049239 0.9996730488090719
0.9999735875240726 0.9996612057490122 0.9997577413597468
0.9999695425474386 0.9997169527365036 0.9997604712682999
0.999962502291613 0.9993678513195041 0.9997657782361562
0.9999709027945981 0.9992955457730139 0.9996205982110359
0.9999740901795455 0.9994682114600963 0.9997752387067619
0.9999621812401093 0.9995378500664338 0.9998298306037791
0.9999642899288846 0.9996548467665073 0.9998240143160875
0.9999630086510095 0.9996777232568999 0.9998511239376938
0.9999711521972889 0.9995137918523938 0.9998077534628682
0.9999623674819221 0.9993388787762391 0.9996996211298165
0.9999687042054697 0.9991149855127964 0.99975057953051
0.9999706952535905 0.9993417076071888 0.9998056394476312
0.9999721742641504 0.9993207141277859 0.9997811947857094
