# full, direct, likely fidelities
0.9589729449091027 0.9797717638238983 0.9918471068694288
0.9585474224714725 0.9817575067872065 0.9932848606015019
0.9582485769150768 0.9811811850238652 0.9917060221477383
0.9591122647473637 0.9812629458898688 0.9923421100262706
0.9596626580698006 0.9824980899967313 0.9928292179827343
0.9589169148061584 0.9783782138399401 0.993345640369496
0.9582863502002095 0.9814043679238634 0.9929846039743637
0.9587996577992358 0.9800855257608012 0.9919506988252297
0.9582594527634507 0.9815258263763191 0.9921536360196309
0.9588145796515383 0.9788512688664215 0.9923616067216969
0.9579678268476776 0.9818000271309143 0.9928329612788007
0.9590997682440475 0.9790244837788364 0.9927570745575544
0.9587652048015022 0.9821460833765463 0.9918779991794218
0.958396291209777 0.9820589533136621 0.9928537400867625
0.9585056245666724 0.9825625455166048 0.9928036880802721
0.9584623459485208 0.9791895540178449 0.9922428828938185
0.9582796004898293 0.9801807557426829 0.9920495332422153
0.9580805964699389 0.9813798807362807 0.9928339760012094
0.9586886347489901 0.9807435956575715 0.9925150470504644
0.9588361428522284 0.9802031678414332 0.992296431495431
0.9580745574067514 0.980176137646418 0.9915314634604939
0.9581833540116389 0.9821501433050306 0.9923870528807828
0.9583449086539092 0.9818904499110387 0.9920602314324555
0.9582836721051384 0.9824386094186801 0.9915311468704434
0.958951033982998 0.9802238253383698 0.9922384596429807
0.9581930114969002 0.9790756000810102 0.9928237495778521
0.9589759878527082 0.9797740132597745 0.9934026878319494
0.9584918334834815 0.9790544719570983 0.9928315544094173
0.9580825111061672 0.980944635733579 0.9922440800028501
0.9584514446022532 0.9817045100313844 0.9918199298146255
0.958458096159393 0.9810286152944442 0.9920351690627849
0.9580971874534773 0.9807613293633576 0.9929283154205635
0.9591571867927143 0.9805084452404546 0.9937840028669029
0.95856725695494 0.9814357471372661 0.9920248890426149
0.9591405317171351 0.9805441824756772 0.9925082150837091
0.9584723554662965 0.9784180877592077 0.9905327131184191
0.9583182038773093 0.9801564874953528 0.9925070814424644
0.9586293842952258 0.9816928343005809 0.9935457859776932
0.9581392214994456 0.9785715009648523 0.9922033698212904
0.9589625637349254 0.9813602643847856 0.9928253792730887
0.9583403555222267 0.9795359497163397 0.9923242646666779
0.9587687429655349 0.9810650020573684 0.9928208285041311
0.9584784882453012 0.9780417372380961 0.9917954903809502
0.9578841508104572 0.9810265593757559 0.9926153482617132
0.958463371180188 0.9818794255518284 0.9929461265267802
0.9586449668619955 0.9799814487912687 0.9933662788906208
0.9578794114217835 0.9813867005438313 0.9922095146913918
0.958292693073783 0.9820604609096798 0.992688017662369
0.9582495981717736 0.9796018638117376 0.9925556825448959
0.9594310911251509 0.9799955290838321 0.9926669153512293
0.9585865434782227 0.9813963815972255 0.9929659482118114
0.9578322061814208 0.9760643583288311 0.9920309172789049
0.9583311377455586 0.9804180152348985 0.9915428261748925
0.958741357274925 0.9796930081872243 0.9920257230008912
0.9589319729795218 0.9793880412217352 0.9920929021080004
0.9578848041754249 0.9810938504194863 0.993473920359183
0.9580091359878662 0.9803653604460364 0.9918702105431191
0.9589486684806863 0.9789850941210037 0.9925229861905789
0.958508671013753 0.981012486981507 0.9926944567410831
0.9591598618539875 0.9805355194359638 0.9919911861349776
0.9584945613887722 0.9804191814766308 0.990873859926674
0.9583458886453412 0.9807649602633101 0.9916469218594645
0.9584293048515029 0.9807885613808981 0.99187212345143
0.958055914288003 0.9810678426125984 0.9926150043121532
0.9586278862870793 0.9794720399445345 0.9926282175122968
0.9587539591385976 0.982398488008474 0.9926601466810308
0.9587241901149267 0.9824422652047718 0.9929372988960447
0.9588131853050693 0.9805019644964 0.9923620228031067
0.9591639621291764 0.9786447315276381 0.9929041833721451
0.959012636573991 0.9797153289224996 0.9921534510949483
0.9585660879703254 0.9785015940503534 0.9932866838717378
0.958505165973258 0.9808401234278777 0.9929549641045707
0.9584399465552239 0.9819246455488798 0.9923378707936942
0.9585824571820565 0.9810125620068041 0.9929768322578322
0.9597796797401131 0.9787592497858508 0.9910900607014608
0.9585664812569329 0.981757691838442 0.9921928460875991
0.9584855540374339 0.9826022488954149 0.9923944315263716
0.9591841298762088 0.9814525610714825 0.9924670235877743
0.9581631763555543 0.981190298153453 0.9921170053969903
0.9586849235100353 0.9800957718748146 0.9917479202328693
0.9587954103075333 0.980738515004616 0.9932013475011058
0.9582878115309719 0.9809370134270352 0.992063270012896
0.9586994051115391 0.9818507285186894 0.9925059451537216
0.9587328032501367 0.9817356668644533 0.9943353395372058
0.9590001301789755 0.9806196884237547 0.9918150226897192
0.9593132627900385 0.9791896344010975 0.9922504362840249
0.9591515644091875 0.9816253674619299 0.9924246095622684
0.9585562569113387 0.981194162749206 0.9925550699257082
0.9584008880540638 0.9814637369948426 0.993536247709364
0.958371477704637 0.9784205340256484 0.9928017246924019
0.9593038128451511 0.9817880234514837 0.9923266824328041
0.959062285100016 0.9816897111600944 0.9934734755669068
0.9584526433869295 0.9818129470262862 0.9921632540690494
0.9587195519131995 0.9801681054487887 0.9924762586040607
0.9586883464158064 0.9799498916536157 0.9911719369905276
0.9591108925453038 0.9814070511147317 0.9917828695059886
0.9584887048267896 0.9819551688491764 0.9931098405420166
0.9587725941153176 0.982135053575279 0.9917953597990304
0.9584280058855311 0.9794227215077096 0.9937473494267919
0.9586081485240228 0.9817243393956085 0.9925550979112606
