# full, direct, likely fidelities
0.9965491216524759 0.9773319030444385 0.9928383507532934
0.9965527763820625 0.9731679785301862 0.9917402256575389
0.9964313838332267 0.9796005767237628 0.9918239649650981
0.9963063641346946 0.9735755566884481 0.9898995897365999
0.9965958611613714 0.9747878476495636 0.9928415704511953
0.9964407813182156 0.9794364483339099 0.9906864947607943
0.9964398580281211 0.976661005137223 0.9914808663703263
0.9965875797135517 0.9780714447495167 0.9900048053828034
0.9964195245034074 0.9807541770436814 0.9922833804029122
0.9965302443721441 0.9791871918550681 0.9937021061481567
0.9963739314676346 0.9755473171108935 0.9895386910020114
0.9964640592359947 0.9815210048678723 0.9921355800710866
0.9963528469839656 0.9802590953712875 0.9925482044270189
0.9965171312809067 0.9809319786615562 0.9912659625916116
0.9964727088816084 0.9777198209489975 0.9908723480911872
0.9965655769453661 0.9776422349631874 0.9907515865902744
0.9966261226720164 0.9754517562149295 0.9924529822977614
0.9964606009054852 0.9736379482956702 0.9916688008533502
0.9965212961565608 0.9807061098514445 0.9915833604959391
0.9964924291063614 0.9740363574276656 0.9914737608455625
0.9964839378544563 0.9802725654271096 0.9906240259139015
0.996532402434664 0.9819377010119774 0.9917371686979776
0.9965265659247847 0.9750687482690381 0.9906191316500319
0.9965258684589361 0.9787474096391384 0.9921799626390626
0.9965303091393835 0.9768856283878127 0.9920059305996584
0.9967325667652572 0.9827215717773402 0.991162684085039
0.996532211041162 0.9780311340909665 0.9915055460748973
0.9965171203348905 0.9812081983020541 0.9903883295590519
0.9965673968638367 0.9784466749527411 0.9915849669914323
0.9965550758119102 0.9769642434687279 0.9906453199165158
0.9964875741009264 0.9790536322763381 0.9927392158958503
0.9964404781140511 0.9761032229473111 0.9906260485095406
0.9965475854055924 0.9772327037638473 0.9914828587284751
0.9964113153007438 0.9753964485478993 0.9900011663010735
0.9965262199276157 0.9828808042886046 0.9916217613036712
0.9967027171882505 0.980819736036165 0.9910726059686982
0.9964003769269184 0.979403131604303 0.9912909772253892
0.9965335716932777 0.9760684206867795 0.9894338273748227
0.9964032964862193 0.9772862987583167 0.991501296571438
0.9964264741055868 0.9762145059241101 0.9922795028307847
0.9963879141962988 0.9767658633433007 0.9908552287185989
0.9965862882847691 0.9751151565792394 0.9901278080285405
0.9965220509417584 0.9809231252982443 0.9908685307966134
0.9965758717058948 0.9772797574800358 0.9901813197673894
0.9963600499620701 0.9738138396809821 0.9915690778094308
0.9965326484223623 0.9769163060809847 0.9915921336945448
0.9965273304021126 0.9814214727069388 0.9926008404227875
0.9963789406531105 0.9736036865422677 0.9913253009164653
0.9965487932557671 0.974933860126642 0.9911597108588323
0.9965284934006342 0.9798252988021326 0.9917251761701175
0.9963671435792238 0.9753678959943695 0.9939598443472082
0.9966178689081977 0.9729910242588901 0.9923964396926825
0.9964689616800378 0.9744942749993242 0.9923306353985951
0.9963781555579481 0.9746177408007216 0.9926884376857088
0.9963906558422679 0.9762830084519427 0.9901856854382937
0.9964832276863809 0.9756210908411259 0.9901417200102983
0.9965156194186714 0.9793650297704688 0.9905008223490573
0.9963880023232579 0.9711217243162767 0.9911171490264692
0.9963669699989447 0.9829780706174635 0.9935264374410485
0.9964519488509809 0.9786596486598629 0.9907027426439989
0.9964272232325785 0.9764075757516346 0.9898481506158918
0.9966448954046969 0.9803993659182373 0.9896280304644349
0.9966349018451037 0.9677364594443317 0.9925845798120889
0.996311865088178 0.9734071951271842 0.9918216131882656
0.9965189912902837 0.9817085130949064 0.9925060382917734
0.9965058174424879 0.9772725762407688 0.9920249600414632
0.9964486008850554 0.974155157597514 0.9909817255893487
0.9965553999138267 0.9802017815902023 0.9905549407086895
0.9966111313796371 0.9810274426192115 0.9922251512446744
0.9967376567743232 0.9828242136791521 0.9913414862216376
0.9964067016061882 0.975192819928355 0.9905260647268407
0.9965553315105624 0.9755456190806379 0.992054199708762
0.9965206262274194 0.9781655776484959 0.9915752003153319
0.9964867046189541 0.9758630281426971 0.9919986148654231
0.9963937749743015 0.9802877534631866 0.9887982571380103
0.9964399950658607 0.9762916720510305 0.9919218182573204
0.996564010523202 0.9797176575755792 0.9897043080666823
0.9965172046607637 0.9813149087418309 0.991257115972673
0.9962656867196782 0.9720458572545926 0.9903143408434179
0.9962214706856238 0.9809609949052247 0.9924583989718014
0.9964775823653126 0.9779597944905748 0.9918361780531446
0.9965203734304289 0.9771508173377453 0.9906628584886374
0.996479639209568 0.9816879668635704 0.9931821161252163
0.9964117288121873 0.9801210530653323 0.9926627374668575
0.9963311021054887 0.9776449038071712 0.9918408477546755
0.996448801765953 0.9740330132900517 0.9911263105393168
0.996603038760695 0.9763326480680223 0.9914446536767457
0.9965522286177214 0.9755109936546918 0.9900282032393661
0.9965557858958554 0.97774111789776 0.9909080235717207
0.9965059787829937 0.9754785376501562 0.9920232593320913
0.996435508493573 0.9767600935645239 0.9926842127881664
0.9965882760397351 0.9807399420037586 0.9924812837046695
0.9965205249726176 0.9776274120734093 0.9895872906092996
0.9965070946585255 0.9752950143605486 0.9919986135914249
0.9964987337692066 0.9798193216624979 0.9922962245311469
0.9965054300992516 0.9756830855064385 0.9932324926630123
0.9965942900471446 0.9763784351963366 0.9926467221266305
0.9966111102509032 0.9803649286123102 0.9913577086349801
0.9965005118432883 0.9813269704374966 0.9929750973376792
0.9964685084908915 0.9763638902123901 0.9905091459924992
