# full, direct, likely fidelities
0.4862902165419805 0.8534517522316041 0.9392334919020534
0.5051809284827214 0.8514376918654278 0.9457093515987673
0.5059507020350549 0.8556361783316608 0.9412664119637547
0.5162687164441299 0.8629588074769436 0.9388537912792904
0.5008739763092375 0.8627015203893662 0.9435675262139094
0.5072278208985231 0.853829416676877 0.9404266069279827
0.48581327990334844 0.8621352496423725 0.9462463001559276
0.5053626318366115 0.8585271267341985 0.9425357529750508
0.4900557066585177 0.8570924356684595 0.9350605269134852
0.5154547580962274 0.8539778410559403 0.9461102560629098
0.5026861657244056 0.86445264692214 0.9464298984843666
0.518220952021212 0.8428403762037884 0.9344461090387329
0.533036226701173 0.8525600317724149 0.9405428107374669
0.5019498968639874 0.8593928222442293 0.9454023138218048
0.502187010143597 0.8592912418563238 0.9462194313393211
0.5049480574318572 0.853904319867417 0.9422499201598896
0.5095946492019272 0.8603543738498889 0.9408408825321823
0.5279796837698174 0.850266748016417 0.9381104373450817
0.4930915738229358 0.8553167821885758 0.9387393580227512
0.497593932938196 0.868539397746604 0.9453917912848194
0.5162867281502898 0.8465250377318464 0.9422779996116284
0.4900866708572938 0.8636328987020689 0.9465660252567952
0.49742544221195223 0.8526919156665412 0.941039208468644
0.5158709042381405 0.8431674878879479 0.9386093127411891
0.5113650392989577 0.8512156844617841 0.9392419611834347
0.5037024009247477 0.8598570941317152 0.9413685541628257
0.5121428467954225 0.8545262828880974 0.9425867706394006
0.49479646263495924 0.8576006064883396 0.9443742226759088
0.4914531977685374 0.8600386266227763 0.9438052439484463
0.4845870646199337 0.8589683236652703 0.9461567194239016
0.4980044498861869 0.8560710649581397 0.9410527281814187
0.5220074438532194 0.8472796814243067 0.9435014613386167
0.4846845693549618 0.8630968304665304 0.9440386178332789
0.49875910810795326 0.8531856337123215 0.9460842844053751
0.5031277112611751 0.8628731453557971 0.9476568783449634
0.5292730692479689 0.8520134115582645 0.9399942684636629
0.488456975127475 0.859521326344713 0.942733860167163
0.5029495714164091 0.8590058296102671 0.9467522224190432
0.5032235081688037 0.8608566938631343 0.9451363824753477
0.513695463870528 0.860912729044811 0.9443476646949792
0.5081316586301614 0.8580618362343306 0.943689129359259
0.5008249133562355 0.8479727141233921 0.9394373674531865
0.4976840352530592 0.8569188172860135 0.9467182700585729
0.5120410151077621 0.8498821371566967 0.9369394165216933
0.5088928430076142 0.8595485620744863 0.9410268442444166
0.4724148286228028 0.8591159542430954 0.9425668324701145
0.5275188258542278 0.8526226200382653 0.9475735199572097
0.4952217580299652 0.8578032061609525 0.940912829201611
0.5255292290968184 0.8564362226298067 0.940811207489302
0.49611054292106477 0.8565874046173068 0.9431310875261897
0.48951326628961445 0.8599235345002941 0.9444941495105682
0.4835505169820018 0.8586532931923941 0.9427912401110176
0.521621523001151 0.8571744105564423 0.9412342698233369
0.4953082704556513 0.8628552333770981 0.9424406576818258
0.5063840224599095 0.8508843328758365 0.9460086184081009
0.5104291595387705 0.8603841191560843 0.9410531601070063
0.5180964978924312 0.8583799291839788 0.9362156021144995
0.4959028054278789 0.8511863456203779 0.9414332878140502
0.5109400960497444 0.8428596636780669 0.9419708830459009
0.501424971112718 0.8612110006678374 0.9454502281264585
0.4794564327147294 0.8609083926733887 0.9439469705530392
0.5048734535100168 0.8569605100318063 0.9405146582874082
0.5023763002361321 0.8512415565197508 0.9425971862582003
0.5031179929316609 0.8598762613802174 0.9424455844225502
0.510660222122581 0.854456346828437 0.9435474967832289
0.4943532500911338 0.8629677044099131 0.9431568626320255
0.5075481384507672 0.8497815860326369 0.9452281481649971
0.5003967780100448 0.8520380306736207 0.9437105909666024
0.5167713108242264 0.8592120572927567 0.9410066219074867
0.5065045865171414 0.8499106741579643 0.9395046668085557
0.5037994205651881 0.8468927192804103 0.9302117492716567
0.5278734025420119 0.84848100951354 0.946515612291454
0.5046556954058684 0.862536277359494 0.9446863444482139
0.5152108188945455 0.8574251039229978 0.9423794844648451
0.5416855191821717 0.8385803920015507 0.934890217471445
0.4901606627194071 0.8612227509039485 0.9448199838070845
0.5071689480039925 0.8472391460839196 0.9433206947333698
0.49552450428813904 0.8680460489559502 0.9433709558160832
0.5104013157589611 0.8559721440064842 0.9416278006022284
0.5063801083149714 0.8574933889242096 0.9456732056332934
0.562871470593617 0.845503277032573 0.9429050172577246
0.4894315849885658 0.8512467841651113 0.9431987030676761
0.5093081924036967 0.8523399131125784 0.9406598890193573
0.5135780891965961 0.8568062661345393 0.94653282204548
0.4774060755709648 0.8623131470523042 0.9440246207741395
0.4965417178946166 0.8464604687016086 0.9403095409503036
0.503176189909247 0.8605214257384701 0.9436592116491561
0.49580567150295346 0.8555949353177509 0.9466838455664195
0.5160391176305146 0.8547476417153163 0.9433710184932953
0.48990593102245206 0.8570278863649821 0.9393428613975462
0.5203636583601546 0.8515768737810994 0.9421193650829327
0.50754475360913 0.8578633649516695 0.9425243351238104
0.5037943971782914 0.8535589465623201 0.944316416258213
0.5191500797548917 0.8571151673597143 0.9487050038022904
0.5004156659285193 0.852931380712705 0.93889506789482
0.5277364673378905 0.8442669702905071 0.9391227854255852
0.4936329035172736 0.8516804023862423 0.9427266332065948
0.5258410617407624 0.854821735935545 0.9461681555010332
0.5191701238858065 0.8517792965554838 0.9392130152109591
0.4873963168689701 0.857007541320585 0.9453328629004268
