# full, direct, likely fidelities
0.9804145917231252 0.9840036029847261 0.993152398994935
0.9802682355371822 0.9841218525901378 0.993358388411988
0.9800823818267244 0.9849331864525586 0.9934039663291431
0.9804131387312235 0.9851135502946108 0.9938297924035998
0.9801279909858712 0.9836087734318211 0.9925646010147867
0.9803231917693038 0.9844388714845944 0.9936308235562089
0.9802463861805848 0.9830996196513047 0.992661884926674
0.9803613612796348 0.9853266699176811 0.9936856279434302
0.9802321475463615 0.984144798590431 0.9931147498790652
0.9802911597778767 0.9811286973656121 0.9928220638173606
0.9803438764393836 0.9836073137577183 0.993943655806138
0.9804187004427504 0.9850472407902352 0.993964394492201
0.9805024077750923 0.9847702002082293 0.9944522056681466
0.9802604413191398 0.9837551700081782 0.9931036315686642
0.9804919051447086 0.9842237772648058 0.9938208373949019
0.9801073398262335 0.9817692278567973 0.992992355055693
0.980457175476735 0.9853929218094125 0.9934824676679959
0.9800926877411901 0.9838408808352368 0.9931366265723821
0.9801798988014665 0.9835272082869045 0.9939963461792458
0.9799332299449646 0.9820780114760876 0.9935773819609409
0.9803005692587358 0.9840533925333821 0.993418118872559
0.9803895880114496 0.9835824263825758 0.9937132766183645
0.9801427358681961 0.9819331848179125 0.9937173515226506
0.9805164261944559 0.9850820844947958 0.9938563969224022
0.9802074408167973 0.9832905063614013 0.9931660099545123
0.9802969481455769 0.982801587877441 0.9922590935432748
0.9807066519063871 0.9843784442425352 0.9940957163756081
0.9802323024243939 0.9805994606228113 0.9938647476668491
0.9804167446912055 0.9845108435351387 0.9932712666890472
0.9800913154882496 0.9807375831543966 0.9921964113916919
0.9803046056867453 0.9849542744885229 0.9937731405578548
0.9800034830121573 0.9820750500244895 0.9930750737794609
0.9799780642650098 0.9837307386679972 0.9928842186439015
0.9803638971720271 0.9824700665153621 0.9934229057809352
0.980377438002327 0.9843545560124057 0.9936427712260569
0.9806189651986167 0.9852755626393898 0.9937845434044078
0.9801631128780486 0.9823470579665431 0.9933331689164665
0.9800724937575835 0.9835644400186059 0.9935419425275646
0.9802420317783181 0.9843064462725575 0.9942958461132999
0.9803614751761597 0.9852035899727976 0.9940029574560789
0.9802396623764312 0.9825854009506851 0.9931146766735128
0.9805200106148929 0.985492648684858 0.993706241879411
0.9803324883222244 0.9851936216539651 0.9934592926050106
0.9800710744969382 0.9802108225151454 0.9929573813129866
0.9805241764588284 0.9837769825191914 0.9932766352765547
0.9801414059173554 0.9849961696671878 0.9932818963364304
0.9801568541191311 0.9831484917463866 0.9942155317445331
0.9800925934056522 0.9836211272292866 0.994007922441806
0.9801012429836287 0.9841671655018948 0.9929137470816726
0.9805159339182322 0.9835585100351202 0.9932482836090897
0.9802513223294325 0.9854046517855442 0.9934474201770477
0.9804397964935511 0.9839628460414659 0.9930657358223347
0.9801322653375725 0.9836318560700964 0.9929278175758448
0.9805315744905728 0.9835479280661457 0.9933522850486068
0.9804500409413822 0.9842458445458259 0.9935869206198539
0.9800837190120789 0.9839413698135566 0.9927522118032368
0.9802389686855031 0.9838936966623203 0.9932621099736941
0.980436675758374 0.9847099905224168 0.9938155936583366
0.9800761915109791 0.9841836848837325 0.9932541575409162
0.9801312855170914 0.9819158058849199 0.9931247248466288
0.9804653233451822 0.9845696466969963 0.993211753562554
0.9799475376249803 0.9842098306820503 0.9933982752314023
0.9803155637786477 0.9844465011229687 0.9930321946580356
0.9798034497290387 0.9839214485721912 0.9936624853831413
0.9805305395385967 0.9852082173424982 0.9938575771515272
0.9805376485516528 0.9834857822688602 0.993411443106807
0.980330142014469 0.9851759358626209 0.9935895165378439
0.9804421719807016 0.9831064157518414 0.992905137346981
0.9801501036000559 0.9844021953382984 0.993536548847717
0.9806158609081853 0.9852657824260355 0.9933016079172838
0.9800055164151376 0.9855506936170596 0.9934992106882605
0.9802814863768332 0.9826424701309672 0.992667757595363
0.9800117871403966 0.9844969042520102 0.99374721602473
0.9801419532687762 0.9829462015637604 0.9938596808334684
0.9802813918646356 0.9827606319925318 0.9928889519698214
0.9805535239385025 0.9830970216413544 0.993147710619534
0.9801914270822616 0.9848470593668813 0.9930417694111413
0.9803490917634557 0.9855769150041307 0.9938239060833746
0.9800499396358658 0.985321344763826 0.9934728213648083
0.9805383882948742 0.9830907272096427 0.9938103145030195
0.9801589007782908 0.9838230720811829 0.9934605335927441
0.9804994111476196 0.9831428434876663 0.9937503952132758
0.9804707595766768 0.9844949141173083 0.9935050446222591
0.9804487734929008 0.9831934357953211 0.9934554187204323
0.9802227808348161 0.9861540878180068 0.9934985364362318
0.9804448093883547 0.9854004698364346 0.9931665709620499
0.9805421086287966 0.9838739312672033 0.9931280222530167
0.9803445771716258 0.9827576222381266 0.993505185682992
0.9801720899859765 0.983305948574615 0.9927664952470132
0.9804264873348744 0.9839244842395934 0.9939249268064778
0.9805330120603192 0.9840751856349501 0.9933563573608795
0.9804318145926431 0.9842895223809699 0.9934265127067324
0.9802682158330583 0.9844151698325025 0.9941464940510429
0.9800064374418102 0.9845334192220062 0.9927288564934493
0.9803095103890035 0.984235426855109 0.9940345152013239
0.9804581264809793 0.9854092899897651 0.9939695924862982
0.9803619918910718 0.9833371831677513 0.9928739427630758
0.9802237537702331 0.9828060079862283 0.9928039003761283
0.9805167733755402 0.9836188958214624 0.993748342406183
0.9805545353932449 0.984878348480281 0.9936164154150333
