# full, direct, likely fidelities
0.7151467991278402 0.963668888370667 0.9862553773791571
0.7262518887129716 0.9645416084389677 0.9874598203767587
0.7117940710897142 0.9638374044942233 0.9856015224233917
0.7108214021225943 0.9642346113428789 0.9866311973755412
0.715041761486529 0.9643273342606086 0.9860631484625278
0.7192759024896951 0.9633747184736048 0.9864671972524769
0.7205222153405041 0.9608816952387754 0.9857218812938539
0.7032656876995144 0.9667057172251131 0.9865703947446318
0.7176901373788501 0.9631084150717225 0.9858592302583403
0.718951506962574 0.9623000452196918 0.9849722780035064
0.726927235749795 0.9611651642308129 0.985889349175184
0.7250661284312458 0.9639719290472781 0.9861180950655504
0.713363857785489 0.9657897757397432 0.9866035409154024
0.703359442800215 0.9651887906765774 0.9870137203056567
0.7114552481649057 0.9654561722461048 0.9867404539015461
0.7072159130283865 0.9651391536565274 0.9869574130995311
0.7043774001615777 0.9661465652542666 0.9862242922079739
0.7141877558973397 0.9659099778325055 0.9858294460871991
0.7056402341278807 0.9662067499629728 0.9863955533491657
0.7272257637314451 0.9637423748780216 0.9848369784192316
0.7300597920755367 0.9604402193324132 0.9852870094264486
0.7335171401094583 0.9622127330850638 0.9856199881086546
0.7146994607605072 0.9650578786024215 0.9866049351759505
0.7166241022998434 0.9655704579204482 0.9874317280005798
0.7210968061041061 0.9629241686459418 0.9863665499134265
0.7129546187986143 0.965383886169551 0.9865343624059039
0.7251818123275569 0.9631152708508399 0.986047146498033
0.7171512814461373 0.9637162723205741 0.986326202009664
0.7100714004659034 0.9655540289347607 0.9861061664654799
0.7146941446282361 0.9633676811506394 0.9868042101701304
0.7268985919396445 0.9632492710267883 0.9866698362954313
0.716994770417713 0.9639371279830848 0.9870871444890933
0.7202691070260356 0.9643623965623412 0.9853584922198907
0.7109279062879139 0.9634345735260268 0.986490029068235
0.7096884503654962 0.9636457039748116 0.9862124911716591
0.7254671447424424 0.9607742682333286 0.9837199768304764
0.715211620975514 0.9649215576685698 0.9873171320366507
0.6997044107384586 0.9660448011436511 0.9865317617641443
0.7162774057599417 0.963914008147296 0.9866251412082571
0.7182260528798853 0.961797243018494 0.9853716177595617
0.7120455825863726 0.9641656047479809 0.9858778924603186
0.7174899884754169 0.9637395319428048 0.9863954595358085
0.7120827483936546 0.9641363379214595 0.9863007294995683
0.724466789429551 0.9629218255692928 0.9871387635026896
0.720829069685289 0.9618625848615697 0.9860127004073319
0.7152985474156089 0.9643661676478777 0.9860966165001622
0.7178814372287875 0.9646687453199873 0.9845415154624466
0.7065076228288781 0.9667357601291985 0.9862634339656388
0.7176639392787506 0.9630425005842955 0.9856410504216777
0.7147429282390971 0.965449494920743 0.9861083481168539
0.7209854659948594 0.9639066799099951 0.9867727892577836
0.7246431049636944 0.963087338521171 0.9847189492300412
0.7162155965180316 0.9658201159381476 0.9863584031576315
0.7133234624354376 0.9605274790012388 0.9856681921614241
0.7224397535732219 0.9606323330533125 0.986110891169076
0.7200088960078148 0.9616183713290748 0.9862488473385278
0.7148888998998274 0.9621903154603338 0.9857111430299179
0.7152646436087147 0.9638831251175312 0.9851512897554926
0.7119714926412513 0.9652448120263695 0.9865092680306535
0.7155811635729711 0.9660577969758645 0.9856751324347628
0.7096028286300916 0.9631129244171506 0.9864563863325357
0.7191052472183016 0.9641032220562891 0.9859032192268321
0.7225407072634287 0.9639838236670519 0.9869513056621235
0.7185321262855191 0.9641779976216867 0.9861684586997768
0.7121279039583343 0.9670638070751374 0.9868648717256917
0.732647998862043 0.9602946757306704 0.9860640469312026
0.7184114574618398 0.9626459643615991 0.9855427714991526
0.7140761762144888 0.9636530517616874 0.9854455395292209
0.723281410889548 0.9640890714424353 0.9850388377696115
0.702005338999972 0.9660743593919463 0.9861665755619485
0.7122084980272243 0.96240526347489 0.9855873596429668
0.7266430781037637 0.9638480320241497 0.9866713584788496
0.7049520778662345 0.9663710202583992 0.9864125947762085
0.7084172123029905 0.9629155354537227 0.9871003389554401
0.7133731414635197 0.9622802096496382 0.9861587878781164
0.7112590738344692 0.9647980136440923 0.9862427941540682
0.7067549182902685 0.9658119358112685 0.9868908768791691
0.7097241322274911 0.9663796614240584 0.9869955609321209
0.7245457484596519 0.9633007964023717 0.9874322089449328
0.7305089587558807 0.9618786715976226 0.9854290106553589
0.717513375424385 0.9634726304942443 0.9862335984115392
0.7284933463506388 0.9624113636814187 0.9868372621466658
0.7059919882682552 0.9646559896009131 0.9861435476874209
0.7417944101677472 0.9591374167287988 0.9857906094748194
0.7125671719239236 0.9634521110308731 0.9862372745349782
0.7201248800794706 0.9618834631915175 0.9861335048159965
0.7099926260547064 0.9650377024568588 0.9870896880947084
0.7230672169470539 0.9637263595477634 0.9867153129920203
0.7089012435939712 0.9652582492708518 0.9865479814931648
0.722790431661722 0.9643176826505647 0.9865456354651094
0.7164558335205026 0.9642629968692937 0.9864866394532629
0.7155824509697211 0.9648425440318819 0.9861647055001198
0.7204473575427978 0.9646142734533744 0.9872287898555936
0.7099450491825499 0.9653292828939415 0.987343741432793
0.728649229358029 0.9641333769217263 0.9867898749179274
0.7111774629445273 0.9644829191542219 0.986987985361761
0.7311294221651915 0.9594417624486877 0.9828104893221586
0.7162501161159682 0.9646197324576534 0.9869400132143903
0.7108782175550094 0.9639247677521628 0.9863416886352768
0.7188854230332424 0.9643404029968867 0.9844148917415384
