# full, direct, likely fidelities
0.9905552675695898 0.9846567608358603 0.9952432188131731
0.9906161681091558 0.9859817519109174 0.9947134901101427
0.9904392592127265 0.9831013793727073 0.9948072383151798
0.9904132894808411 0.9814552608026419 0.9937126126040138
0.9906563011486154 0.9854764730412007 0.9945712703618531
0.9903794764221422 0.9844604495706527 0.994778843090472
0.990361441606212 0.9862484412250314 0.994510583608649
0.9903902950473066 0.9853077840748401 0.9943986174553195
0.9903043902322445 0.9845455820161174 0.9947417170707956
0.9905153208729897 0.9844660779114585 0.9942877816601717
0.9903966209415069 0.9843995350296908 0.993891136526762
0.9906007514333129 0.9854100209232346 0.9946715528180736
0.990492823288475 0.9866488137714012 0.9946331712529175
0.9905335835404364 0.9847119979845418 0.9945833383939146
0.9906660346242164 0.9857277506036063 0.994487260610598
0.9906333850769056 0.982055654356104 0.9946191668656723
0.9903805608493705 0.9858018517411081 0.994475020466438
0.9905203044585309 0.9846548008404582 0.9944463840632839
0.9903099932674521 0.9835801317457076 0.9951465568875656
0.9903940731086464 0.9861375670097681 0.9935670992379233
0.990695366154529 0.9838569635417892 0.9949331606164398
0.9904953884980132 0.9854787025513394 0.9947180196923607
0.9905070607239037 0.9844674291563383 0.9937745094209832
0.9903978575881983 0.9862975493197229 0.9951445721924438
0.9904406978797226 0.9844100016243555 0.9945184097932073
0.9907371195437981 0.984837575068548 0.9952410836063794
0.9905517433160588 0.9855762626496612 0.9945771951246767
0.9904943726866697 0.9837335532158242 0.994698424973218
0.9904453936755204 0.9865365469210503 0.9952008898805684
0.990528386333784 0.9855758159186473 0.9946742476584134
0.9904736725939467 0.9847531541552952 0.9940238526288596
0.9905386814441848 0.9869031763252317 0.9951115039525382
0.9904572487182064 0.9845935483736298 0.9951822002108678
0.9902227164163474 0.9848832670974106 0.9949748008954167
0.9904242285198896 0.9847174054109284 0.9943732573593637
0.9907245346691126 0.9858889242960651 0.9942185394758851
0.9904990131595108 0.9857828730864074 0.9942473857827407
0.9907324835374702 0.986678080458643 0.9947743848066601
0.9903648822699423 0.9851210357907644 0.9944847553728245
0.9903249238145913 0.9852674678916733 0.9943290323470465
0.990262499470184 0.9848019639325345 0.9939264589394624
0.9903110966219638 0.9850924131610129 0.9942408952819674
0.9904468982177429 0.9846516620066024 0.9943428018417555
0.9905385888922739 0.9848229633356325 0.9939241483706389
0.9905913765077882 0.9838610773335661 0.9934049053527996
0.9903344929413799 0.9834454269845426 0.9943310405804041
0.9906261962709957 0.9857181850562424 0.9949398011622603
0.9903346433294052 0.9847882636653974 0.9932500563343987
0.9902954387072577 0.9829938337840479 0.994845443212092
0.9906088648111776 0.9779298394081337 0.9934233929295573
0.9905331092332628 0.9877726470647482 0.9950735024287172
0.9906726128204866 0.9846034264544103 0.9935400025958838
0.9906919795946069 0.98709880878051 0.9950754798632749
0.9904806260764332 0.9820239352772697 0.9948853531588011
0.9904293913474015 0.9862568071920149 0.9938142028334903
0.990507546630786 0.9863461325740231 0.9947020551252126
0.9906229630567587 0.985032904245199 0.9947006799650138
0.9905906398336857 0.9864173573370463 0.9949304547863433
0.9904681381905213 0.9829269353434993 0.9937396688990091
0.9907564880696254 0.9866627076956692 0.9949188974752948
0.9905945813239574 0.9848301125248918 0.994359020893957
0.9905639628898673 0.9873514431349968 0.9948363883767202
0.9902339794876706 0.9869031478696175 0.995389120983469
0.9904356987657644 0.9856085157339676 0.9937786630956231
0.990500407852076 0.9857798391045838 0.9945222403757176
0.9905478235928316 0.9828649464756622 0.9949868241939688
0.9905919767489096 0.985998416401033 0.9946715735264681
0.9905634389039509 0.9823120123985324 0.9936381586380448
0.9903979844946164 0.9855777187702467 0.9950271748989594
0.990376301719678 0.9843428894661809 0.9950031868708662
0.990436798345156 0.9854276109665555 0.9931164537517588
0.990642255085265 0.9868444337473379 0.9949452732192221
0.990486700496584 0.9868022606146768 0.9950708596922879
0.9902491152252484 0.9815362632334427 0.9942651913834181
0.9906066043903199 0.9868067249436187 0.9946991397736191
0.9905615059099532 0.9869233000312637 0.9951119761625054
0.9904654479993804 0.9861820942321051 0.9950746646352342
0.9907727157551941 0.9828884319063531 0.9948263078390035
0.9905469741698664 0.9843952631348823 0.9942334809414762
0.9904748983873628 0.9854483027818801 0.9949207470291208
0.9905720483526659 0.9837873330208916 0.9948900764693998
0.9904403921273931 0.9856143580009353 0.9940490075560064
0.9904378661582466 0.9844537141384753 0.9944161804860598
0.9906782589367917 0.9847046005946846 0.9944526817616431
0.990624065683058 0.9854939820513551 0.9943740453053632
0.9904565523715219 0.9855855443409418 0.9950059391077289
0.9903961488948313 0.9844885342309833 0.994839524053558
0.9902369824225206 0.9852467660861766 0.9940117491550169
0.9907234714818226 0.9841294982940626 0.9941357442686797
0.9904999073842009 0.9845795466326684 0.9944043644244545
0.9902915192628473 0.985615897188019 0.9944084188886162
0.9902767956463183 0.9851754704854837 0.994298811599242
0.9904992339916929 0.9853415630902039 0.9952313675595573
0.9902035942886276 0.9852246456134744 0.9948933765459156
0.9905297627857763 0.9858986193656102 0.9946689105441897
0.9907898396415719 0.9852889886316518 0.9948083794218978
0.9906542688443593 0.9863459795658898 0.9942253795970714
0.9903104502180854 0.9803890349658532 0.9937114573033541
0.9905274416140936 0.9847759264013083 0.9941197576431051
0.9907950341662797 0.9833369032177021 0.9948841840943224
