# full, direct, likely fidelities
0.9996785698325625 0.9991531611730077 0.9996469197304029
0.9996685514259763 0.9990172818255628 0.9996294161269511
0.9996681545208304 0.999003732510583 0.9995887884835107
0.9996799529572421 0.998959285492856 0.9995683177772685
0.9996912930954478 0.9991107161881866 0.9996342077843645
0.999671712095135 0.999040160643166 0.9995306751074593
0.999677482900429 0.9990955704185196 0.9996027613986399
0.9996715762791002 0.9990112251563903 0.9996057428623022
0.9996784682427133 0.9990803463212133 0.9995480074269819
0.9996753291569457 0.999048277636654 0.9995625880735967
0.9996745928251247 0.999235997758743 0.9996466433239272
0.9996676918085917 0.9989783182063507 0.9995651329720039
0.9996759081980399 0.9990351561081168 0.9995846628680034
0.9996640882940208 0.9989899854675043 0.9995452680738789
0.9996675530312676 0.9992191060264978 0.9996320053442825
0.9996796909714486 0.999087027291876 0.9996532826641578
0.9996837635305553 0.9991555415978102 0.9996562895785182
0.9996671160358566 0.9991342541336232 0.9996012752586793
0.9996727408708024 0.9990780901197457 0.9995965997470572
0.9996888813927965 0.9990257824023177 0.9995758122759513
0.9996858978628634 0.9991522919876342 0.9995913121779985
0.9996662007241486 0.9992278404172152 0.9995878873709031
0.9996872762797915 0.9990868141331855 0.9995899894695215
0.9996750704450835 0.999181957454792 0.9996732020806001
0.9996727414820684 0.9991373574418055 0.9995576922817585
0.999681523199223 0.9991964118198946 0.999577561516498
0.9996787767971672 0.9991195141421373 0.9996155886228695
0.9996795638476285 0.9992489023767077 0.9996069255527782
0.9996826497369835 0.9991735293851252 0.9996196356168777
0.9996737636820505 0.9991952771013789 0.9996007086925757
0.9996783913033026 0.9991603139885704 0.9995705465003288
0.9996719951843349 0.9990633723721142 0.9996054043541108
0.9996601067456162 0.9991601734574717 0.9996159888130031
0.9996623541079495 0.9992045335905373 0.9995833760542197
0.9996686866738079 0.9989401856153451 0.9996254754844128
0.9996552715623773 0.9992027194286305 0.9995752682627866
0.999670526289515 0.9991367428285485 0.9996412006758175
0.9996757155327521 0.9992066787671947 0.9996922838247712
0.999683849347916 0.9991396310247588 0.9996091947375695
0.9996752043355227 0.9991273642734603 0.9996465855714496
0.9996701947452361 0.9989572091741885 0.9996166518967086
0.9996785046229173 0.9991813677037606 0.9995492338586552
0.9996801300148042 0.9990716295426693 0.9996033205644815
0.9996687455908655 0.9990870759711863 0.9996342937891004
0.9996637198056696 0.999096128294587 0.9996456066085739
0.9996691835794764 0.9989500128095131 0.9994197823343892
0.9996886103116422 0.9992191473508176 0.9996315541866106
0.9996747688641708 0.9990422749082986 0.999533093322481
0.9996711769405524 0.9991842623921264 0.9996163078311232
0.9996803484607613 0.9990484471500702 0.9995915263386
0.999660849350813 0.9989564925292147 0.9996234475609425
0.999669030262085 0.9990883775294954 0.9996197618752638
0.9996796332838425 0.9989476897975443 0.9995821523620124
0.9996677648509855 0.9990389077381789 0.9995972652976965
0.9996603419714212 0.9991332963337627 0.9996297317831552
0.9996635996164847 0.9990421947594164 0.9995986931137407
0.999670591445997 0.9990989896253054 0.9995788350042794
0.9996767617701913 0.9991882909991837 0.9995937942575763
0.9996752770752899 0.9990749069147299 0.9995409249787371
0.9996814323871777 0.9992191235456386 0.9996513898525807
0.9996672235191816 0.9992146323695212 0.9996637393381912
0.9996752536585458 0.9991945124896193 0.9996053579860301
0.999680098011204 0.9990860673387247 0.9996286692709114
0.9996777298640753 0.9989339298436599 0.9995542226483553
0.9996704518474747 0.9991046253169028 0.9996790649196682
0.9996756354086196 0.9991221071329625 0.9995500204534253
0.9996694255039189 0.9989544962158569 0.9995718239484317
0.9996736869733842 0.9991216966283751 0.99964813769606
0.9996818080908042 0.9989985821659196 0.9995072303373714
0.9996742277921199 0.9991279933425319 0.9996020918105537
0.9996844697774975 0.9991075359624746 0.9996224010106475
0.9996761456968709 0.999115531434109 0.999554936545276
0.999690455586396 0.9991341957111388 0.9996256773002551
0.9996611246894554 0.9991790160133593 0.9995743064701028
0.9996834133535001 0.9991038709231581 0.9995894650201484
0.9996789140668052 0.9989939749590864 0.9996337748759724
0.9996820869883017 0.9991450981934107 0.9996408134716347
0.9996696965183723 0.9991484083676128 0.999609167122865
0.9996792419756025 0.9992382514626715 0.9996769986386793
0.9996681271826787 0.9990093432131991 0.9996129874389217
0.9996678503893534 0.9989850619716644 0.9996171615273296
0.9996786574740705 0.9989223568042065 0.9996138345191087
0.999671273898949 0.9990907580772144 0.9996566000323781
0.9996802340729234 0.9991481528669296 0.9995891487418059
0.9996621555679309 0.9990829578967341 0.999584140437225
0.9996782446353406 0.9992094257706826 0.9996058467615411
0.9996832871665616 0.9989089407507584 0.999631646774516
0.9996797088961659 0.9992391682971561 0.9996487006195078
0.9996789411846154 0.9991059782169803 0.9996276845970308
0.9996768291373016 0.9990979730297412 0.9995826862444428
0.9996772780893007 0.9992000152674537 0.999603805406387
0.9996792981973707 0.9992116926334256 0.9996304600845046
0.999671616593443 0.9991328977732069 0.9995909039749733
0.999672491282764 0.9992170723710123 0.9995858120620551
0.9996755767427081 0.9989758506890988 0.9996368320473912
0.999677784528175 0.9990862809451531 0.9995650028599585
0.9996749913601203 0.9990694428792132 0.9995874611121519
0.9996775348448417 0.9990374518385771 0.9995870545760813
0.9996742138146596 0.9991254425486595 0.9995882934649144
0.9996753878248831 0.9992517021162076 0.9995519943893423
