# full, direct, likely fidelities
0.9994656968095535 0.9940800487424901 0.9972586877488737
0.9994828539970139 0.9909295488241758 0.9971296153406984
0.9994546576737307 0.9893720447684848 0.9976675006284733
0.9994858231205861 0.9923005352446597 0.9974983561458426
0.9994673250902285 0.9924922046941723 0.9969788452566871
0.999459119871975 0.9930933073617337 0.9971787441912973
0.9994824381935117 0.9920997564443648 0.9970936267340069
0.9994393589905446 0.9924411431944647 0.9967553558146561
0.9994754379685067 0.9934126408142783 0.997178130750327
0.9994709789262174 0.9911172156792148 0.9976718702774288
0.9994222237011906 0.9907221564216159 0.9964724074725271
0.9994648113772638 0.9916490195388117 0.9967233508776108
0.9995085918036172 0.9930608824094256 0.9970208687048452
0.9994596329228117 0.9922077510728705 0.9969392653324493
0.9995015200545134 0.9922249109701186 0.9956285908894354
0.9994846111024297 0.9919844448422146 0.9969770915123378
0.9994675889320653 0.99281805350154 0.9963426377891995
0.9994409498416597 0.9914122901837144 0.9976105326613527
0.9994826559746242 0.9925558145746161 0.9975546270320296
0.9994627371971614 0.992831843280562 0.9969314708945245
0.9994682420419757 0.9937602423813776 0.9979078949460988
0.9994782818720573 0.9907008549715467 0.9969979444941104
0.999489910877533 0.992579546452921 0.996717481971207
0.9994765556744288 0.9941580422770755 0.997640601626873
0.9994806390229619 0.9923502587831898 0.9969571470165746
0.9995056915464595 0.9943532405424275 0.9970226040814918
0.9994584315285955 0.9924761399075582 0.9976683617032379
0.9994587720576055 0.992197638698066 0.9970588102395541
0.9995010678623051 0.992619012593684 0.9971816427033597
0.9994982969123392 0.9930999617419846 0.9973424626737281
0.9994906452615825 0.9940689506101789 0.9970929602536527
0.9994582052307418 0.9944570115500337 0.9975021302677365
0.9994721539718777 0.9935047456342583 0.9974403697680038
0.9994583223141668 0.9910167862020894 0.996585169924305
0.9994639880232038 0.9906799909187847 0.9975479980422032
0.9994800491258674 0.9896230989442181 0.997057942883901
0.9995009392421027 0.9918154740896087 0.996243991374201
0.999470141741847 0.9927736723811617 0.9982253600308364
0.9995135754767919 0.9931502541564154 0.9970003624321817
0.9994778062448646 0.9931762194894428 0.9975472053836055
0.999435935151593 0.9912597857650209 0.997183029054691
0.9994497203314029 0.992481178654766 0.9971009162918562
0.9994795323197799 0.9917740770229669 0.9971703582098406
0.9994780728269883 0.993342412963868 0.9976455577815577
0.9994872783496647 0.9936969646046517 0.9972929032758648
0.999459307114044 0.9912830725669484 0.9976656063046053
0.9994768107004361 0.9922426375695896 0.99702691720194
0.9995320959008009 0.9922416189550075 0.9966671595589733
0.999505142251154 0.9907160787488922 0.9973179051099004
0.9994984220154676 0.9920964405269589 0.9966729766901001
0.9994773739222871 0.9922034253034531 0.9975082867334505
0.9994878811285948 0.9924225539626588 0.9972749630944083
0.9994916744065787 0.993479399992018 0.9968545641019316
0.9994935709737054 0.9934286904575009 0.9971091402743825
0.9994680394360637 0.9918537142813588 0.9965407395744996
0.9994784775096253 0.9894094574764916 0.9971949999830223
0.9994810601199412 0.9911842842852435 0.996168281705566
0.9994518492301017 0.9904280584830324 0.9978305520311888
0.9994697176718302 0.9924299065852918 0.9972216225873916
0.9994736520939279 0.9907023396774626 0.9974966032053262
0.9994780596132753 0.991460914260824 0.9971851878782998
0.9994518601964515 0.9921783550102117 0.9975104727445538
0.9994651455071252 0.99386173673013 0.9973142570085983
0.999482386604754 0.9907648933675605 0.9965852914159377
0.9994841151029707 0.990543733751825 0.9975802222002295
0.999506773471321 0.99117668895488 0.9975839767989416
0.9994690070896076 0.9919418444889342 0.9972121200496519
0.9994464884505498 0.9905893283127389 0.9971786903316303
0.9994941510070476 0.9920843209116126 0.9951188323309607
0.9994680840511067 0.9911170977390431 0.9980921989034706
0.9994491763773297 0.9909225318950518 0.9971877296565588
0.9994678554988462 0.9929987961398744 0.9970550080058722
0.9994883859555836 0.992697442442986 0.9969211263925115
0.9994463455335301 0.9918594765684076 0.9969096412876461
0.9994881084846681 0.9929381558490282 0.9971394859560625
0.999441565537447 0.990262807025691 0.9976970226855089
0.9994521892853017 0.9904203221241021 0.9965911017865564
0.9994756222135927 0.9931970975435718 0.9974094273446844
0.9994771094532727 0.9899808314141727 0.9971547428451095
0.9994591111311435 0.9925684900789274 0.996005747043935
0.9994576120788766 0.9930208557026093 0.9971618599467245
0.9994711494823683 0.9923042158845515 0.9974183275339872
0.999464973813992 0.9916500635250386 0.9967918726137363
0.9994999792640432 0.9922016561416749 0.9976853842999499
0.9994598863237197 0.993059248150306 0.9976593127439337
0.9994706801340741 0.9935973145367958 0.9972350046759244
0.9994819213850537 0.99115398573005 0.997643090887269
0.9994736121781798 0.9941440426364203 0.9975929971682724
0.9994911559057768 0.9940572787533022 0.9971753775313026
0.9994718354250327 0.9910613862129493 0.9972101892531743
0.9994791017029835 0.9909343711623317 0.9971347158835977
0.9994741120230367 0.9931242070134492 0.9971138965762881
0.9994754055360898 0.9928911969058064 0.9971742154992659
0.9994799229882537 0.991865604552585 0.9970460875128742
0.9994738701943968 0.993480473439582 0.9975119539646286
0.9994939731973881 0.9937740157691227 0.9972767130781206
0.999466772767881 0.99021900729696 0.9976614227086352
0.9994564838819201 0.9912528233624417 0.9968335666515288
0.9995003928662229 0.9926171512675304 0.9967425473354395
0.9994887560733994 0.9896634725005581 0.9973272002731046
