# full, direct, likely fidelities
0.9979163305639694 0.9923754732627718 0.9960824356453296
0.9977981618531817 0.9887178317797847 0.9950012524812016
0.9978029514514639 0.9908055591921456 0.996660577839214
0.997758724855289 0.9910167323006496 0.9944609793246787
0.9977954484189742 0.9893430503531451 0.9956763450022367
0.9976763579851636 0.9912644521013554 0.9974613635800765
0.9977510669833727 0.9896712260088035 0.9961240968339026
0.9978663065936278 0.9928577391409834 0.996723995390947
0.9978727684241047 0.9911968898258952 0.9964661327850577
0.9978292932656174 0.9880945379840417 0.9957081817471983
0.9978047034315447 0.9910318252484904 0.9958679257220125
0.9978105416379653 0.9880635272745228 0.995153550578523
0.9978163956027126 0.9919776015957915 0.996499746772049
0.9978305730312544 0.9900153519479459 0.9966252542301544
0.9978340162858826 0.9909705784805114 0.9964873887969984
0.9977810134504285 0.9903763956418431 0.9961224203640837
0.997744672315669 0.9884235135510644 0.9961005432692913
0.9978036737374912 0.9894501935481002 0.9962240002383165
0.9978496559030419 0.9907709865466335 0.9966256857213394
0.9978435196921873 0.991315640506698 0.9963482054346544
0.9977145307477168 0.9902600047927287 0.9949895217544548
0.9977875262191683 0.9911464121644911 0.995964797939851
0.9978397779854045 0.9872966162282775 0.9964088795774888
0.9978165365885562 0.9910043895352323 0.9949185829638619
0.9977863672610308 0.990255790700114 0.9950619642096679
0.9978961775181058 0.9895773311881159 0.996688741004928
0.9977861404872832 0.9901527826308131 0.9961134767950627
0.9977551632616594 0.9893370710697126 0.9956187368348902
0.9977776680859801 0.9888089038057922 0.9952778578121787
0.9978093682213445 0.9879918805286351 0.995255420532201
0.9977623164493854 0.9901569053098922 0.9957898471575858
0.9978456200927304 0.987658871491061 0.9956007684098979
0.9978383274502178 0.9894234581120285 0.9969534444211141
0.9977665049331079 0.9890035553619329 0.9959371652063332
0.9977901746525442 0.9903825267113749 0.9964808894309637
0.9977970810257718 0.9911057163205231 0.9960971013810482
0.9978205651174458 0.990197196701105 0.9959048215192917
0.9978636970543792 0.9902996016860433 0.995702181343037
0.9978703840367804 0.9893222960372374 0.9965059603071293
0.9978390159235322 0.9909295141633587 0.9961539500484917
0.9979131032432625 0.9914687354334847 0.9960865675454875
0.9977752129068401 0.9918020235851669 0.9966978347920602
0.9978559447622348 0.9871212660428881 0.9965150189617275
0.9978214423191627 0.9900120706983834 0.9955705179172973
0.9978116001903466 0.9902300550080131 0.9964394845343162
0.997838376825357 0.9917800359187287 0.9970124042333852
0.9977234701599499 0.9900561291645028 0.9951023503249213
0.9978480393639143 0.9918637639500466 0.9965655587805549
0.9977498449404131 0.9894674711666965 0.994721726858039
0.9978798394232384 0.988086631652297 0.995040565968762
0.9978316186439633 0.9894388942706991 0.9963502384588329
0.9978346485011914 0.9906647757327993 0.9956370431055739
0.9978675688615923 0.9908531327120007 0.9961767960522591
0.9977898408628676 0.9913669902319437 0.9959794168741186
0.9978041537889782 0.9900963303464877 0.9966995756499513
0.9977833331772851 0.9874139004261863 0.9966297805358373
0.9977784039883616 0.9910555343219758 0.9964212601768087
0.9978326752545764 0.9900162804964785 0.9963459340444188
0.9977308724553555 0.9904031618566785 0.9954161423152411
0.9978602279864611 0.9916518510480345 0.9964169441025207
0.9978701394401644 0.9886098579820467 0.9957622900789417
0.9977632858108231 0.989032434432699 0.9961736175726191
0.9977307969386064 0.9872413116177233 0.9957549996636442
0.9977816459475739 0.9901073026083921 0.9958555481548906
0.9978881961681991 0.9899143890537756 0.995550777716488
0.9977551416081365 0.9904255160664246 0.995721861717327
0.997810744447612 0.9910712854684198 0.996424696728161
0.9977762632094986 0.9904318719071703 0.9962609727932457
0.9978637141075118 0.9902790140897643 0.9965549975806501
0.9978602354871526 0.9901675881315837 0.9955854944938552
0.9978228031670469 0.9914893557611777 0.9968866600369023
0.9978022621521666 0.989860722115251 0.9962660933697121
0.997755220043054 0.9905070887464671 0.9955463271363864
0.9977520839687595 0.9855585278469614 0.9961774789128968
0.9977944804389922 0.9885397780733042 0.9960841348575176
0.9978422162484224 0.9903239940250265 0.9957847140379614
0.9977810477220699 0.9888273566295753 0.9953058351872591
0.9978685530185661 0.9906768950995503 0.9962589736585453
0.9978466368878226 0.9913053545450614 0.9961799536515107
0.9978314576822935 0.9897216150783275 0.9956922487659325
0.9978640784852023 0.9899411118642194 0.996491577664227
0.9978505853273983 0.9890929156908652 0.9963507421170404
0.9978607207257268 0.9899179637399658 0.996766493222683
0.997747512663229 0.9896589118250484 0.9959419371481589
0.9978555639304638 0.9895692050330032 0.9961451210271529
0.9978815734245494 0.9899934009546257 0.9956135895333228
0.9978483295361376 0.9870032710849482 0.9955349929145556
0.997788060767155 0.9903272452540436 0.9960972680849121
0.9978382960177297 0.9911649791259451 0.9956315871169924
0.997792119114341 0.9904910061919916 0.9959571157419683
0.9977973571346422 0.9915606508669851 0.9967269113825372
0.997812506794764 0.9894396746276246 0.9960569164630395
0.9978329641681416 0.9864557899711556 0.9960621070429024
0.9977959904231708 0.9880255848620564 0.9960174693539942
0.997821938932797 0.9890904154165354 0.9951581935671739
0.9977715326431537 0.9888567599290025 0.9958376153574551
0.9978035876284705 0.9897110184982248 0.9954082139821371
0.9977417695173099 0.9906062397289744 0.9957862557211218
0.9978860963474075 0.9905017288440295 0.9963795813216962
0.997816487432346 0.9904562749745202 0.9959979496105975
