# full, direct, likely fidelities
0.9997563512409473 0.9988237419719329 0.9994460489873775
0.9997475289365431 0.9985895553155455 0.9993313789242019
0.999725894168291 0.9987683433525096 0.9994868369649972
0.9997300839026606 0.998782069041183 0.9994091331869875
0.9997301297661049 0.9989637804738298 0.9994781389883979
0.9997427319097197 0.9987050221799693 0.9994518598176286
0.9997397461729987 0.9986459117449707 0.9994189113815459
0.999745770172526 0.9986083118391009 0.9994852303054537
0.9997435101824148 0.9984676039444778 0.999249582276607
0.9997621811254608 0.9989175199273487 0.999542083920469
0.9997346053395695 0.9987887389520167 0.9993725342912436
0.9997378387572405 0.9987167950865459 0.9994448094894638
0.9997390431157219 0.9988479631078965 0.9994791357001421
0.9997286050560091 0.9988290249828704 0.9994784713810878
0.9997421105023958 0.9987099041676816 0.9993778172874037
0.9997397309635091 0.9987877167049315 0.9993672731093606
0.9997250800119387 0.9987672465744549 0.9993278365976916
0.9997253813228206 0.9984584402813788 0.9992713578455356
0.9997512155275425 0.9988178355731286 0.9993396330144474
0.9997284085434278 0.9988253098613006 0.9993721486214153
0.999752966175277 0.998781319154382 0.9994024321630732
0.9997424874439615 0.9988326475206869 0.9994802162482342
0.9997677770463894 0.9983135232135708 0.9992757212291452
0.9997365052228954 0.9987878297912487 0.9994579777261342
0.9997427904706437 0.9985815274787461 0.99940914574933
0.9997448762074589 0.9988032478455835 0.9993287710946318
0.9997395286021502 0.9986920698756716 0.9994374677475755
0.9997367645944637 0.9989780824564523 0.9994208427205281
0.9997615402804246 0.9989105586131792 0.9994393614161826
0.9997475527228697 0.9988640190576713 0.9993137683210748
0.9997429251026991 0.9987222848617299 0.9994007014973015
0.999755528717319 0.9987195868622627 0.9993017379290077
0.9997437527031369 0.9989583923547128 0.9995348100349343
0.9997337878496245 0.9986105233616893 0.9993044960879827
0.9997484710708552 0.9984183654911727 0.9994251178803841
0.999746858166021 0.9983835382106091 0.9993985425855554
0.9997376235274353 0.9984613801275045 0.9993217210800465
0.9997408453953759 0.9989023297584576 0.9994762911282351
0.9997538402893201 0.9985388371098758 0.9994118566765973
0.9997145392442498 0.998724607136228 0.9993630801257127
0.9997474442077671 0.9986288615593008 0.9994208508331536
0.9997436659544909 0.9985811342398079 0.9992578284991418
0.9997286096482366 0.9985257118314564 0.9992224906109175
0.999750453005153 0.9987083587710217 0.9994454332450633
0.9997744326054129 0.9988973828039378 0.9992780559693196
0.999744421886702 0.9987687707386408 0.9995062548688707
0.999749834971876 0.9987583084860867 0.9993021486944926
0.9997376082118755 0.9985525296460827 0.9992224538657539
0.9997482498967235 0.9988148085495265 0.9994263111571446
0.9997534705222532 0.9985314070680088 0.9993732485483117
0.9997136199800474 0.9987435194970021 0.9993711969589967
0.9997450578973223 0.9983612649003829 0.9993127737167454
0.9997504441558126 0.9986745878162401 0.9992946955552824
0.9997339020297159 0.9987773048939034 0.9991687239905499
0.9997324967436839 0.9986096282907938 0.9992527149742776
0.9997157543974539 0.9990687347361051 0.9994815538429628
0.9997372533564152 0.9984783968120373 0.9992734500604754
0.9997588322743668 0.9988333825903342 0.9994057103939045
0.9997275988925526 0.9984980241690786 0.9991338624370106
0.9997434962151276 0.9986919708780595 0.9994023938650396
0.9997415374688758 0.9986803757760571 0.9993838278947873
0.999765281173046 0.9988668253402623 0.9993997633004431
0.9997355379334121 0.9986426044107574 0.9994763707804121
0.9997423167382856 0.9987878604650337 0.9993810781942335
0.999734989834078 0.9986726064375518 0.9994020428173782
0.9997518221809563 0.9988036327383787 0.9995026072846971
0.9997659108611512 0.9988282025916344 0.9994080290964114
0.9997294641481175 0.9984872370104798 0.9993807237072719
0.9997496157648748 0.9986375910474142 0.9993641343473575
0.9997288419558784 0.9987692281208945 0.999324542725577
0.9997343536011088 0.9986621165647536 0.9994900245306356
0.9997333270730474 0.9990375091539111 0.999410891422504
0.9997566062137956 0.998763104011157 0.9995043079442694
0.9997253990628159 0.998536159908588 0.9994602218721783
0.9997478908149632 0.9990663838309523 0.999434753863059
0.9997407975475813 0.9987128220993245 0.9993502283894704
0.9997468789151821 0.9984060802557291 0.9995109021300412
0.9997435400126785 0.9987350865309939 0.9993769529130115
0.9997353106677193 0.9987012696802773 0.9994506090812354
0.9997384496970779 0.9985196731505572 0.9994870851623493
0.9997353554447638 0.9980777467010077 0.9994430089188434
0.9997289105130766 0.9988048648931098 0.9993217643067924
0.9997400247597549 0.9985128610070357 0.9993843546137824
0.9997526258443881 0.9984479118089623 0.999418451514333
0.9997375369378899 0.998744625627919 0.9994366853070299
0.9997518386796084 0.9984218275786912 0.9994103564418002
0.9997520735657177 0.9988586706556295 0.9994916255812055
0.9997233448582878 0.9985068814615325 0.9993415812517252
0.9997344023993483 0.9986957913034024 0.9993995683892116
0.9997443227526217 0.9989784316419729 0.9994793413328182
0.9997668349343719 0.9987178465675242 0.9993899455012047
0.9997411328914155 0.9988409039723538 0.9995499616223165
0.9997261676595107 0.9988071376199529 0.9994414055940938
0.9997425135760045 0.998773231762865 0.999257419437902
0.9997115023972964 0.9988500544692958 0.9994024417020068
0.9997347474534888 0.9987074208199547 0.9995177191434947
0.9997433605104674 0.9986912226469625 0.9995085937506336
0.9997321066397035 0.9988847772332851 0.9994248496176524
0.9997579347388359 0.9987758407201462 0.999348514517727
0.9997453163259497 0.9985775754689757 0.9993916965685916
