# full, direct, likely fidelities
0.476644820189002 0.8949850325504451 0.9510342170280438
0.47613628687674736 0.8986285101279172 0.951615165972012
0.4742689280880363 0.8945328410815295 0.9502472012502273
0.4891707434469449 0.8861241174309866 0.9477406016600232
0.4726596819740303 0.897840935569284 0.9515224701623546
0.4765166527443443 0.8955964954279845 0.9515746314853425
0.4651235762871072 0.8967720485892048 0.9513124773899599
0.4727216215731177 0.8980414916605493 0.9519776204951959
0.4668117471487544 0.8961883764589468 0.9520337117378779
0.47376060333148245 0.9001841879867971 0.9517714995969896
0.466121794086039 0.8952294118052856 0.9509739201574261
0.46690915698001406 0.8970919795388687 0.9496858028448028
0.4707454066460287 0.8919416968809941 0.9517800721461065
0.47276508569561365 0.8977899452964713 0.9497422697313271
0.4560199268752314 0.8975682820164917 0.9520995657441905
0.4593172936787032 0.8984717252077574 0.951019514680612
0.47020990962661074 0.8934008840479751 0.9487865297148029
0.48291639114621393 0.8955470184862925 0.9500262077428506
0.468087280765669 0.8979913376418777 0.951190076972099
0.4603106141047849 0.8987115115433839 0.9525782119928139
0.46082088024777573 0.8990574574745367 0.9516144658901583
0.4716338387626936 0.8949674181009334 0.951418374954546
0.45765968088624936 0.8966740748533804 0.9523110378521547
0.47513601908395503 0.897533985100892 0.9511053844552343
0.4612377581587492 0.8994627986759816 0.9527947228900395
0.46460863278062114 0.8957886702794855 0.9516877269271667
0.46332829399924114 0.897447879446387 0.950695906842426
0.4763461271606523 0.8983001966313933 0.9532186023863666
0.4757705414201682 0.8935262948670882 0.9508052198842291
0.4578729480939843 0.8994564788866211 0.9528739974229156
0.47103262872452656 0.8975792398972879 0.9494652354045611
0.45784411030461375 0.8949003452912803 0.9504979475912146
0.47023071899624624 0.8987930385949764 0.9522438623843874
0.46283787949016714 0.89727845741996 0.9505389081256962
0.46655266264032963 0.900920730720574 0.953816216321911
0.45883628709933655 0.8930906267296383 0.9498080644906228
0.4714809849295377 0.8957351891064539 0.9514991393284575
0.4655548815430166 0.8948572157345792 0.9534427256027065
0.48574283486157716 0.8968501848394556 0.949529587080571
0.4628544513421243 0.8981195485633976 0.9511148432752756
0.4677999411497512 0.8954020183027428 0.9516277848682984
0.45608215865857077 0.8964930845754788 0.9499393575089883
0.4538282334062021 0.8997597598951169 0.9517069302808581
0.4680931816568652 0.897867616536043 0.950650320546369
0.4662542351704821 0.8943390739664352 0.949415020803545
0.4621124304407047 0.8995226129703225 0.9506018489719362
0.4680520713487535 0.8993863680529403 0.9512097102634959
0.4600747946211134 0.8982205388508155 0.9517605840322889
0.4568019976851904 0.8984668781039824 0.952154248496806
0.4590556840784675 0.8974296406967184 0.9510666671000382
0.4681680887711105 0.8984943489656813 0.953269508441377
0.46987716012702135 0.8942392699301346 0.9498612377416046
0.4725607836657069 0.8943117255100115 0.9495990043205933
0.46948683375230654 0.8964072774578222 0.9493425929531304
0.46082307615063983 0.898163560503402 0.9508901905058466
0.47399499819752194 0.8978816667830486 0.9508451406694467
0.4716597654921776 0.8957444469154521 0.95115210226284
0.46473435584344347 0.896995125344059 0.9506952202867822
0.4716306055236423 0.8974340948597073 0.9523603701659806
0.4686737562091645 0.8968724517010251 0.952052564806909
0.4696371071327356 0.895876743052971 0.9488101273932589
0.45703270864433143 0.8986054612463901 0.9523442253887359
0.4615369804238284 0.8947899467328005 0.9500790897770787
0.46196727555731226 0.8984104561880848 0.9525037020373698
0.46272069733900323 0.8974337121384287 0.9528560546781433
0.45635796556949926 0.8998306256268113 0.9528616631282236
0.4746433224506505 0.8969419839906893 0.9511760845152711
0.4843300079327364 0.8975214251288605 0.9516946234745677
0.45734941478218033 0.8985523235127288 0.9507585459813742
0.469050742148383 0.897736495746547 0.9513489074728787
0.4738089909674801 0.8969721987478368 0.9517894955771143
0.47229455894903366 0.8970781562845983 0.9516054831093496
0.47146508028644796 0.8967543222581275 0.9512875987949865
0.4800735971556011 0.8980365298272074 0.951313954168781
0.4623883853507434 0.8977688193137371 0.9492002637115768
0.46115590069804047 0.8965041951276752 0.9512700389444345
0.47105955574089914 0.8965735087154828 0.9498935079930118
0.45564788908740644 0.8962829282171018 0.9524102914149858
0.455253187710463 0.8988187925646524 0.9518349850330567
0.4715604500222146 0.8928170719461227 0.9483344770040539
0.4648086675691705 0.8949629030929482 0.9518923450387281
0.45904015537483955 0.8966864384642409 0.9524777552474434
0.4747465899452322 0.8952405272795808 0.9495770005617787
0.46598841823421705 0.8986666369528942 0.9524186164019764
0.47193101745140814 0.8965330154029019 0.9511644331031404
0.47638120479113416 0.8969655529652808 0.9525031494064884
0.4727411532619969 0.8946887949968314 0.9519761919688083
0.47449381639561256 0.8932742742927513 0.949166617635424
0.4764713611673452 0.896256676212237 0.9505394310491346
0.4683832829425982 0.8952707369801153 0.9515831604557593
0.45706031504273764 0.8975080306588707 0.9517434962447802
0.45995744172959036 0.8975831426074531 0.9511105399062865
0.4681934663817119 0.8972716268917733 0.9514224039529872
0.465979264835506 0.8980300498194136 0.9516906733174643
0.47565142942299 0.8942973726185885 0.9511950302493554
0.461685324539268 0.8983934054321641 0.9507208055126753
0.461101068375198 0.894503452110178 0.9504343863088888
0.4567875703625991 0.8990601781574635 0.953190732352065
0.4575968755431954 0.8997575007684897 0.9522323305381534
0.4568853325862562 0.8960357460652767 0.9503197817210924
