# full, direct, likely fidelities
0.9805738632815796 0.9857180240400644 0.9938951909856909
0.9798160073774943 0.9849228045967513 0.9944647612315175
0.9800725026046819 0.9850695778953228 0.9933448388894691
0.9802422358171399 0.9852591376350038 0.9929917502008163
0.9802007330520909 0.9852095749533311 0.9933055730967889
0.97987909638559 0.98413107104635 0.9939600749854781
0.9801206245371518 0.9850411127361581 0.9930627382666366
0.9795464251828254 0.9848059364035024 0.994225072441685
0.9797920705274294 0.9824074000395939 0.9947216935903435
0.979974354544685 0.9855455331001043 0.9940646025291762
0.9799618272462337 0.9839923876686948 0.9948248083460464
0.9797976285861735 0.9839555218484843 0.9935021716509038
0.98025239148605 0.9852635257559605 0.9947262333309007
0.9801898134545302 0.9822097412858098 0.9940811337791585
0.9800389127590825 0.9832394290535074 0.9938330422619694
0.9799124846412232 0.9845562583183936 0.9939710124277983
0.9800913897754051 0.9858980350529221 0.9952633860518155
0.9797717167350026 0.9842882641468402 0.9948566020786992
0.9801748239104163 0.9847874135120717 0.9924544782273333
0.980079756782759 0.98454034955667 0.9937548532054932
0.9797985421143315 0.9851890236351739 0.9930020883224245
0.9802152512246596 0.9867318008844529 0.9940852408127312
0.980197491380236 0.9862529653587981 0.9940690024615333
0.9801990112415916 0.982625418386866 0.9935917399271516
0.980076177408453 0.9838261130627517 0.9942495907135087
0.9804465016298299 0.9844281976422359 0.9944340871432014
0.9803439680828564 0.9860132699773579 0.9941938171512764
0.9801995178326276 0.9829039541585708 0.9933888717927625
0.980320685354355 0.986963571062117 0.9939018374543218
0.9799717754935013 0.9843611936815709 0.9940284183872339
0.9798274477952719 0.9846607840258217 0.9933608913376049
0.9801561327576888 0.9852322478906697 0.9927813243577963
0.9803675768082707 0.9830058490254033 0.9935760478794545
0.9798395093541493 0.983726464580681 0.9934454132564426
0.9802353857465131 0.9835299982764161 0.9941878744004238
0.9803610687161411 0.9845340611101062 0.9941117834790439
0.9800358367398265 0.9835106308008595 0.9938716100735805
0.9799864315368899 0.9838308859610027 0.9941441553715783
0.980240502902142 0.9841793591765696 0.994235142084839
0.9799714957651452 0.9841684031645699 0.9945266843410582
0.9798138575607998 0.9817387012875793 0.9939362195275951
0.9798119311782788 0.9812581557174948 0.9935986552544724
0.9801819288525229 0.9837715069233607 0.9937870086990093
0.9800699233812177 0.9833286149777493 0.9947860592897243
0.9801992648296827 0.9805727176608892 0.9931170303228197
0.9800698331210863 0.9844439947406622 0.9925631312358505
0.979718888861843 0.9843310324698972 0.9942397980255249
0.9798077208349738 0.9841794297300599 0.994126771681014
0.9799583529116187 0.9834142820962853 0.9945196145711659
0.9800176703101023 0.9826132163080422 0.9935606198531545
0.9800977259423395 0.9855630742079063 0.9944940728533628
0.9803046513645052 0.9841850427642835 0.9932874362201717
0.9801373018858436 0.9846085345658508 0.9932329831488307
0.9800084770101005 0.9830774897042054 0.9945354811187568
0.9802772241739413 0.9855865141636904 0.9941384078802615
0.9800833742345686 0.9840472779002921 0.9948128431830254
0.9799534906198349 0.9832549274348 0.9928794549200427
0.9800591253406847 0.984222691756618 0.9939655049349673
0.9798911536200989 0.982473415843009 0.9940071576672628
0.98015626537996 0.9844879560945929 0.9929385746788875
0.980243417830399 0.9833874666509994 0.9930605340026594
0.98025992599205 0.9854482545851444 0.993748059989698
0.979822985755643 0.9828077374971106 0.9931564694787941
0.9797979282324153 0.983582755648762 0.9935381916353402
0.9800025147055361 0.9841674581145635 0.9929334210584402
0.9802274649102419 0.9856014856607097 0.9948783099980311
0.9800976164458154 0.9853778391510353 0.9942381106109954
0.980237538121472 0.9827089652412155 0.9935117088498635
0.9801287261113828 0.9839845812873477 0.9936953487491481
0.9798749402661084 0.9831066516378039 0.9936688425046182
0.979854433746083 0.9822973201709075 0.9932886793407507
0.9801303291136271 0.9823876379165241 0.9929229550855317
0.9802380222037645 0.9852235902433659 0.9938692788050513
0.9800750352806473 0.9842330536996272 0.9934371068191297
0.980196332076062 0.9828891449225272 0.9940570434611967
0.9799810659438553 0.9836216221948125 0.9943784403508261
0.9799769873094025 0.985596002732054 0.9939369469676776
0.9805961295403253 0.9837231739107578 0.9935762168587673
0.9802819998461557 0.9851118638556454 0.9935604292585907
0.9799753966155809 0.9831727318271816 0.9935260337450229
0.9801206018545962 0.984749725031592 0.9932724884532569
0.9800647477764372 0.9849415042007016 0.9938585318469092
0.9801882012837799 0.9845036368948155 0.9931283559946533
0.9799629178619046 0.9825997589471724 0.9930368318087545
0.9798146265555069 0.9844399985261436 0.994254850241298
0.9802675620735978 0.9832647405992544 0.9938100236273333
0.9802020016538115 0.9841028585111271 0.9932529182989448
0.9802701599281824 0.9858246409353848 0.9934002873333134
0.9804650793889428 0.984333167956067 0.994211313586436
0.9798832687013946 0.9830217155739941 0.9906908087859202
0.979879115685514 0.9809409365236841 0.9935552666885634
0.9798175707460033 0.9830642957475064 0.9931099854470812
0.9800421219260964 0.9834927003540214 0.9938116534915237
0.9801874392005814 0.9848687016097901 0.9947637968595651
0.9804486188218146 0.9838739581533489 0.9941997236571927
0.9801197839134205 0.984781544539176 0.9942367320545528
0.9801402745833506 0.9856366608971774 0.9940929736258902
0.9797951443618936 0.9837968141357332 0.994225695987755
0.980432641341946 0.98524959528632 0.9938267879960967
0.9801406708390547 0.985951756187982 0.9942864670041176
