# full, direct, likely fidelities
0.8520825684720325 0.9647108073533279 0.9868899516224794
0.852382872004926 0.9635957889870285 0.9855113762914656
0.8664936346794527 0.9627915218690634 0.9866353810650705
0.865253021228801 0.9613652905687405 0.9850033551272361
0.8572759836936874 0.9625712882790257 0.9858335206999194
0.8609104993233221 0.9605046239536934 0.9837488983238989
0.860447009205987 0.9640857447306742 0.9861466995099586
0.8585047280259008 0.9622340490258839 0.9855324931875347
0.858418899872734 0.9629608336078801 0.9848130509895758
0.858700438081138 0.9657512477408697 0.987485759499339
0.858454135372477 0.9662545611891615 0.9868122250936725
0.8571905804032718 0.956799127773339 0.9860572537338763
0.8589139641023067 0.9653272564812851 0.9864959825104211
0.8612108486172588 0.9627922442698008 0.9860443934615545
0.8602599959121441 0.961723548809477 0.9840288024880215
0.8623498168166441 0.9616423718299936 0.9866446850117947
0.8605027273732333 0.965955207694302 0.9851527901344973
0.8540223712355425 0.9648965447266129 0.985651341085375
0.8634009757968129 0.9613755280404447 0.9849362285895853
0.857919573425 0.9634372709188735 0.9862221889313695
0.8578688688782073 0.9650265128907816 0.986206974484438
0.858652699155549 0.9631773112007567 0.9864626026933802
0.8666477862603215 0.9648029349117061 0.9869709183040666
0.8533979252814424 0.9643784082158555 0.9872907439315848
0.8679145449626378 0.9571901603327886 0.9829937271536812
0.8585503537935655 0.9602170504805285 0.9861829055832604
0.8584078542220746 0.9611346099029069 0.9865518056887816
0.8543616216662498 0.9627530120874326 0.9866185190610681
0.8623295694558604 0.965208187594445 0.9864221241518994
0.8573906693041671 0.9652413559558541 0.9860403151017219
0.8618872996496955 0.9618322395976715 0.9867119490743627
0.8659231742139889 0.9653963308744629 0.987306244875346
0.8600300547749726 0.9644877101521836 0.9877325617422309
0.8654069315473628 0.9546760645123314 0.984248133817538
0.8571337848484374 0.9631026980883413 0.9838124151699819
0.8594103719676479 0.9627702240646635 0.9872628200016456
0.858675161453473 0.961586160211631 0.9852864285798568
0.8571657859507495 0.9630165698921767 0.9859640121098798
0.8565144379866741 0.9646901535857145 0.9862433893741019
0.8599040086842361 0.9600209146541545 0.9870620666782064
0.857466236944715 0.9618568347797941 0.9861847370005979
0.8560979228163845 0.9639053189128365 0.9859134768898521
0.8568891036764901 0.9640051332642025 0.9862621642176864
0.8595855348815108 0.9634278671902188 0.986538663204426
0.8588904049176116 0.9609798291133379 0.9860406524540057
0.8600999056871693 0.9641889888683097 0.9841831795868343
0.861602742333892 0.9599324955769488 0.9865078137626291
0.8653830804050523 0.9620900235429686 0.9867705152926205
0.8588003012563413 0.9648222079604358 0.9850614704874351
0.8648996762243205 0.9633181050122869 0.9875089009157539
0.8614319614730414 0.9624588023420672 0.9851783161388377
0.855470342387151 0.9620413229144856 0.9873930023255889
0.8574015841489869 0.9672764627566511 0.9861150574393291
0.8619859828373065 0.9621938355537767 0.9870346977030043
0.8542426480741098 0.9630042062848045 0.9875452238730661
0.8642751691397179 0.9569171270498615 0.9849319901366382
0.8672358666690023 0.9548398499017269 0.9855752999004326
0.8667840031846965 0.9576189495803573 0.9856172460515802
0.8590410821946215 0.9662592616440431 0.9860189938723475
0.8588023180640728 0.959869110613218 0.9855767970931327
0.8614090695001285 0.9634395963939003 0.9837424041234817
0.8582396250735985 0.9613858389318789 0.9869709471254632
0.8599483602113296 0.9613911462453613 0.9874710756434733
0.8634632501498477 0.959941597256093 0.9858335198602395
0.8582670875359932 0.9614378996564533 0.9858853555804222
0.8581192655962495 0.9630728882019408 0.9862470736356854
0.8553395558266381 0.9669823406018613 0.9868735270460139
0.8569741872302163 0.9666299594260502 0.9870729218352335
0.859382342822156 0.9668563623816627 0.9858137606710614
0.857010957649851 0.9621695054606381 0.9854885508674568
0.8606558680213533 0.9582256772897633 0.9869360917380436
0.865309375766129 0.9606117886728152 0.9851670921963163
0.8716457555045731 0.963771980187791 0.9863321378224413
0.8591041052338928 0.9574360029312515 0.9859323862156163
0.8530908426534138 0.9636388138673417 0.9856504693175449
0.8614343813302283 0.9637873706143937 0.9856185909408435
0.8566206023616251 0.9619161761762326 0.9879240686955403
0.8587711393303945 0.9622306233676661 0.9865830956834692
0.8624917737100427 0.9619919774296262 0.9851717958905282
0.8622578037635393 0.9630926289915489 0.9881436274557667
0.8563639965668538 0.9617053764245073 0.9864492930222841
0.8577203118988467 0.9633146732337232 0.9852114551837905
0.8597648572335789 0.9620444153532856 0.9859812937699234
0.8551491744146746 0.9623244984264111 0.9836198386335218
0.8551031645723018 0.9587149994824428 0.9867992726909516
0.8540119729112033 0.9579304734080158 0.9842537170026194
0.8583432442485073 0.965804769419439 0.9855302352408486
0.8753552953873579 0.9567228865428464 0.9860491310443679
0.8551230531626274 0.9609540012386948 0.9862840483125889
0.8700633891792852 0.9538836675247916 0.9836474031292496
0.858587971990206 0.9669591293419765 0.9873077319969268
0.8622922737992734 0.9637125596813466 0.9867439030474544
0.8578582804684445 0.9641107967167182 0.9859907731777487
0.8625727990382762 0.9631449396218599 0.9873631528648026
0.8574726151822407 0.9636484661159783 0.987141802548821
0.8582729686706702 0.9655550766339815 0.9871131675788006
0.856992064406642 0.9645958392598675 0.9884515802822921
0.8639458902735099 0.9588262188494353 0.9855096989661981
0.8594216463770078 0.9631483522378406 0.9867540328347816
0.8600969270767964 0.9596788560933629 0.986520414343467
