# full, direct, likely fidelities
0.9876909279342916 0.9498227670526582 0.9769697309709223
0.9877862738205229 0.9395099286868029 0.9773787864590424
0.988626684342037 0.9472415634599716 0.9763957067528015
0.9871723306656639 0.942599304398722 0.9761747702530572
0.9879209260542451 0.9465408148075706 0.9768405417451118
0.9876158604109255 0.9452254778443057 0.9826373138104789
0.9879653925947625 0.9507409363924821 0.9772140508067797
0.9876711139802824 0.9404559467287579 0.9771143151126565
0.9885627631406277 0.941026148886398 0.9843186597389598
0.9881124127990141 0.939170254254735 0.9742317866938415
0.987735431880115 0.9491760883946828 0.9826523688522053
0.9877822853099448 0.9480125821526637 0.9779569834104394
0.9875695588957303 0.9505493970637721 0.9803433536968444
0.9881554794591658 0.9475114636140637 0.9803537346784011
0.9876718042532622 0.943333621116161 0.9813594625529163
0.9874631719638386 0.9424618658031065 0.9760368302638363
0.9880204060182869 0.9494181531695511 0.9842610858205488
0.9874965461170722 0.9490661498296499 0.9820460542655153
0.988092348453791 0.9496021873839056 0.977731342045726
0.9878488972813418 0.9263996200495969 0.9754768449511699
0.987957774899786 0.9425443605416011 0.9769107515962844
0.9879953477498589 0.9417492090929803 0.9805976711091285
0.9880801901633285 0.9430268872159183 0.9822034788223258
0.9886061255861419 0.9431116020298265 0.9790514668347672
0.9879304392991266 0.924828319681746 0.976485573282908
0.9879393857963439 0.9437481374862545 0.977923086942368
0.9880769042806501 0.9430178816749061 0.9806098031894813
0.9884608359929126 0.9405523773773844 0.9802193302224033
0.9881080780677333 0.9509491820610751 0.9808536042307295
0.9878215855692181 0.9384180406772638 0.9764987000774981
0.9883801821608283 0.9329431951701938 0.980709836034167
0.9880591722305306 0.9434165903566832 0.9781084923507696
0.9881651465604526 0.943095536969187 0.9776776734886722
0.9879535772117614 0.9363957906435482 0.9783828688243136
0.9882083419620412 0.9492029059809071 0.9808091073457091
0.9885448577796132 0.9519584431735453 0.9767864151337549
0.9878925258030754 0.9445632402678124 0.9817326574307618
0.9880392637924849 0.9381363132027617 0.9761242656915483
0.9879354355148897 0.944474137661227 0.9800198556851396
0.9881716994268787 0.9419678460978432 0.9787101849394281
0.9876777729096309 0.9371026881859914 0.9710258668044849
0.9884601703014564 0.9463302488491532 0.9742790622759351
0.9879680639032409 0.9451094940608172 0.9777443555945449
0.9876836823334476 0.9332488958446553 0.9746551152420986
0.9877069187564883 0.944784405653882 0.9822558812138829
0.9880305982505656 0.9401952872033603 0.9770410524708555
0.9879392305084497 0.9504767738990479 0.9771375804990156
0.9881649105689699 0.9460377211290355 0.9801393514425272
0.9883712344864046 0.9345828827664188 0.9799929753400896
0.9881716250342696 0.9434554958320259 0.981436686344082
0.988081414478816 0.9446210465191002 0.9809110685741169
0.9881151757703044 0.9428594553736271 0.9809337972545754
0.9879996221737806 0.9403312813568678 0.9741694538777083
0.9877435693089605 0.9497640995350174 0.9808910466256727
0.987668616146783 0.9419286322055257 0.9786890499465082
0.9879103434373526 0.9358121802730709 0.9778521737363428
0.9876043626304501 0.9470295519368778 0.9766145354273218
0.9874855959644777 0.9449364444173858 0.9725130418896365
0.9873646850163199 0.9304212518053644 0.9759808704153149
0.9882293001816512 0.9413252075700914 0.9749410957251663
0.9877360545553688 0.9420894260118278 0.9747711487387742
0.9881400103731852 0.9398261328808919 0.9820526004451725
0.9876944592712184 0.9245335738385981 0.9736844827346205
0.9871887597932438 0.9343563776721739 0.9752083350320493
0.9881311767164138 0.946406052251009 0.9761760637264456
0.9881515530238876 0.9443552849900541 0.9792787201999936
0.9882068528180934 0.9465516112971534 0.9807778371803189
0.9877740508096706 0.9315610053569457 0.9743046068750658
0.9883350333403653 0.9447142619738245 0.9790148833760184
0.9881430508301786 0.9457533784909318 0.9791623194401208
0.987458467861539 0.9489075882593668 0.9781286638690286
0.9875629820769459 0.9379341575769345 0.976506769614784
0.9878083559652046 0.9412364612008141 0.980450264594015
0.9885310739592599 0.9397191045754466 0.9780017631514673
0.9876607437674982 0.9497989618835916 0.9790848981405688
0.9876826590699623 0.944483690527294 0.978955534630142
0.9882512598628821 0.9345732710638095 0.9800309427638236
0.988417856037414 0.944660220108079 0.979920974102431
0.9873411125159139 0.9437017875067029 0.9793835984280467
0.987356643858934 0.9411519247008835 0.9752207953466331
0.9876861499011339 0.9344425451844176 0.9817608149453839
0.9882131717341184 0.945898479072556 0.9824147356453832
0.9880461100495945 0.9464078278645572 0.9844459288958695
0.9879223682460737 0.9431503717080529 0.9775974057132689
0.9878956697357516 0.9429698335356881 0.979466306343336
0.9880243093586754 0.9447958992763332 0.9794268719815735
0.9885247335970491 0.9382133577062912 0.9836153449038578
0.988099441221128 0.9545616652413523 0.9753735754357392
0.9882607176745449 0.9444490715292874 0.9773581160190761
0.988237539748962 0.9424381921214351 0.9709828734575342
0.9879869227012111 0.9429242273260633 0.9729953542158529
0.9879138137826671 0.9337736389816471 0.9758369034805622
0.9880397979737424 0.9376179844803366 0.9763073460181394
0.9880765916176664 0.9484599791219724 0.9765736677298924
0.9882779681020265 0.9494622799919883 0.9781288573844896
0.9877722600720299 0.9359139348373251 0.9774545320957263
0.9886142377171415 0.9394239419270182 0.9785184112902563
0.9887493874610821 0.9429057900797055 0.982585321702872
0.9881585826646606 0.9338222771150853 0.979087193273704
0.9876702678729663 0.9465879485547911 0.9779888038939041
