# full, direct, likely fidelities
0.8554188035874736 0.9668109958584162 0.9884344031322163
0.8470585537859646 0.9722409925825499 0.9904649950130922
0.8403152538231643 0.9726549164707188 0.9896462446758791
0.8486722834390573 0.9714604453583896 0.9898506131583883
0.8480785332792161 0.9731709694842859 0.9910604641519886
0.8424048673247195 0.9720051642860301 0.9890117350885653
0.8417853214622356 0.9746130471404416 0.9903479718331267
0.8513304313960708 0.9733935813110564 0.9906014077033994
0.8454992903484083 0.9743491781940141 0.9904823964746051
0.8445825160661063 0.9749061111730126 0.9899627532073946
0.8487125639232918 0.9723948118076756 0.9904022021142079
0.8568603839121852 0.9711251954344775 0.9896943548790759
0.84400029693331 0.9710585000208404 0.9898931125379269
0.8554166028935368 0.9701407355327845 0.9891794757513032
0.8491333096959406 0.9709379614144695 0.991014106761744
0.8425352495196924 0.9735329148174364 0.9896145123650656
0.8402547575580988 0.9748355678043088 0.9911726645175847
0.8475126484112755 0.9728947124676846 0.9909025857563487
0.8459171367710705 0.9746795422399276 0.9906410053970747
0.8406960105721097 0.974457822176082 0.9897214776534756
0.8411225398959207 0.9732552471155225 0.9905902231589212
0.8366063144013516 0.9719598500371719 0.989998954570472
0.8469851897872815 0.9724506801941137 0.9895757263218361
0.8483306576172784 0.973586284413214 0.990417073577179
0.84637346196954 0.9735802562106648 0.9907831668549255
0.8389289253029857 0.9725447443467179 0.9905689608032384
0.842935761284196 0.9745337209192289 0.990663198801689
0.8449942489416044 0.9731693309655237 0.9899043223463284
0.8484539804178458 0.9722413619323897 0.9909086098817419
0.8392518034957476 0.9752855902554073 0.9906739350764562
0.848416530087504 0.9711401013999387 0.9905674454205771
0.8516020994338265 0.9704515134342062 0.9889783432074041
0.844096292070693 0.975132120604723 0.9905476545511285
0.8490123161635732 0.973007175670001 0.9904599553218071
0.8430271954220313 0.9716924808806725 0.9898706735436915
0.8407471185393747 0.9724186665970426 0.9897704274672449
0.8402473931207884 0.9731655549488585 0.9908166345150082
0.8402836576616058 0.9731151587600069 0.9908121683552762
0.8483801112870551 0.973264777607074 0.9894990954482377
0.8411594355017104 0.9739345892211871 0.9903455777025181
0.8469757236487104 0.9701930351975583 0.9910547942507721
0.8446647581387384 0.9716899941300683 0.9894125598776584
0.839779956825868 0.9734759519001529 0.9907800080065924
0.83564335189227 0.9760638605198402 0.9905974749334061
0.8437308393960763 0.972925657060484 0.9896238223460987
0.8466205082490998 0.9731211996868557 0.9905462503786725
0.8359419828668506 0.9741232556917806 0.9905403950693187
0.8448198476708667 0.9720783915580449 0.9908123984352325
0.8458229563005423 0.973139440836974 0.9905063024489171
0.8476719751815976 0.97369682485303 0.9887606163507988
0.851763450329475 0.9713674595714994 0.9905329014320511
0.8416166680577379 0.9738762602730002 0.989819832065627
0.8382065263392305 0.9734051914081064 0.9913286809310818
0.8436850668175506 0.9732082376969843 0.9893034668440034
0.8489036676571792 0.9723315474566537 0.9891191857196703
0.8428833570328699 0.9731414554173673 0.9903074774209881
0.8447838575429413 0.9714624727854144 0.99115383065447
0.8395027644739786 0.9748724006196421 0.9909301665238625
0.851304022808061 0.9698740907135341 0.9896947271907921
0.8390038179710861 0.971860773941746 0.990194743533906
0.8521532528529978 0.9732927177952776 0.9897030542768205
0.8480040018869613 0.9711786693451088 0.9888745342146938
0.8363505914901396 0.9741057976825231 0.9905635575313104
0.8403362467680973 0.9741235760488413 0.9897868004289211
0.850601308335863 0.9739474608713435 0.9898989065519536
0.8465123047356873 0.9732581531475364 0.9905634340711147
0.8506301400070556 0.9724946419650123 0.9900146052834394
0.8519519068294897 0.9732956234394765 0.9897999644124159
0.8399432140235968 0.9743693443591817 0.9901587017660098
0.8441028318039301 0.9734454455427112 0.9888462606005142
0.8504954520567899 0.9698822164134882 0.9903525247011101
0.8381834490818519 0.9736498618935477 0.9905769742241564
0.8543911899370713 0.9728460237432289 0.9892723730083428
0.8465764647538332 0.9732438161788768 0.990312928452222
0.8409127399444257 0.973679458665711 0.9897546023811027
0.8384864438290872 0.9739669990614758 0.9917658649927141
0.8491420520871386 0.9725236850392783 0.9903231192101838
0.8426740144644839 0.9748848859644181 0.9902441329891809
0.8444893787744608 0.9724822934755605 0.990616110123115
0.8415938027465852 0.9730368475919282 0.9898326116774152
0.8530595844848311 0.9722417844934224 0.9884304348656376
0.8396230315672903 0.9732539619845965 0.9903244296476335
0.845550811457079 0.9735308658837055 0.9909514068315494
0.8476651781875444 0.9706404191138428 0.9907468258321153
0.8408615035599158 0.9716022335661354 0.9907800376900445
0.840315310453556 0.9727129620294974 0.9908476811390229
0.8439203161819198 0.973725235183318 0.9907554923237276
0.8435457498056106 0.9718124756343172 0.9904401917437686
0.8439257948905848 0.9741272043297933 0.9889596814901136
0.8503428425492116 0.9685168054346276 0.9897127291047565
0.8497994402739748 0.971322338436935 0.9908918892404625
0.8402460535945638 0.9759232347302373 0.9899287071055247
0.8458242972484 0.9716614222093783 0.9898630199768292
0.8451840780414589 0.9730315517871042 0.9911234458934498
0.8408118865223635 0.9738079231259761 0.9904259048440419
0.8506240635170804 0.9732286864429301 0.989584915223039
0.8458954089857047 0.9720361120366675 0.9895146492582741
0.8454010436055952 0.9712237500347994 0.9897538006160796
0.8464329743996415 0.9742515516930286 0.9914067804063967
0.8508579648561987 0.9691043126981527 0.9889759726354526
