# full, direct, likely fidelities
0.9532666835103727 0.9904701481604642 0.9954112440010098
0.9531054715336317 0.9903916000049305 0.9955618087493584
0.9529266363416705 0.9901031045385721 0.9956069549236837
0.9529488282567673 0.9904526679266423 0.995514944834241
0.9529354592568171 0.9900007738950666 0.9953741726813721
0.9531166131311398 0.9906681435512608 0.9956933920056075
0.953264139040113 0.9903127119837006 0.9956069636005664
0.9529439880874723 0.9904684194562497 0.9956129061923322
0.9530146149000679 0.9905855098033165 0.9956365266011353
0.9529969077885441 0.9900199579410597 0.9955052647960434
0.9532098896714981 0.9905937053350805 0.9956323932602233
0.9533500586215188 0.9903291445334411 0.9956429611033559
0.9534476876161986 0.9903514348059907 0.9956974310624743
0.953115930178393 0.9902421825451005 0.9954498090508511
0.9532603970999014 0.9907701111694506 0.9955702082737654
0.9533827472625583 0.9906978300311631 0.9958279928137295
0.9534099278828445 0.9901563556376108 0.9956722583956231
0.9531938574031439 0.9900463348410965 0.9953879098724081
0.9528105416873162 0.9903802845084169 0.9956281762661113
0.953201773159798 0.9905683088742784 0.9955645484562341
0.9534344686584368 0.9908978411676528 0.995660891996077
0.953357740785143 0.990139470724608 0.9955923977180203
0.9532376946295255 0.9905473392737468 0.9955731965292333
0.9531050370593805 0.9902031555860799 0.9956327493314021
0.9532538042460265 0.9908502269493781 0.9955737733642628
0.9534403324857875 0.9904011636070743 0.9955061169318796
0.953268508373487 0.9902200961730162 0.9955240963860078
0.9533031289260481 0.9900098587533938 0.9955149949631864
0.9530228233156018 0.9903872634157932 0.9956341448031493
0.9534418316333635 0.9910898795411683 0.9957328440718916
0.9531142415293774 0.990562406582666 0.9956527536572857
0.9533649449609747 0.9906244041277292 0.9955514774671437
0.9529784271139425 0.9906065602960626 0.9956231856906833
0.9533160937080478 0.9906861917096789 0.995497862885511
0.9529933852861141 0.9907410270478202 0.9955862867199677
0.9534113322630994 0.9904205534579207 0.9956511724065552
0.9532092889159147 0.9903247251657137 0.9956511642936503
0.9530400117491625 0.9906211260905143 0.995707749034121
0.9533004458452122 0.9899950582064986 0.9953934058215669
0.9532843221088322 0.99046850460897 0.9956358368887466
0.9531297480989863 0.9906951766731266 0.9955109751793219
0.9534534830188509 0.9905792295950897 0.9956394986449019
0.9530307684438791 0.990582485866456 0.9955702279770826
0.953302465361571 0.9902561245717322 0.995659064803181
0.9530528254319179 0.9906380484611752 0.9955412880776997
0.953320918993462 0.990974880839719 0.9956867558410296
0.9532457963173214 0.9905850924302049 0.9956963882861969
0.9532497891012162 0.9907530508223097 0.9957289622732576
0.953430267210996 0.9910700790660235 0.9957468057963785
0.9534410665176143 0.9906518354698837 0.9955484381731198
0.9532214500414325 0.9903109903938991 0.9957221335772797
0.9528855170151181 0.9903404370734502 0.9957411502802004
0.9530523450647945 0.990561660992062 0.9955163013206121
0.9532468091723731 0.9906550573625297 0.9956015153405148
0.953395096548012 0.9904855694514267 0.9955225287457921
0.953249908698425 0.9902684665069096 0.9958048278330345
0.9531339504798094 0.9908038944066389 0.9956666823562913
0.9531059648350396 0.990593790592086 0.9955373465963246
0.9529869392412343 0.9906059220439075 0.9954949135801181
0.9530470254700284 0.9905690067870316 0.9956105086717159
0.9532379588603369 0.9905366836767504 0.9955413169417695
0.9531118186537503 0.9910571539749036 0.9957601414914948
0.953223361195419 0.9906369068443369 0.9956337037458399
0.9532771391208472 0.9907570784356221 0.995633744280865
0.953442814646917 0.9907311416819977 0.9957223556456849
0.9534042811145683 0.9908533150544974 0.9956589685160094
0.9530722650605419 0.9905404396398282 0.9954216677368843
0.9529806061024166 0.9900541907283472 0.9952959921281158
0.9532849002945446 0.9907416010592872 0.995676867969847
0.9530725624191553 0.9904060278166444 0.9955722464170298
0.9530530326031694 0.9904464017038576 0.9953193454807779
0.953328159763785 0.9906337864204342 0.9954198629380405
0.9531229323910202 0.9902048117099784 0.9956041146212743
0.9532449217475802 0.9903163086979903 0.9956006339469716
0.9533499424293056 0.9903563665252892 0.9954398948786082
0.9533161791943251 0.9903155014432709 0.9955711695303613
0.953064300262779 0.9905348932925161 0.99569795160731
0.9533044982551334 0.9907846656618164 0.995596275553925
0.9535085743134637 0.9904533509764707 0.9955695157876008
0.9531406886217312 0.9899141431278 0.9955337476978158
0.9532983037154019 0.9906007470358896 0.995581481511376
0.9533353018654916 0.9906614198483421 0.9956152678713407
0.953184079624412 0.9901137506264049 0.9956588708077153
0.9532112233107706 0.9902970973052746 0.995577598171526
0.9532870774919673 0.9905300524395163 0.9956090687504083
0.9530292798743951 0.9907143802557501 0.9956432244430831
0.9530713755794071 0.990518794521513 0.9957716504782473
0.9530402465345945 0.9900044086455658 0.9955705564847567
0.9529120018030233 0.9901777700328446 0.9954777890345675
0.9531504191987694 0.9907997705736978 0.9955862608074356
0.9531428157350601 0.9905004272823837 0.9956423539397017
0.9532769049135742 0.9906854342213721 0.9957147143063154
0.9531841191111103 0.9904394094938949 0.9955900609072073
0.9533296620120953 0.9904358626823364 0.9954417831569767
0.9529545092891804 0.9900713927529772 0.9954660260471302
0.953337857287352 0.9910562760833815 0.9956797559125455
0.9531405037251375 0.990742196547319 0.9954619884120683
0.9532540266068531 0.9908144996428957 0.9956010276511408
0.9536462173439487 0.9906810953077381 0.9957480929018983
0.9531335401189527 0.9910158602270214 0.9956587910751927
