# full, direct, likely fidelities
0.7498607974731244 0.9581616688673006 0.9801094553708161
0.749904037186254 0.959119101514589 0.9811312284705151
0.7490893477721052 0.9583058522086959 0.980656878944254
0.7558115992338668 0.9554247431752797 0.9806091328300764
0.747972019903453 0.9588023720715109 0.9810387794231132
0.7500493189319901 0.9587767728631396 0.9811438755977505
0.7457377504921523 0.9591121012110193 0.980541102975424
0.7473125381109891 0.9596090843919001 0.9811038071647395
0.7474871211892008 0.9590432477126289 0.9804738869717939
0.7481217699115672 0.9593382341231602 0.9799549157668974
0.7473924872014138 0.9589845559145463 0.9803290616684169
0.7471155729251622 0.9572221043688641 0.9802463681870545
0.7480914004419373 0.9578876485107206 0.9806826003580911
0.7481525020232592 0.9566481633317959 0.9802694975134155
0.7415804790209725 0.959038276340075 0.9810850695823283
0.74271568444762 0.9598513534964197 0.9809450656105041
0.7476702559934896 0.9587531246074215 0.9807849296820627
0.7539715087853923 0.9569188530448922 0.9802411990362303
0.7475181865054091 0.9598525080865615 0.9803052730279793
0.7429201901869954 0.9591956570012712 0.9805162419899363
0.7428926325236169 0.9599884992825871 0.9808958074472971
0.7479247223611274 0.9577456651575342 0.9807386428943876
0.7429174217539379 0.9605992815566036 0.9813138393400808
0.7509403656075632 0.9583889680238731 0.981095284861026
0.7444849651711333 0.9603741153855976 0.9810633896792674
0.7449709598718989 0.9598509937301327 0.9805483350267722
0.7450620180153357 0.9583054743446311 0.9798096828489954
0.7503746968402843 0.9577219649210633 0.9799273771192304
0.7496847026827952 0.9574380660435132 0.9810864762196452
0.7425138234310885 0.9601761799708524 0.980809650814221
0.7479113447543775 0.959502555660115 0.9807454428140993
0.7422195773575982 0.959155240251535 0.9807026349594623
0.7468517114253201 0.958563772408675 0.9815342314807554
0.7443278975325573 0.959983381380531 0.9805030086345317
0.7467699116363459 0.9593371236088443 0.9811453951628597
0.7421599012842943 0.960013104015002 0.9805422260107571
0.7478950509097994 0.959932822357332 0.9795153809305547
0.7461572983641768 0.9583133752311986 0.9798382068222995
0.7542285804079188 0.9580589221367865 0.9799482049435961
0.7456566422181247 0.9597266956445154 0.9809636590009659
0.7468138366231586 0.9581332886867887 0.9809427297165624
0.740873527788124 0.9603705650766212 0.9813885756080389
0.7410245626572063 0.9605552008436038 0.9811676542082094
0.7487553821600004 0.9599037255138941 0.9808643008959892
0.7460046820331672 0.9597290387805267 0.9809462540876556
0.7442967119866828 0.9604824625047181 0.9811743463739454
0.7473939279486626 0.9589244576684492 0.9814216783234061
0.742358598364824 0.9597238247274549 0.9806708165513618
0.7421269520673388 0.9601024624955884 0.9812530994562506
0.7436395270546522 0.9592817103000009 0.9811427395540635
0.7462839608647368 0.9596738759244583 0.9807926861723785
0.7483346910294437 0.958437908145042 0.980331869403108
0.7488305603506807 0.9581566744773716 0.9801999105745774
0.7468970059569346 0.9586785299649818 0.9805715036795709
0.7436204645316316 0.95925279960803 0.9807333389088186
0.7500610265439557 0.958059314322212 0.9797289253240419
0.7471139931688551 0.959318705607601 0.9805262031603523
0.7449356735617384 0.9600092385427005 0.9810659435444697
0.7476108871260104 0.9586987577541178 0.9798833754584391
0.7468441627640441 0.9583183508822031 0.981049871998463
0.745920512833602 0.9561306914060833 0.9804229529058306
0.7419839415849597 0.9596022400807244 0.9808466435026301
0.7431850068792716 0.9596378940211786 0.9807460726259816
0.7444971382730435 0.9580187966689735 0.9809377782007092
0.7454061585622005 0.9596865497684913 0.9809136111247342
0.7431013990485351 0.9597080346329507 0.9810813021347408
0.748587020920413 0.9582714390184118 0.9800300401695514
0.754036740864512 0.9571478276712686 0.9799812458496954
0.7428883787550499 0.9593566986759372 0.9808331169119202
0.7473969827883964 0.9598961689230369 0.9807372808784679
0.7488026085604969 0.9566123868072294 0.9808776683287873
0.749560307814689 0.9586941901769526 0.9805325294526244
0.7490905929580589 0.9571318073699253 0.979972744803739
0.7532511579310585 0.9555575875342173 0.979932338907978
0.7443389431149245 0.9584739277670206 0.9812345407429698
0.7437738316791516 0.9580738879013101 0.9812521678408578
0.7481294901788185 0.9563914143760041 0.9802517583429349
0.7421437990828054 0.9605704891158156 0.9813983237381287
0.7422390581228016 0.9593547872511528 0.9812055777089117
0.7478819585022668 0.9583632430500035 0.9794941556287744
0.7447779474733832 0.9584990319768959 0.9811371214388651
0.7429304713023209 0.9594292184295702 0.9808641243616592
0.7511634291634062 0.9591866432561558 0.9807289106222615
0.7459202903505419 0.959342071483491 0.9806237812687624
0.7495508326987371 0.9594817136434817 0.9811017135273916
0.749449132887501 0.9577424410045026 0.980489826538991
0.7482784732827211 0.9584283862014177 0.9807213290454556
0.7496440692455585 0.9570787012961275 0.9804752989663241
0.7507464067503461 0.9590954855986009 0.980344594525913
0.746925120074176 0.958127200800589 0.9812769435343865
0.7423740753895861 0.9593965091077916 0.9807816878866239
0.7442390027973376 0.9596679703027515 0.9808396695352765
0.746527021119635 0.959554556365711 0.9800355994286057
0.7470108205900798 0.9589601831819641 0.9801835181660047
0.7484890576070147 0.9590613882969943 0.9805938094195003
0.7460095247844876 0.9585231378487565 0.9807288851278508
0.7430791487486575 0.9579794249462014 0.9812720740639972
0.7420490828651303 0.959648555844698 0.981037440330758
0.7433327966331138 0.9588051526186662 0.9808391349943495
0.7421451286318 0.9602365910887283 0.9812333804268395
