# full, direct, likely fidelities
0.7550195787709216 0.9436420961156093 0.9754583698386335
0.7615731732242724 0.9403915161389581 0.9766548899610485
0.7619624813123765 0.9400925763582788 0.9766759731039246
0.7679733850540709 0.9406207221185281 0.973009480692103
0.7606630657666241 0.9424691372083566 0.9765624276914175
0.7617847090512498 0.9381348496747764 0.974221786017742
0.7537686863210764 0.9430694524513159 0.9773651817454353
0.7613224461713154 0.9406099968689628 0.9771835820808349
0.7572799113959295 0.9446734549284318 0.9758666876862496
0.7658968803140236 0.9367079976855379 0.9743655514159701
0.7627748745106365 0.9405216689176554 0.9764060315779292
0.7689862683420154 0.9401760760480461 0.9752735690206429
0.7732068692995893 0.9357863824675572 0.9737207265826362
0.7611153495834068 0.946797757908246 0.9761169156329719
0.7606478371226488 0.9401188921973924 0.9764100300765848
0.7621495331460868 0.941263502474238 0.9771193063152784
0.7642761287215205 0.9455121101668702 0.9779045067311452
0.7713130676792913 0.9379998062709792 0.9774686314633212
0.7570315682554003 0.9382741832463829 0.9750480936690875
0.7575089853677316 0.9413935003587538 0.9775481026998606
0.7674682871696298 0.9399529416308858 0.9764957207209414
0.7556124204900995 0.9413514900715668 0.9744577996529653
0.7581015355229459 0.940404849164654 0.9756519806780724
0.7663603543842289 0.9361559710964524 0.9734998478227623
0.7658655741697004 0.9411093669521132 0.9764161956765004
0.7628043385978708 0.9422768577896126 0.9763900445660257
0.7641215457572064 0.9385443974918697 0.976564985258907
0.7583713294637794 0.9441149631149416 0.977290502789938
0.7582433948014073 0.9403160904130968 0.9760995945835079
0.7533988113572111 0.9434503744531604 0.9755968971784166
0.7595172894399033 0.940175420304784 0.9748358416090701
0.7677499297052744 0.9396107934545614 0.9762144731264952
0.7540820963212703 0.943768637189561 0.9764345512050704
0.759008350535776 0.9425132212152042 0.9767580184890596
0.761202234412427 0.9422160623366543 0.9767142332811698
0.7709305482847144 0.9375789875856997 0.9752943038378848
0.756171880955273 0.945793594795327 0.9774424820732873
0.760816047289248 0.9420751844561188 0.9768613367471981
0.7603460463290386 0.9439097741775359 0.9779896153832636
0.7675285131498427 0.9435506128669525 0.976927737876241
0.763771714352497 0.9392407887370382 0.9754589554058607
0.7574156432445653 0.9367025431648232 0.9748856240546501
0.7582814629135912 0.9403151592000852 0.9774201619262473
0.7641900146578924 0.9451978628865976 0.9779469856282351
0.7616246560072535 0.94067638784487 0.9749876168283397
0.7471690135706942 0.947917664532138 0.9763308448769169
0.7724613752050866 0.9393498169339761 0.9784185461579806
0.7574432192045679 0.9437966055921105 0.976754867905941
0.7720999989600767 0.9385877932325861 0.9761881731118236
0.7567096948564008 0.9414475496024769 0.9757844625743457
0.7542058703822627 0.9439473574449794 0.9768712932545863
0.7539244026991091 0.9419933838569676 0.9753681588091309
0.7705469428762862 0.9420676504167901 0.977350738455035
0.7574448345262281 0.942348393554923 0.9785864600726885
0.7628482621053863 0.9432792231520091 0.9767362701692079
0.7630206601861251 0.9413035002757558 0.9773930897218904
0.7655954006996936 0.9344780066248831 0.9736244116524065
0.7576760096084603 0.9405144449209765 0.9761632864892764
0.766732827619505 0.9348870303446245 0.9704901092507926
0.7605488717598552 0.9412408630905044 0.9766360504828482
0.7514692948665712 0.9399343433264793 0.9758314839359806
0.7598386654082263 0.9406124036938885 0.977192338652165
0.7620123344711695 0.9402067067423783 0.9768525357853053
0.7595604321368054 0.9422880951189944 0.9775938814909468
0.7637231829630216 0.9415928173322795 0.9769448687223926
0.7574979104006695 0.9383737040728752 0.9755579808495295
0.7623787535806785 0.9372967111047031 0.9769855615194558
0.759274163974879 0.942736350194436 0.977282653079011
0.7666521723867168 0.9392359649066068 0.9752037016452568
0.7600819197256036 0.9372498467560815 0.9758368500988364
0.7620887530159742 0.9393669550272297 0.9759379960613906
0.7716450330901876 0.9327722676400654 0.976220335170849
0.7616764142353899 0.9430973796989393 0.9750551369390712
0.7682356814463583 0.9424962396193879 0.9749093146317171
0.7776093263393268 0.9367655047871786 0.9740536703475102
0.7566707518718643 0.9424315986418735 0.9770607080937017
0.7619364851111082 0.9405297130254963 0.9758317388047401
0.7588249990548923 0.945295887513042 0.976093739529178
0.7646901655091441 0.9401383979583118 0.9757910807002882
0.7608748398478504 0.9386252415676553 0.9753481106934488
0.7856695284114911 0.9366736522690476 0.9732713501205879
0.755612799637236 0.94217230347084 0.9759257083598627
0.7641457830141223 0.941884563815031 0.9778208333013307
0.7647394406841137 0.9407406405690169 0.9781202127994829
0.748568781985035 0.940868537341108 0.9770480519975507
0.7575560418449847 0.9417182283517191 0.9779025168988454
0.760618390451689 0.9408630038238545 0.9767261178373828
0.7607708255691099 0.9450659016087221 0.9768655713253716
0.7657473617175653 0.9402628304371646 0.9778324453276447
0.7568366761719221 0.9409815766388064 0.9773865524170335
0.7670644300197649 0.9366492457333211 0.9755735569077149
0.7615022826894849 0.9454801556375482 0.9774068422223634
0.7628475959072673 0.9425922341060643 0.9775041305022313
0.7696569951491181 0.9377941010270224 0.9752226704043148
0.760645472213482 0.9392470820671863 0.97704321869514
0.7707728107256543 0.9369400071298555 0.9772564419965567
0.7571834995920197 0.9414151681015703 0.975781685889097
0.7697321258989551 0.9367159979537827 0.9756424406746069
0.767682802480508 0.9393521921104172 0.975458161049584
0.7540952338870714 0.943133449204196 0.9772144555526427
