# full, direct, likely fidelities
0.9926738205573475 0.9968819271794201 0.9990317874876801
0.9926809094747203 0.9969309163612257 0.9988018710667641
0.9924260817894719 0.99618036390652 0.998861057314704
0.9924320032525417 0.9966807329507018 0.9986963229559678
0.992593550307619 0.9966402905766251 0.9986693689893192
0.992566671237094 0.9965773199662288 0.9988255695085003
0.9925587298788522 0.996975690733247 0.9988679563199494
0.9925555029661037 0.9967000718789611 0.9987216164239934
0.9924868915074998 0.9967714977666066 0.9986655685020891
0.9925197020052918 0.9968858198573168 0.9988672652878945
0.9925142518955292 0.9970757817958645 0.998925200829285
0.9925747397947234 0.9963715300528345 0.9986629429113929
0.9925586985588505 0.9967912549160872 0.9988350409339551
0.9924403735596568 0.9966348494839596 0.9986143223323342
0.9925358707349213 0.9967832472645853 0.9988142984437376
0.9924825445320996 0.9965286439386525 0.9989621343522985
0.9925569400292065 0.996874705066132 0.9988340212389601
0.9925935843292516 0.9970166228701686 0.9989690029147203
0.9924489839195602 0.9968980838236029 0.9988607450200708
0.9925400232380448 0.9967855776416273 0.99875742792773
0.9925762893090936 0.9970212851564705 0.9989275643290747
0.9925112245178248 0.9964080164542444 0.9986945521174871
0.99241031202232 0.996515037992416 0.998589058852053
0.9926447154863165 0.997040156041658 0.9988196853323372
0.9923191625772805 0.9966248799381787 0.9986364720168398
0.9925389864495181 0.9969553434046174 0.9990069550154471
0.9925777302589492 0.9966757641234562 0.998773394033828
0.9926634483521004 0.9971333531383184 0.9989066411166034
0.992393679409564 0.9970006268783523 0.998853962215798
0.992584252697082 0.9968550677094284 0.9988176189340787
0.9924616895135416 0.9966142076880361 0.9986753468455165
0.9924556323397489 0.9967323585358047 0.9989461236755875
0.9925106635237819 0.9971082109414853 0.9988545577737562
0.9924259495058936 0.9963187390293722 0.9987802219396712
0.9925406447945425 0.9967913821797131 0.9986282400258815
0.9925787901413663 0.9968430916015849 0.9988931300661524
0.9925774007978168 0.9969942231073378 0.9988176488421826
0.9925286266839048 0.9971414926947894 0.9988623995652007
0.9926083451613116 0.9967709892268746 0.9988182748066085
0.9925307858369511 0.9965558453758296 0.9986157302831075
0.9925655668817451 0.996866375833812 0.9986308464668556
0.9925900447834253 0.9971130851148567 0.9988561756504025
0.992601174965498 0.9966879127820526 0.9987649993282424
0.9925227901195967 0.9967839455491675 0.9985564157095178
0.9924897083559091 0.9969705692070351 0.9989157245026425
0.9925195398603508 0.9967367674308789 0.9987353603376018
0.9924473938897458 0.9968200927558624 0.99888771252101
0.9924249493078096 0.9964110345117534 0.9985976543974714
0.9925847169921244 0.9972301203308396 0.9988401989626406
0.9924120356209432 0.9968902452765306 0.9987756658003409
0.9925262023813328 0.9968307110368502 0.9989247782728056
0.9925875093637723 0.9969473857294886 0.9988409240101662
0.9924978383611558 0.9969688393060329 0.9989786616740612
0.9924730511877081 0.9967347777374514 0.9988885906425767
0.9926124244365716 0.9966971284657322 0.9986961578320989
0.9924092781487631 0.9964600494819883 0.9986400861644386
0.9923965056924583 0.99627188025999 0.998634081823598
0.992428914807941 0.996270303995032 0.9987364306277289
0.9925230271796922 0.9971068870248622 0.9987773018228999
0.9925225604818647 0.9966021793500176 0.9988482761743267
0.9925168926027025 0.9969669816774075 0.9986434892102315
0.9925828523329078 0.9970077911427048 0.9987293632997027
0.9924809548629568 0.9969827017654306 0.9987989570039046
0.9924451721429229 0.9967264437465084 0.9987919164602048
0.9926109525652486 0.9968754393690686 0.9987891431810528
0.9925750370099258 0.9966096701689235 0.9990470712545114
0.9926194304311026 0.9970670715129638 0.9988166834771347
0.9926143315988238 0.9968726210044736 0.9986047521861005
0.9925181843690197 0.9969098919668535 0.9987972832880218
0.9925631511507407 0.9970837700203796 0.9988756872146343
0.9924740846459755 0.9967345258383432 0.9988639676444082
0.9924659056210342 0.9968101034848774 0.9987664975421704
0.9923448106446652 0.9967877641188159 0.9989420523307454
0.9925094883188142 0.9965176233109188 0.9987979156937493
0.9926396491238579 0.9967380190166942 0.9986540930124337
0.992453964119539 0.9967531874646398 0.9988572714817824
0.9925332195980399 0.9970761057680703 0.9987990561597264
0.9925305952769615 0.9968827604672714 0.9990072659729553
0.9924475593235992 0.9962535921224135 0.9987741110015745
0.9924549750733919 0.996971580274362 0.9990408953669221
0.9925891015803858 0.9971495336053009 0.9987032493399361
0.9925304366371664 0.9969523539986508 0.9986707440787097
0.9925119629268372 0.9969809143504108 0.9990399998256057
0.9926087852415764 0.996589191555263 0.9987312607446314
0.9925932705718226 0.9969848074951608 0.9990158302867164
0.9926472714564407 0.9966383090051968 0.998775746423686
0.9925379684921508 0.9969995122884913 0.9987187463608962
0.9921691901014317 0.9958027438077242 0.9987042881976207
0.992644153905519 0.9967766996632597 0.9989103507516496
0.9923464133011133 0.9961471258383165 0.9985887571857455
0.9925740069892306 0.997194347780049 0.9988168713056718
0.9925626035983756 0.9969158823628972 0.9989975271043698
0.9925294137438435 0.9969276739214769 0.9989691131218712
0.9923904732315579 0.9964841757886311 0.998660957747014
0.9925077468117001 0.9971309902193137 0.9988827685944932
0.992539437745761 0.9971515356878797 0.9987559898749355
0.9925649558297133 0.9964226996393933 0.9987609491206021
0.9924443924843175 0.9959505085133281 0.9984975178106181
0.9925717118538795 0.9965960619823425 0.9988407618259888
0.9925160827778933 0.9965663496976785 0.9988797524229491
