# full, direct, likely fidelities
0.9989798420805369 0.9977180703429993 0.9987841384034745
0.9989280441074254 0.9970048409776275 0.9987942191638406
0.9989340485323854 0.9975234815179718 0.9988561812127066
0.9989650140465393 0.996945771009679 0.9989601430235129
0.9989569756635109 0.9974388636522871 0.9989041426653599
0.9989205433494769 0.9977199475840033 0.9988711421244821
0.9989504998980057 0.9975215253360765 0.998780031719665
0.9989275867296423 0.997826021071644 0.9989187189496055
0.9989612293017426 0.9974504612076028 0.9988258380495384
0.9989575698516036 0.9971299267493027 0.9988264803706658
0.9989911976500054 0.9977480232701178 0.9989648668061353
0.9989258322753898 0.9973551036681026 0.9986288994321649
0.9989733129043514 0.9973282754398027 0.9988448856013881
0.9989546943323754 0.9977678658675292 0.9988755705651817
0.9989451620241708 0.9974987930631751 0.9988587929519033
0.998991232881019 0.9975917567642721 0.9988299184905675
0.9989637876752037 0.9973856321941443 0.998882068116607
0.9989677844992514 0.9969027030437358 0.9987278020828929
0.9989352026979812 0.9973973976392906 0.9987854242489613
0.9989145220198695 0.9975474202043895 0.9988025523382446
0.9989370319899158 0.9973733876078129 0.9988949626083327
0.9989741951483632 0.997801567005579 0.9989281061280597
0.9989863187332714 0.9972752065272174 0.9986302446438053
0.9989418531074847 0.9973847218769476 0.9990430903408498
0.9989825118159367 0.9976212965845478 0.9987654576069666
0.9989839822887305 0.9977147154837434 0.99881041048564
0.9989613065909925 0.9973996552955917 0.998819709606313
0.9989613654187118 0.9974154816329718 0.9989100159042934
0.9989832328865675 0.9976295618127071 0.9987805959907106
0.9989729794911542 0.9974939111994229 0.9988536547906877
0.9989886621103609 0.9976527272314587 0.9988020527760234
0.9989395338877426 0.9975569793810362 0.9987760029456708
0.9989157232723878 0.9976714410891906 0.9989203744575134
0.9989120275299872 0.9973507594681573 0.9989790000666602
0.9989491245646522 0.9972346899236179 0.9988961611162667
0.9989529735532241 0.9976358385907571 0.9989089159377381
0.9988922972604808 0.9974715360500684 0.9987402173163777
0.9989953854740776 0.9976693412310566 0.9990243887041045
0.999003715424551 0.9977080991599415 0.9989198465944563
0.9989126078049789 0.9974135939255504 0.9988132343808245
0.9989427288690644 0.9979642849203084 0.9988803325841312
0.9989642355808289 0.9977593838341209 0.9988643332531989
0.9989566133928931 0.9972246211276689 0.9987345580461988
0.9989328961141674 0.9977083588941569 0.9988440156451422
0.9989766393381985 0.9973721130616625 0.9990122483729058
0.9989315069312871 0.9968857959213556 0.9986551508844537
0.9989535267578432 0.9976508177716833 0.9989969893725658
0.9989267080545227 0.9975309769860015 0.9989575929216448
0.9989755798895571 0.9969650661108009 0.9986097530974836
0.9990147018415452 0.9975040182587365 0.998915407360971
0.9989202474667188 0.9972693446575499 0.9990555820605366
0.9989269461868069 0.9973892708696199 0.9988054258077026
0.9989170039248096 0.9975040481452793 0.998727827434231
0.9989560744800404 0.9976709097155643 0.9988753931710788
0.9989167942359378 0.997670309025516 0.9987732377884506
0.9989344214105309 0.9974098405781778 0.9986750113550501
0.9989139424575195 0.9976565655318734 0.9988688423398369
0.9989649675501784 0.997605307977727 0.9990051012446967
0.9989635084845024 0.9976598001464765 0.9989060412485432
0.998941687930387 0.9976417331836283 0.998918578586136
0.998972887613576 0.9971189039212789 0.9986922490635993
0.9989841664282205 0.9972862315880685 0.9986264924427185
0.998956347764643 0.9977054448160008 0.9988945225105766
0.9989353615651697 0.996987342302166 0.9987546945180401
0.9989248085836212 0.9979400915681044 0.9989282463262227
0.9989650101049775 0.9973771078945597 0.9987897036361022
0.9989348643575172 0.9972819379785944 0.9988571709462042
0.9989534915604842 0.9972870171110354 0.998732870101574
0.9989461883322719 0.9973370725823295 0.9987036863519589
0.998913277409477 0.9974799826376471 0.9990574270325674
0.9989793166768631 0.9976978327954877 0.9990443045116182
0.998941405776612 0.9975323518011355 0.9988722695888834
0.9989918094513353 0.9977356836654294 0.9988508799907497
0.9989324056938245 0.9974447680054616 0.9988548350669858
0.9989567752645411 0.9973066939136317 0.9988851277906283
0.9989285161649845 0.9976680476685349 0.9987893805058417
0.9989640283504446 0.997608970042285 0.9987326395573881
0.9989886587047755 0.9974909070976901 0.9989135584581087
0.9989484245543183 0.9979326330508498 0.9990605728780568
0.9989553402521767 0.9975145223908202 0.9988187186016866
0.9989987762851322 0.9976601174512204 0.9989114428519881
0.9989936213234077 0.9973748460402159 0.9988218137797477
0.998918012484695 0.9974180506032871 0.9989612741482772
0.9989598759076684 0.9974464883014583 0.9987906498052248
0.9989340092268747 0.9974603686342401 0.9988374543171669
0.9989121569141335 0.9975087213912912 0.998761984503121
0.9989701643268795 0.9972753087330805 0.9987465192187058
0.9989777729899837 0.9980007120301301 0.9989740031573342
0.9989582426118598 0.9977007301867447 0.9989678519921809
0.9989289184541609 0.997805942618536 0.9989741510878594
0.9989721874895937 0.9978382784801295 0.9989089913057774
0.9989416193565815 0.9975769691891242 0.9989556167247831
0.9989350377371489 0.9974326244731192 0.9987130570471414
0.9989515746728509 0.9976506167970738 0.9989130850787737
0.9989688498049633 0.9975264014800713 0.9988842645346134
0.9989730200424473 0.9974327813264707 0.9987517184893865
0.998935236418607 0.997481161971183 0.9988878000191996
0.9989956762239527 0.9977489956801372 0.9988408967608233
0.9989553520349297 0.9974557446196636 0.998933897205849
0.9989885740420869 0.9973079616974561 0.998909820629372
