# full, direct, likely fidelities
0.9745893420351505 0.9909248317475274 0.9972652047963598
0.9745476080294717 0.9917905893608528 0.9967164632437021
0.9743261788341614 0.9907176716020233 0.9968238047848788
0.9742167882130368 0.9909613166308647 0.9971259226729116
0.9744516461534902 0.9915084975681847 0.9964820778492567
0.9744658828188899 0.9913327433201351 0.9958300586786685
0.9745793410421298 0.9915337718598387 0.9969093396987028
0.9743471129116515 0.9913264319062889 0.996559155670139
0.9741097547582925 0.991472670203923 0.9967533667166585
0.9742324209321335 0.9917658358128929 0.9966437288099419
0.974091675561355 0.9914788838738248 0.9967547406764238
0.9744353490741429 0.9906540463082775 0.9963347187790963
0.9744985476842198 0.9926533222912195 0.9970954839641438
0.9740263221220511 0.9912397995757772 0.9969102449818281
0.9746934402451611 0.989988322418369 0.9967037696183695
0.9742819080022795 0.9907391814490263 0.9969201561041409
0.9745078948064698 0.991797688609999 0.9968002863026746
0.9742744839567908 0.9919485548653567 0.9968165583109428
0.9744844115469665 0.9902947921383318 0.9969548361339066
0.9743137486859883 0.9912012047353217 0.9967512448793429
0.9745662938786914 0.9914473701466973 0.9965465273801232
0.9743459749079146 0.9909586373950261 0.9964907568949705
0.9744648893632688 0.9919376952573922 0.9967712617882122
0.9744324650162729 0.9913219682813457 0.9967874333158907
0.9738824892312902 0.990337236708056 0.9964990682244923
0.9744033744780264 0.9918067977251654 0.9970717173556085
0.974347070545419 0.9908712608861058 0.9964505322556577
0.9746371786233593 0.991942828870743 0.9969142060567264
0.9740309588508801 0.992563450466788 0.9969106302783041
0.9743359814883643 0.9920333839874157 0.9970302342154205
0.9743755543665029 0.991296408272075 0.9965896415000096
0.9745554130347254 0.9909564247504005 0.9971059300609979
0.9743417141161987 0.9923699424511488 0.9973002776126132
0.9743057401759251 0.9906109124692262 0.9967189676280168
0.9743064244142368 0.991615556824213 0.9965079472853405
0.9744035677585159 0.9912161951191355 0.9968994111946727
0.9745120167026246 0.9916439371796348 0.9966979091257935
0.9743222844948782 0.9914016298753134 0.997312073928819
0.9744555838524172 0.991038305986996 0.9969058999517946
0.9743472931801634 0.9911640259432715 0.9970651093962758
0.97422749946343 0.9916589839021582 0.9964131220257328
0.9744115058481124 0.9921717064473231 0.996967993934651
0.9745064595609051 0.9919010315749851 0.9969772535639992
0.9742223860126077 0.9917446929239412 0.9968765374586999
0.9740876349976982 0.9906956938425091 0.9962489040301079
0.9742899817672841 0.9912652509004819 0.9968563384886043
0.974216995169549 0.991810982624692 0.9968077234683077
0.9743654640540723 0.991150484072214 0.9966372606033964
0.9745635153708083 0.9923530983635104 0.9965363082423845
0.97444183494949 0.9919625286160593 0.9970138904098068
0.9743668200810855 0.9912920223490991 0.99653214125626
0.9744804745916048 0.9916200722039752 0.9971501497694322
0.9742398633045852 0.9922349218142348 0.9968759794687978
0.9744254835365077 0.9914273035820119 0.9966781013340278
0.9743615813478836 0.9913001112215464 0.9968760979140476
0.9742473865694046 0.9900356293900378 0.9963896967921686
0.9744650855586547 0.9897152097293045 0.9959470991725345
0.9744970269936865 0.9902918760722602 0.9963546357220908
0.9742549751873913 0.9918871768311078 0.9969399604303141
0.9744151819097645 0.9902255857187864 0.9969556879765671
0.9743834250823822 0.9915652124720085 0.9968729158542957
0.974420839429761 0.990986209366498 0.9966028183252184
0.9743372520867511 0.9920340578300729 0.9968310637704609
0.9745594043730977 0.9896129250961246 0.9967120910366836
0.9747728909019787 0.9910746047264632 0.996476839029566
0.9744765554851287 0.9919340171564643 0.9968540618603426
0.9745988418901089 0.9916893303989284 0.9967961038022931
0.9744789482987828 0.9914848341393391 0.9969040494671176
0.974293565665704 0.991319130316162 0.9967477310599839
0.9745275572423374 0.9918236000340771 0.9969804056762379
0.9742570830814765 0.9900296164388455 0.9968531803177973
0.9744500747964485 0.9909064507560662 0.9967387001041765
0.9744252581435336 0.9922046275585749 0.9968463291227978
0.9742859320463632 0.9902062636363786 0.9962250266025164
0.974474854410339 0.9911538683526483 0.9965244249677917
0.9743266404231768 0.9912061622142124 0.9966481999306518
0.9743717606211034 0.9915388389451506 0.9968907443773329
0.9744740701185379 0.9917445418666694 0.9971747565358549
0.974309898706171 0.9912788459360398 0.9966178533670254
0.974364817846618 0.9914456747119192 0.9965999447290741
0.9742814315750518 0.9919794303714523 0.9969109507420038
0.9742704912483765 0.9912367550713533 0.9967581699269898
0.9744270717489312 0.991445890715239 0.9971347997097733
0.9743605036296262 0.9912423346437668 0.9965026642820198
0.9743687800934718 0.9909997926434186 0.9964107558053965
0.9744040808865877 0.9912917139120535 0.996356327149419
0.9742545572467087 0.9922298797862509 0.9966676015119056
0.9741409487127727 0.9892945679002274 0.9970913020655833
0.9744311553868816 0.991930586030782 0.9965490532866732
0.9744964697288443 0.9896182838139211 0.9966980273496086
0.9743485817697952 0.9920062791646113 0.9967942104269406
0.9747112105184003 0.991705867722363 0.9967014687309426
0.9742687005011845 0.9913967323279105 0.9966324933887752
0.9739655490071272 0.9909849837099874 0.9964341276713577
0.9740350359100107 0.9915637177555927 0.996779586494224
0.9743641457037174 0.9918243645973671 0.99672693062906
0.9742495053223578 0.9909332955742679 0.9966812200171025
0.9744973800451712 0.9902262254475221 0.9967373757467348
0.9744069023110851 0.9910085016874456 0.9967546894830875
0.9743661172779805 0.9902429188659058 0.9967948878039782
