# full, direct, likely fidelities
0.3651057941370925 0.7804766187418645 0.9130894099120531
0.3693402433475061 0.7803053868464801 0.9239709935230348
0.4282766851733665 0.7738811073834846 0.9199535080139669
0.43808310072468093 0.783100674124561 0.9205795689748273
0.3890519739471189 0.7779258883801009 0.9217179114862457
0.3951803065446927 0.7922244532328859 0.9202995624492079
0.3895785015464185 0.7927245498206003 0.916138983255055
0.39913870889808756 0.7711948856811107 0.9156658331143044
0.4087185896337266 0.7703336025304551 0.9224312884248607
0.4038200842190286 0.7987389330277127 0.9221235318653711
0.41871790795658614 0.7886973667488282 0.9273756225104026
0.3939807882086188 0.7734855296785357 0.9181142318518815
0.392871291692027 0.7848761298609694 0.9148401297605941
0.4281293670784956 0.7776166359676805 0.9214276505916236
0.396664979178696 0.7861098701815954 0.9176781354254433
0.40756208788113657 0.7630498491966776 0.91460454906386
0.40257204376969774 0.7848432851235297 0.9245641844041442
0.37846934270394833 0.7924586335958889 0.9246915278788996
0.4096184794384416 0.7808234942451412 0.9173286276913255
0.3870914301952696 0.7771445191007978 0.909426686585307
0.38505319946899763 0.7927300434654161 0.9219743102688608
0.39781657820251376 0.7794711042822409 0.9129922484312712
0.4314430239781174 0.7913735185272643 0.916570935204269
0.37645025575047014 0.7652869514733971 0.920047987272273
0.46496133153652625 0.7881717742455439 0.9195319743681094
0.3949868008201586 0.781939529458973 0.9184547417879803
0.3882586210017526 0.777820114157167 0.9139933574612595
0.3699475792065256 0.8046502471891147 0.9266684877424279
0.43517076101987034 0.7896154945512784 0.9218368735020562
0.3980432052940229 0.7806251701045601 0.9116097794797192
0.4113418716468252 0.7751812144421824 0.9113797679825507
0.41797402245103826 0.7762088861252506 0.9162057880813389
0.40582033057334116 0.7664301087959439 0.9173320525608404
0.43166427406397045 0.7749935443327561 0.9101068810195966
0.3934328608400889 0.7964134183452553 0.9191706095313419
0.3967946322510866 0.7686223810022613 0.9248374822696277
0.39201830803586063 0.7704286854853625 0.9128614215687383
0.3948508288948514 0.7815261469848004 0.9287200345411731
0.38711476962174723 0.7765130212338794 0.911679422669166
0.4003813299930535 0.7820397884868363 0.9177847898837583
0.40112402256210156 0.7998289273433684 0.9207127909538837
0.38521296963742374 0.7890737502230586 0.9195455433601414
0.3849700272601589 0.7677026196956328 0.9213138657252292
0.40445129933835167 0.7774844692958199 0.9137048052289494
0.4220661562042415 0.7790890968595168 0.9207996875276798
0.40297329167736595 0.8011370636003571 0.9174729228149335
0.42650075027385137 0.7682142594975343 0.9209124295693205
0.429185567015265 0.7867532245945288 0.9199974004071283
0.38941464500729595 0.784043175370165 0.9145883907141762
0.42067639026561904 0.7831065847262362 0.9215515059402445
0.4081812668444066 0.7743015342875879 0.9152686632522451
0.3771889224971902 0.7789866287446242 0.9233193347717722
0.39655622287603015 0.7786520509660965 0.9162328163475607
0.4165126909872852 0.7844148671469792 0.9177338800949676
0.38107722102324154 0.7788783386351255 0.9227166073133826
0.43198829647382175 0.7750675742850606 0.9169332103353579
0.4430899752955848 0.7580909496803583 0.9122886920433958
0.4338662725245848 0.7801564390886303 0.9089500983900711
0.404662861914895 0.7803610731584648 0.9273016934580369
0.4023527684917099 0.7616282425239265 0.9141115737483654
0.4066695255349235 0.7877554820238439 0.9180196873466344
0.3916127331803422 0.7809207462167168 0.9182299465616629
0.4084238953191867 0.7817359812497213 0.9155401473208197
0.4115037518296093 0.781671959004353 0.9179466408968461
0.39263568148789557 0.7765686402350463 0.9137213593120123
0.3867333131015464 0.7721924237609903 0.9110951824427594
0.3702418376065393 0.7898794012420839 0.9197468558757355
0.38561871289633876 0.7846641944528611 0.9148737679860101
0.40540600216396305 0.7809367227410301 0.9203054237197058
0.39499747769740423 0.7804380702537573 0.9262580249149591
0.4118681634966251 0.7673445621038877 0.921878407898827
0.4312817618490137 0.7729771668350801 0.9185460968779898
0.46195033969170807 0.7902922752535387 0.9138170352417537
0.41005106689987186 0.7870154067369695 0.9138477343297745
0.3698537448619966 0.7932358059200383 0.9246155000256382
0.4159542129148264 0.7844556970516774 0.9093364812729638
0.39455882817595644 0.7853829594674838 0.9230272151237423
0.392054334095159 0.769567804475935 0.9220494919413169
0.4253353484752487 0.7845665987848414 0.9074268909790844
0.4189609337719586 0.787943489087779 0.9281636219297238
0.39247019011943257 0.7843906832663546 0.9314584431896208
0.403984450299555 0.7925243464218237 0.9131758026582927
0.404098023746567 0.7786219343520194 0.9163141246153003
0.38146128342864255 0.773809306313389 0.9202727986703838
0.3814003714333785 0.7885947983266499 0.9267109893478368
0.38824192857692 0.7983482445692567 0.9206333577682032
0.4071194052709987 0.7857916063305471 0.9269539801363738
0.4972690694654383 0.7435812650309788 0.9151545294787075
0.3836870124824867 0.7951879776150103 0.9178611791127952
0.4543855151263329 0.7680094082978279 0.9029771239905247
0.3999117192721935 0.7948076353241217 0.9193728464435523
0.4089490075359112 0.7809911142400957 0.9236997744623077
0.3987779723322524 0.7814202494904366 0.919124420657712
0.44007305581769335 0.7762088855142996 0.9233612372296622
0.4104815226180151 0.787613893288346 0.9197435716028184
0.40569356644117865 0.7822480048194429 0.9191751048118939
0.39563492730031735 0.7844170916985008 0.9227987072468609
0.4214552420135427 0.7656901726068582 0.9129799356314989
0.3902881048682146 0.7792894456760795 0.9149874228232633
0.4159464074771242 0.7619946839713821 0.9256300034672541
