# full, direct, likely fidelities
0.9141305391388742 0.9842328615826319 0.9923534710628539
0.9143011866294865 0.9846014066809272 0.9924770604515082
0.9135672353708163 0.9837669103638399 0.992710938809868
0.9143406613379768 0.9829899179345636 0.9926598745142535
0.9133892708695281 0.9838665730164512 0.9925502944608262
0.914128629779158 0.9841442377731081 0.9925259255153308
0.9138209829021237 0.9843594978814326 0.9930169000850543
0.9135919786722574 0.9839236062779854 0.9925897272056093
0.9134451597372764 0.9843533221986847 0.9929993802127838
0.9139630209742793 0.98506750993287 0.9928462583762603
0.9139681109011291 0.9842907573629873 0.9926646895104883
0.9137546388482102 0.9843829450292051 0.9928319067645597
0.9141475878947436 0.9838813012089932 0.9925920499895807
0.9139210744587961 0.984031073468201 0.9925915861020875
0.9135653006291353 0.9845642586489425 0.9929246891023373
0.9137903940914522 0.9849606922789848 0.9927360395843766
0.9135605629705643 0.9842451444238525 0.9927003848795284
0.9145595054366323 0.9840884615319682 0.9925651646023781
0.9137443548143821 0.9835751852576177 0.9926711879341943
0.913188007223009 0.9844294255867957 0.992701134847477
0.913404233941557 0.9844679174969081 0.992914333506594
0.9139836906393087 0.9837857979762806 0.9927625361460615
0.9136787175302573 0.9844121681831371 0.9925986955609338
0.9143628751631876 0.9843439868299809 0.9927685413688166
0.9137322279146851 0.9853716352079674 0.9929037204452813
0.9138448017157654 0.9845084546029215 0.9926897530039462
0.9136027792953142 0.9847559281997972 0.9926586169190729
0.9139685685771631 0.9837442359286861 0.9925977737367856
0.9139607005213449 0.9840623278948937 0.9928095774618431
0.9135079157288721 0.9849731979048384 0.9928200927810766
0.9135285339652287 0.9841905701812834 0.9926081541658593
0.9133544936784637 0.9844907559431891 0.9930141955375225
0.9134726090840155 0.9841441372621853 0.9927353694909049
0.9133968830566953 0.984980170721633 0.9929908022390728
0.9136816186080285 0.9844353565194921 0.992895248622476
0.913808829589366 0.9844671647795625 0.9925552261764609
0.9140820126114919 0.9840085546962558 0.9927551123243883
0.9134252976947618 0.9842713099138691 0.9929337446181179
0.9145223552712818 0.9834856279900788 0.9924398254680531
0.9136195557831602 0.9844610713620436 0.9930571910745063
0.9134838525160551 0.9840883222237675 0.9923798557498842
0.9132578002014049 0.9844355051706988 0.9926915859812527
0.9126472448444295 0.9849130115687559 0.9926105668751144
0.9138471529830571 0.9842907408389342 0.9926250705712483
0.9132611780338404 0.9848421363051274 0.9926371825818601
0.9134999459590936 0.9846764396623519 0.9930827096618866
0.9137427106689301 0.9844924105556562 0.9928702801108732
0.9132634325493874 0.984995147679348 0.9929355963699358
0.9134376499948484 0.984931536882823 0.992901751232571
0.913950851192504 0.9843466400692183 0.992687801234712
0.9136771440752274 0.9847079188169903 0.9928735172319753
0.913599819989022 0.984324109602705 0.992735575571103
0.9137494213539308 0.9838479298009587 0.9922689172782854
0.9140732861747202 0.9845011481132947 0.9926777739167681
0.9136106920669764 0.9845301585204218 0.9928947560136707
0.9142237216053896 0.9841366110578673 0.9927432229922059
0.9137631595454836 0.9847294200909709 0.9928067715401951
0.9135611228587027 0.9842981104762665 0.9925453002629631
0.9131051931571442 0.9845211798729615 0.9924872454512521
0.913668244405514 0.9842128575747636 0.992648387553985
0.9137698189917218 0.9837247649435648 0.9927705089924871
0.9131874774354662 0.9851178430771302 0.9929644283896373
0.9132834171842062 0.9845066682891954 0.9928255384277715
0.9138647002874205 0.9845639347054284 0.9928122731413556
0.9139997198683509 0.9845705927444115 0.9928016379954185
0.9137842953043109 0.9847366570007512 0.9924896986773066
0.9139861492625787 0.9835406554169192 0.9927275828771843
0.9142056731690898 0.9843548552688821 0.9929499434553813
0.91335119395517 0.9847413978967455 0.9927670629934234
0.9136604995889621 0.9847849882115306 0.9928853846998897
0.9137459167626035 0.9837833002566646 0.9924032713586635
0.9143706252802621 0.9843602618546469 0.9926760567948553
0.9137176615798289 0.9842050663730603 0.9926285594871971
0.9143791147453589 0.9838590468908534 0.9928426856081752
0.9136203566244121 0.9846869325999755 0.9927745741067462
0.9134467207893961 0.9849686027132465 0.9929930814010193
0.9133421885499695 0.9841301044311828 0.9926171526733205
0.9136557318439206 0.9850250460638326 0.9927609130786317
0.9135053876564279 0.9848568532823825 0.9930267820026103
0.9136859505753082 0.9840988951201156 0.9928484564058588
0.9135028863622785 0.9851141517835462 0.9929457661126803
0.9134075545265249 0.9846759134597901 0.9928578737630771
0.9141985490121953 0.98385551959388 0.9926984876053178
0.9136433721901172 0.9845375545628868 0.9924840361815632
0.9143122033883931 0.9840051845932268 0.9929715667215104
0.9137149883621746 0.9841236580399642 0.9926694166876154
0.9138723686386905 0.9843845086049794 0.9923518788933168
0.9135002526439091 0.9838123405669646 0.9921910607501023
0.9141700989649887 0.984251185955743 0.9925008749462401
0.9136546693740633 0.983980150849241 0.9925447976286825
0.9131850568070526 0.984448538495313 0.9925107406151611
0.9138640329981447 0.9847042909966073 0.9925844926288353
0.9142281881227122 0.9843066722256613 0.9925704984900059
0.9139167718560357 0.9843267678129612 0.9925646954993408
0.9135035515964954 0.9842193409699294 0.99270778096142
0.913951470199642 0.9846185522785298 0.9928080023467596
0.9133951432736735 0.9847544989809492 0.9926322207931619
0.9129963736452712 0.98455471021984 0.9930094782560769
0.9139055760969393 0.9846861240362625 0.9926088382651136
0.912835575370911 0.9848575761981634 0.9927152087783703
