# full, direct, likely fidelities
0.9748076409228653 0.9912077466928494 0.9966495216291504
0.9744595159567778 0.9915271800223902 0.9967807965626786
0.9745360704887686 0.9908858199159282 0.9964852329869025
0.9745470690546691 0.9917533079497974 0.9967026757620114
0.9744652258957411 0.9917917687297536 0.9967217804019809
0.9745006271370993 0.990282956102095 0.9966395414462658
0.9746978740160779 0.9919064623469909 0.9965065096325542
0.9746548327152057 0.9915789482589712 0.9964492619926347
0.9748303724808586 0.9913108747215861 0.9968355522990873
0.974323277248228 0.990992329281347 0.9964889681817851
0.9746454011001234 0.9917007950521101 0.9965064369076043
0.9744953143804532 0.9923117423806709 0.9970118954967283
0.9744197813959152 0.9915808650673216 0.9967580143175097
0.974580973450316 0.9921428029847625 0.9965787311845801
0.9746178905596853 0.9914196580777079 0.9966082121647595
0.974495313682358 0.9921476571616591 0.9962893189651372
0.9744475792841779 0.9917586395378565 0.9963027637057867
0.974381034232883 0.9907039565377821 0.99656133837139
0.9747473576382903 0.9912153772192253 0.9965274050932728
0.9746068835773397 0.9917462505206333 0.9966186078752969
0.9745007427826013 0.9915759429660373 0.9965476671845359
0.9746414491911147 0.9919596242409252 0.9966263923483548
0.9746407629859023 0.9908475303778924 0.9964760553357506
0.9744494754434894 0.990436277991343 0.9965965801680791
0.974571452894727 0.9902968606130745 0.9965394937557203
0.9744949862225003 0.9913815240863048 0.9966016780028667
0.9744012278325012 0.9909374808704686 0.9965667692737648
0.9746209598288235 0.9918615377053577 0.9968005295089022
0.9747812955893482 0.9918717127463003 0.9965412204041446
0.9747886373224255 0.9917808385962528 0.9968696597313963
0.9747188908082394 0.9912684339845745 0.9964609790344
0.9742185915371577 0.990861068183868 0.9967406310704747
0.9749777813282814 0.9922407100440005 0.9968219563743947
0.9745265475632984 0.9915412333690014 0.9966738367337914
0.9745881745861009 0.9908165815162773 0.9966055652312469
0.9741947704224178 0.9901290631279818 0.9962030398366549
0.9745344231237649 0.9918162159190753 0.9965284718071689
0.9746096013195846 0.991830156654639 0.9966685025227074
0.9746401594297155 0.9918061103027274 0.9966124121868778
0.9744593412347021 0.9915567274284491 0.9966408136901234
0.9745799909375503 0.9903554469219072 0.9966254005875874
0.9745397292656182 0.9912279610147471 0.99632511945817
0.9745414749152012 0.9911209416283735 0.9964669805465106
0.9746043509368076 0.9913546039391723 0.9967099842248923
0.9744874412697203 0.9915556414672174 0.9969936769940287
0.9751012336118821 0.9923057208929493 0.9966858928226353
0.9745857986287991 0.9907805474506669 0.9968122237277307
0.9746108984956988 0.9918770193296516 0.9964508756946797
0.9745376481514282 0.9912716194569271 0.9964562983208423
0.974583041742739 0.991316179258049 0.9963776826501831
0.9748685219294012 0.991719523120451 0.9965582043597864
0.9746943668579273 0.9918195507713755 0.9965235063303495
0.9745968099094763 0.9910304758932499 0.9965495577610154
0.9746136356530702 0.991635657022648 0.9967010659801581
0.9747124393614675 0.9914810491810652 0.9964625662938973
0.9744962181131939 0.9916904660524507 0.9968278335761867
0.9743487701787271 0.99111703385421 0.9963199306656609
0.9745679931713399 0.9910665525435178 0.9967082609289316
0.9747959816731864 0.9893414264343843 0.9966338915747393
0.9747753740924208 0.9916780755061273 0.996483789262813
0.9749577393189692 0.9919902678681259 0.9965867878807488
0.9746262947274831 0.9912836689873573 0.9967990829403223
0.9747388542111806 0.9917825536236669 0.9968380902142754
0.9745843331555776 0.9915075905693409 0.9968613249505021
0.9746263228457275 0.991609826309774 0.9967567516034028
0.9746009843031015 0.9914308377606565 0.9964223656400566
0.9745010037956865 0.9905478142614365 0.9962051951598192
0.9746558179223792 0.9906506025067024 0.9963401975092578
0.9747156868972295 0.9910676002557388 0.9966337931034843
0.9745507355572333 0.9909346037052534 0.996516405363419
0.9746337619268691 0.9908534178015036 0.9964284922262158
0.9744013221602552 0.9910366460346003 0.9962928124999224
0.9745455860992072 0.9914923099026249 0.9965243219802784
0.9744723948665095 0.9918720013609368 0.9966696753451987
0.9744163197244384 0.990453492402282 0.9964779354011178
0.974774846296654 0.9917811879223777 0.9965515651709177
0.9745453172929552 0.9920175095310201 0.9968296675627021
0.9746939858198442 0.9916943443625988 0.9968170059902209
0.9746175051209872 0.991362045664966 0.9967247292412453
0.9746502128077728 0.9908049715651192 0.9965178631361032
0.9742413171751997 0.9893802412209782 0.9957836455311179
0.9748098294528165 0.9912129406756435 0.9965406840907681
0.9745406996764157 0.9910747452240937 0.9964718761524061
0.9744236742649133 0.9909221937951701 0.9966661186743847
0.9747154608612033 0.9915140760392608 0.9965997147813103
0.9746817816434613 0.9916006084327378 0.9968811180674397
0.9744623390460796 0.9919497049980341 0.9965227396499169
0.9747537874085849 0.9914900325165589 0.9965908371456722
0.9745278608617833 0.9917046351582167 0.9965627494437821
0.974835814617609 0.9913660345494874 0.9964438085493633
0.9745109561280209 0.9903500743479703 0.9965430895557977
0.9745932246299296 0.9914629644212872 0.9967650503927034
0.974622176578301 0.9918394362204677 0.9968851971945504
0.9744936116319455 0.9914817091380386 0.9962938597203752
0.9746078617166591 0.9912617720325565 0.9966279726295809
0.9741756571252645 0.9912739790034752 0.9963446228738347
0.9746800628437199 0.9908483614671295 0.9964699825417419
0.9743934230963173 0.991400643928148 0.9966604669489784
0.9743933804863489 0.9913936419608247 0.9964010706641634
0.9748545066811596 0.9917659571112225 0.9966434374402879
