# full, direct, likely fidelities
0.3381856322613334 0.8413357871255706 0.9260407921561614
0.33752123868732253 0.8417841985865039 0.922835442266808
0.3348883534735727 0.8432926874380121 0.9253556098699571
0.34937471837445677 0.8396901073466364 0.9234319090078259
0.33368798731439225 0.8466386297765657 0.9232413909821199
0.3371249123735649 0.8390075808582022 0.9220836433700759
0.3248602143980719 0.8441297516541797 0.9238942890705002
0.33443973779310354 0.8397553805377144 0.9243011427988379
0.32792532165314003 0.8455963196327627 0.9253620565654896
0.3345631556705526 0.8376365338467063 0.9234405314053677
0.3283788108925934 0.8403021528051754 0.9227296642115745
0.32682835084480755 0.8421663982024995 0.9234927675980288
0.3292486371622727 0.8400383163028672 0.9196624888265489
0.3327362481766024 0.8420642304235267 0.9218752858107514
0.3165320481208103 0.8419745233428185 0.9238070873398293
0.31929786732425414 0.8497970962549759 0.9271617373580676
0.33268365370019076 0.8416861604262992 0.9256238957371528
0.3427863676019695 0.8463549794792943 0.9244545126137749
0.329636745063492 0.8392223825127857 0.9217196490825509
0.3201180383621756 0.8433716642208935 0.9263985188113648
0.32052719991223433 0.8435011496428696 0.9238869696968569
0.3329879516052278 0.8402274178960284 0.9243400324871852
0.31705206863139196 0.839935717681565 0.9232499547206688
0.3356949477962905 0.8372901075222156 0.9208227073795583
0.32128985852452446 0.8441230542482389 0.9252244125553597
0.32639483497201777 0.837499876579891 0.9223886807068575
0.32439328536432815 0.841971064767288 0.9238336524111338
0.336145810113288 0.8391749764801194 0.9207183948943688
0.3385336122293258 0.8440196488906668 0.9266708106616606
0.317130745441774 0.8452940792707545 0.9261968518956862
0.33432710611076866 0.8383531222157501 0.9239172169156825
0.31863781215935566 0.8419676182500297 0.9238403126896938
0.33063576871083017 0.8356011943549353 0.9244753591894059
0.32407233156751464 0.8408849704241832 0.9237734800630586
0.3276848544582604 0.8448506769653796 0.9265100843303635
0.3190917190888088 0.8388105913813239 0.9237438004806239
0.33407769216218064 0.8362560459941862 0.9245769715959863
0.3277503309648267 0.8380047344471987 0.9238842474494919
0.347802423584816 0.8393377926186325 0.9232701164011703
0.3251558005632656 0.8438166416702261 0.9275542296649476
0.3294231287952983 0.8445695889908144 0.9260879489966393
0.31756298618430123 0.8410218778072276 0.9250703677024205
0.3138017483167846 0.8410097254759048 0.9262392665052819
0.3286053671548517 0.8426738502340627 0.921828981652932
0.32690142924601107 0.8437875687149344 0.9236097437907416
0.32314589282373324 0.843397095901681 0.9246960265913087
0.3282711687872662 0.8416644065157323 0.9258263229008113
0.3205681105853972 0.8429316701836174 0.9231142470123765
0.3160464012836963 0.8450895517385919 0.9253608158168711
0.3185610064743182 0.8430643110835587 0.9258557530774417
0.3278660513981313 0.8426509708093343 0.9241567671418798
0.33216403023815483 0.8414395037210857 0.9248809614954513
0.3341030822603364 0.8456926456309625 0.9227730969396134
0.33077565990378993 0.8429976963674752 0.921539886463445
0.32163162173543725 0.8392445270589867 0.9212028309642909
0.3344173882515028 0.8412541262708598 0.9244256911276559
0.33208191420804783 0.8410319564468668 0.9241255871339834
0.32558853871964494 0.8441240874530205 0.9265518436847894
0.33254643009680634 0.8382505649192578 0.9234640635228916
0.3301924289702596 0.8436249450041117 0.9250604649879528
0.3304096444982452 0.844180428086124 0.9238762747823495
0.31750836007811056 0.842200951373416 0.9255918189565903
0.3249792488941614 0.8401390605216837 0.9247816196339728
0.32343994204735804 0.8417548052155092 0.9257178796745715
0.3219028103834906 0.8404228663354689 0.9252660322872688
0.3180967904862178 0.8445269283315187 0.9249522896171787
0.3362261655679899 0.8448194660249091 0.9254749883687706
0.3461614004409542 0.8357673815660583 0.9220764158261574
0.3160836358904677 0.8417855917621127 0.924413059776015
0.3303785123366535 0.8413330511514235 0.9248967360877598
0.3354951553007847 0.8369878251565176 0.9226207061513129
0.33284410115034563 0.843247324362068 0.9272441727873943
0.3327359546402058 0.8420239911821502 0.9243897735093642
0.3395836507607573 0.8352093928722504 0.9215125883881955
0.32461640667592856 0.8447305000572094 0.9271005693243168
0.32141005767430136 0.8425059093911044 0.9255948451881664
0.33212796984065146 0.840304095175066 0.9225649959599345
0.31709616357922726 0.8404344170308743 0.9242928190504335
0.31433490789897134 0.8419257659180884 0.923159356320422
0.3318608145013846 0.8367938878673385 0.9205819909175996
0.32639170104290915 0.8454430466379779 0.9220687152758688
0.3193083996352362 0.8437858414917873 0.9253848882167797
0.33514572509321494 0.8428613548865275 0.9228870416888767
0.3271680257670743 0.8419900662818761 0.9254434559296179
0.33038516094071235 0.8421900163833761 0.9255049216520485
0.3385659219445649 0.8381386546955066 0.9223388559124627
0.3342007607723936 0.842217671963302 0.9245471849087682
0.3357628794530093 0.8420804044470007 0.9227083883953103
0.33913111506429733 0.8408456233070405 0.9230318599717586
0.3295939523378597 0.8422681419537803 0.9268916955394026
0.3172397215111809 0.8400870204818485 0.9242899800012577
0.32056033275429313 0.8406667537786745 0.9231547003046119
0.32896548744416565 0.8410220327208847 0.9238748600098875
0.3268138919314531 0.8410196012054909 0.9251591905910961
0.3383319042237723 0.8459369020922302 0.9240110498721472
0.3215913691830564 0.8426950583509185 0.9235585437628188
0.3223657023966501 0.8405882978538977 0.9246468740514473
0.31717792107912457 0.8430878718653931 0.9256660588874728
0.3186528297612285 0.8447739964925929 0.9247130439762469
0.3170948747004973 0.8414335726338064 0.925892940205976
