# full, direct, likely fidelities
0.9965758435765522 0.9935344113003758 0.9967988967233395
0.996556030797686 0.9919759490214047 0.9967792184469594
0.9965898139581417 0.9930523174419519 0.9969784494556523
0.9965599930935388 0.9922624223602005 0.9966202043789987
0.9965902882513638 0.9928923124768789 0.9966631983394059
0.9965502029490804 0.991442438640862 0.996969670222099
0.9966272369947257 0.9934050113514559 0.9969508320136264
0.9966498578430503 0.9934372779291013 0.9968516164930629
0.9966976183214131 0.9924435442043497 0.9969225381236655
0.9966822652824574 0.9928058804376287 0.9969489748326102
0.9965640943506859 0.9928614137657186 0.9968357298582013
0.996560264846502 0.9928102463168877 0.9958942663237523
0.9966641097551481 0.9931485225063166 0.9968474482745855
0.9965753175536537 0.9928534188444381 0.9970154951554836
0.9965378789152343 0.9933024986651321 0.9963379776375052
0.9964721132120552 0.9929749425988827 0.996904471731536
0.9966490556634118 0.9929137616097858 0.9967345660210969
0.9965272931291054 0.9930892020657799 0.9968277031063858
0.9964760054194444 0.992756466259936 0.9966063194147783
0.9965067127391586 0.9924702956046033 0.996480112132775
0.9964760219188286 0.9934741231917834 0.9966155685174343
0.9966456976724144 0.9936668615511713 0.9971781257584637
0.9966092960596519 0.9926529402529495 0.9970134211412589
0.9966672740671135 0.992926718546001 0.997029632710957
0.996527539694979 0.9937577442498194 0.9968977920607306
0.9966046539104371 0.9932119451583671 0.9968206576248835
0.9966291015859668 0.9933134765061699 0.996875538112599
0.9966611795153492 0.9929380272421856 0.9972496761217188
0.9966645410095303 0.9932363481593709 0.9968662358610428
0.9966779445212337 0.9928242786941263 0.9964773210562089
0.9964268792299141 0.9928344898053275 0.9964263245843457
0.9964710281280382 0.9930590192438951 0.996882782441969
0.9965467579446177 0.9932628474929048 0.9968997544902891
0.9965953967753931 0.9932880175942252 0.9967367594223199
0.9965316652350072 0.9926542755052583 0.9967095440096994
0.9965121202422416 0.9940398842348539 0.9971695501061548
0.9964725321657767 0.9928744227189108 0.9967619485437136
0.9963877616847963 0.9928350662660557 0.9972348725512222
0.9966378861738984 0.9926909738419419 0.9968131727735503
0.9966478850195793 0.9923608951425601 0.996941162780728
0.9966986375856498 0.9932506610365804 0.9970238377936936
0.9965224018434624 0.9932255648651358 0.9969714051882739
0.9964781921707973 0.9929408714233039 0.9965701502681334
0.9964148005425241 0.9941668054054127 0.996743456934464
0.9965469559138399 0.9928909290930945 0.9969210572288877
0.9965186849753074 0.9920798225371348 0.9963119220463302
0.9965072188829271 0.9932185100470825 0.9967364780822087
0.9964592472605938 0.9927989155048681 0.9968119562900898
0.9966277011865899 0.993679493073426 0.997125615597343
0.996595382804882 0.9923991596244099 0.9968697312900484
0.9966763997705523 0.9929109118481102 0.9966933538729253
0.9965353361152197 0.9937471643429833 0.9971949840249168
0.9965859592065537 0.992414071393835 0.9965714832349295
0.9966153393455652 0.9933075005950895 0.9970216549275356
0.996653515582275 0.9930255576826407 0.9967236876433851
0.9965033096364346 0.9930589887026334 0.9969887249965486
0.9965723158773422 0.9926779484877943 0.9972334236629081
0.9966849230685528 0.9926831747472544 0.9963972129573732
0.9967042673041385 0.993450884290033 0.9969124057598989
0.9965629580695234 0.9937424834962896 0.9971946327004243
0.9964407120882917 0.9923066570777664 0.9968497526391297
0.9965949208874998 0.9929138649408937 0.9970434994277443
0.99656572729965 0.9938488381361196 0.9965835344724865
0.9964469820946337 0.9927192941970814 0.9965899970734521
0.9965405887903048 0.9930432139792643 0.9968537311575356
0.996660864725432 0.9933397190219951 0.9966781208048788
0.9965081252046999 0.9922047072321752 0.9968012331689231
0.9964838984443073 0.9926707791649653 0.9964228384641205
0.9966117918973846 0.9941258649301741 0.9969841868910427
0.9966287053394631 0.9931728537632708 0.9967020178949746
0.996623530655319 0.9931304741157463 0.9970321649044559
0.996555191125318 0.9923056893001233 0.9971473281812884
0.996680965155978 0.9937745552826589 0.9969526586827177
0.9966999699081373 0.9936684612528903 0.9969731266424767
0.9967074195917712 0.9935529544871959 0.9970503798024138
0.9965238395689242 0.9936931514896374 0.9967644133537072
0.9967126271199287 0.9924484297925986 0.9965324358433197
0.996430549708188 0.9938334223642754 0.9969053130556819
0.9964632111819902 0.9909819844775601 0.9969210919472324
0.9964969935793017 0.992877604602524 0.9964266666288255
0.9965710567221294 0.9934471988639019 0.9967312091944727
0.9965203569353097 0.9928910466639986 0.9964314279548819
0.9965438625701781 0.9930764080480491 0.9970735217994626
0.9965397269884555 0.9927130515356363 0.9965000412022891
0.9963820893718542 0.9924175046400217 0.996355459075723
0.9965014681374814 0.9935691305505726 0.9974616549436139
0.9966522645881575 0.9923933043778553 0.9970281857789531
0.9967714128118411 0.9933217419561947 0.9970793972692243
0.9966190474099952 0.9923507745676609 0.9963202850737052
0.9964864392193502 0.993137394056782 0.9970693560299739
0.9966829225623597 0.9928929972106249 0.9968211739020011
0.9966533648519935 0.993686418420016 0.9973088184321127
0.9966112594816116 0.9937289802869749 0.9969167524360277
0.9965642796709121 0.9931997448131451 0.9969214193280123
0.9964929933878998 0.992574792584978 0.9969487385245961
0.9965917102677879 0.9933913710169571 0.996962861131989
0.996507820868642 0.9930600446874398 0.9968373068803227
0.9965793998777572 0.9923429149321558 0.9967139102823892
0.9966726218102326 0.9929839994263531 0.997060202029698
0.9967181152462028 0.993688000059697 0.99730035558288
