# full, direct, likely fidelities
0.9879840997959725 0.9579230128725595 0.9782193414364507
0.9883327713272919 0.9474561645608971 0.9807956580288983
0.9885500294903662 0.9468621070666969 0.979775413713055
0.9878891969699495 0.9470708389416603 0.9795304829958257
0.9878842257496498 0.9538896927184716 0.9839860716624884
0.988276821069133 0.9578350462903682 0.982966059386436
0.988409500147224 0.9453467920548243 0.9777709680826713
0.9880391815841477 0.9447160769655982 0.9773202692413403
0.9885089987539757 0.9514303013510272 0.9819302961828378
0.9890159438765933 0.9511235119784353 0.9811417409025229
0.98812963067896 0.9567602441332482 0.9840068618839605
0.9878101471581224 0.9589089445519374 0.9830121200305122
0.9882288206697938 0.9583103471558315 0.9805508362728867
0.9879004528837582 0.9520255212660881 0.9799931959373697
0.9881121830932906 0.9509256152633945 0.9806334533867339
0.9881434088084923 0.9514893485339431 0.9807781694019486
0.9881351229703056 0.9573396113739884 0.9837973806266215
0.9880813706889152 0.961747592195166 0.9825245397175855
0.9876312822455073 0.9526807060824579 0.982334276817397
0.9879262005532277 0.9512874550325797 0.9839610092961609
0.9881274421371087 0.9540516228454763 0.9810864189379909
0.9883881227677904 0.9574178337374841 0.9818970940525675
0.987450375788705 0.9510886083348103 0.9817269571622773
0.9888867128214477 0.9544507979928182 0.9817481098913217
0.9882018872698769 0.9596138433398431 0.9819290544772092
0.9876958157332366 0.9544833399790605 0.9831434037141558
0.9883895676663178 0.9450324881710325 0.9810868814958349
0.9887719860525223 0.9483990612408546 0.9811580906739794
0.9879434922694952 0.9564630100382521 0.9808998547772901
0.9885268303823552 0.9563249245929387 0.9804766381103329
0.9877026547155338 0.9532838175422407 0.9803531253735663
0.9881046850793892 0.9488020342476363 0.9794424179460361
0.9884350975165676 0.9582616294731598 0.9812725528948206
0.9879380466638921 0.9510473150899569 0.9824382532140877
0.9888134300523123 0.9594001589622722 0.9818038355637301
0.9877250043472798 0.9443803202975933 0.9808349715120225
0.9882273332324052 0.9544602315581715 0.981995813028333
0.9881205216785819 0.9481232862906573 0.9818514836441014
0.9882172598387152 0.952798751066429 0.9782028662790538
0.988326858884541 0.9525011161143311 0.9835389774981207
0.9881349031911915 0.9503546544963818 0.9800285298696112
0.9879920725632242 0.9475041233182481 0.9811855354218572
0.9879277308317641 0.9579334492007723 0.982081390015674
0.9882603651645896 0.9590031693480442 0.9797720058704502
0.9876594022664488 0.9565607786023189 0.9806422141939947
0.9883299185547998 0.9465313336544918 0.981902167425941
0.9874802791492704 0.9550550214426862 0.9855861000891096
0.9884703495314459 0.9582643392331784 0.9812497147351698
0.9882259868122194 0.9535010665436883 0.9837805654384815
0.988127206591637 0.9534916489176294 0.9797906545449871
0.9879508444916001 0.9595571605343562 0.9834830539297753
0.9877302008530359 0.9565827533409744 0.9796784659441196
0.9886686521932215 0.9524157553701557 0.9774443515969241
0.9886587722576672 0.9496217909492601 0.9782810450830942
0.9878373963921606 0.9547471401058587 0.9807098767658444
0.9882513011760686 0.9542697201773016 0.9825076575894292
0.9877899193532215 0.9534673698038627 0.9837407670432884
0.9880848637167768 0.9416314034760335 0.9820547880357767
0.988110033891342 0.9539041187220446 0.9817792395662428
0.9883699600324962 0.9556628676612207 0.9811829959874397
0.9885781917205649 0.9590501694023729 0.9817943440664783
0.9879955014785037 0.9595081853904046 0.9814119401470379
0.9877120032968517 0.9536985223878237 0.9867304018195597
0.9883044539765413 0.9591272819665383 0.9821991796701299
0.9887898321688359 0.9545136128412327 0.9813363199516821
0.9880621982306937 0.948328501162037 0.9811317144130187
0.9882945420865414 0.9564567404920372 0.9857524932988976
0.9885757727790901 0.9587712180794734 0.9826250935693948
0.9879124650501143 0.9506120571761636 0.9789366131369333
0.9883534221984362 0.9503620116889278 0.9802098235463627
0.9876294854193457 0.9486075771465757 0.9800771753387466
0.988341910871955 0.9502466405308415 0.9836718947152421
0.9876011259312744 0.9419687419548193 0.9773168780233555
0.9878416332799965 0.94844649721875 0.9797612903918523
0.9880287938513694 0.952194054691875 0.9802015569791702
0.9878456220083452 0.9605813311188864 0.9816505330145427
0.9880603734845026 0.9567238045422936 0.9794241651130681
0.9881584309487955 0.9466692529127615 0.9804790302221857
0.9889250599008449 0.9523267224829011 0.9824710705710001
0.9879497940170672 0.9467792457123233 0.9795154202079703
0.9876302806101972 0.949747338733532 0.9787139157063007
0.9885664206518223 0.9536026184115011 0.9807917408682854
0.9873792731817523 0.943072657445776 0.9813564113208001
0.9876291547826863 0.9540518112354253 0.9819924116893384
0.9882152121285059 0.9577038791389592 0.9810966857734121
0.9881964895626687 0.9594311512630225 0.9830280380292044
0.9882142677742404 0.9577402052476519 0.9823936913676771
0.9889132139508611 0.9466310298439857 0.9824137579180322
0.9880018478600755 0.943510390855295 0.9814295714874508
0.9881177588581956 0.9560031341216709 0.982788577921362
0.9882347917907652 0.9549973131036763 0.9833214160835705
0.9879160146603072 0.9502635772465755 0.9813487689597328
0.98814026044789 0.9548026981423877 0.9853748641118502
0.9881979674969297 0.9520233861801373 0.9812309570255862
0.9882870863793217 0.9520919840126663 0.9798152651393571
0.9884869990922382 0.9570282141611013 0.9802782748416923
0.9885768707810195 0.9460640204891582 0.9829115573036293
0.9883746141453597 0.9458940328461375 0.9823374398468548
0.9880660995058445 0.9495429239673505 0.9771991402166459
0.9886832396082333 0.9548795617106728 0.9805906248305213
