# full, direct, likely fidelities
0.9999857256055464 0.9984838969916747 0.9990146575539064
0.9999839930921101 0.9983806749995068 0.9993405800214845
0.9999778664640849 0.9965036334973966 0.9992849700671776
0.9999863039103648 0.9987848592458777 0.9992003939878144
0.9999842642175117 0.9978755760877814 0.9993373152721093
0.9999842651796084 0.9989924047366814 0.9991944685503279
0.9999813831950423 0.9986600260030589 0.9991623832045023
0.9999827970521129 0.9984356034070834 0.999554762086852
0.9999834359684312 0.9986237672247853 0.9998662266878549
0.9999847923041337 0.9986414246332488 0.9987664914442823
0.9999827656245089 0.9978079664379272 0.9997546061069201
0.999981116968671 0.998843581852719 0.9995353270775139
0.9999885341126978 0.9984010471963145 0.9996453455314565
0.9999817557043356 0.9985076406717258 0.9989151374430404
0.9999846680090786 0.9989769987389991 0.9995508871972733
0.9999827180133964 0.9988573950600116 0.9991888493639766
0.9999803202103568 0.9986463890642789 0.9996019656093089
0.9999804050947041 0.9984307636178152 0.9992211343898727
0.9999837365748396 0.9986364131870061 0.9995007007258034
0.9999889122275304 0.9989866829954658 0.9994000411949269
0.9999825988224662 0.9978877383550487 0.9994052704252004
0.9999798069361332 0.9986678698784752 0.9995989703510202
0.999982337911862 0.9976584159603896 0.9993374500464892
0.9999843987224778 0.99878583838982 0.9995389206975912
0.999985568664993 0.9976579663039157 0.9992963688062216
0.9999846995813728 0.9985145808075239 0.9993608238789062
0.9999796704851674 0.9986599829542923 0.9990218780786643
0.9999815747653195 0.998775039972996 0.9994781787590198
0.9999848115638954 0.9981947703149041 0.9989589242048863
0.9999836031424854 0.9987614253595661 0.9995203800134851
0.9999801755078724 0.9989970192858388 0.9995502125825666
0.9999841423675129 0.9983133815301638 0.9991916181359749
0.9999863208555115 0.998055612435102 0.9995243711578983
0.9999845694575291 0.9967503871142073 0.9986542356193605
0.9999830897788449 0.9971486263025489 0.9994877602418669
0.9999872543784107 0.9977693584326707 0.9993429278453372
0.9999793458912152 0.9987598844573936 0.9993560168758929
0.9999839816174362 0.9982647773618486 0.9996461063951608
0.9999887505680893 0.9993456797448622 0.9991342301229508
0.9999847991775818 0.9980921806553876 0.9994106786500345
0.999985540610173 0.9979122467362402 0.9984645026362261
0.9999825138003681 0.9971044202388178 0.9995478252997134
0.9999884465978505 0.9991903494883142 0.9990939794433694
0.9999825572332697 0.9991125518004633 0.999541228872252
0.9999875684139932 0.9986640451397728 0.9993091398660165
0.9999882123391527 0.9991821109490977 0.999465484024454
0.999979520088749 0.9989187734412123 0.9994213862259517
0.999985541248463 0.9985605883749066 0.9995605540783015
0.9999829313802857 0.998983539892518 0.9994639898369048
0.9999844619665194 0.9990182121950772 0.9994891050933868
0.9999875348756277 0.9981984495116631 0.9989768213744553
0.9999848447194817 0.9976178864082627 0.9993309496283729
0.9999847897214357 0.9980010612672024 0.9993677894275805
0.9999872504623392 0.9986912306709219 0.9996281507649916
0.9999813086781041 0.9977678777433454 0.998586966763872
0.9999805987677788 0.9987829291955354 0.9993433838843145
0.9999834720393369 0.9991136015318478 0.9993095379542339
0.9999834426749941 0.9988091769776359 0.999135421481039
0.9999812022287141 0.9989960972383823 0.9997051536693178
0.9999834079205047 0.9989326176800869 0.9996095284143236
0.9999859233028819 0.9967902771356405 0.9991529001159514
0.9999850319754778 0.9976715188528184 0.9984043140040899
0.9999853610768734 0.9937198537747891 0.9993717368295636
0.9999855247205651 0.9991392423908312 0.9995101586389717
0.999989224663166 0.9982010220570234 0.9995217781441262
0.999984776172827 0.9989969095196931 0.9995575198109614
0.9999806289988589 0.9988540161544248 0.9994757793999027
0.9999861422195901 0.9993148095039138 0.9996750866760645
0.9999855476223042 0.9979143444976649 0.9991990131212003
0.9999842232333089 0.9948094547731471 0.9989561347750224
0.9999769065733718 0.9987491210726711 0.9995191801703858
0.9999868661347909 0.9992627050758977 0.9994407370768077
0.999985083236526 0.9986014005057918 0.9988006391066965
0.999987019505648 0.99702181800779 0.9989808356274448
0.9999842114727814 0.9989498825889442 0.9994650875395459
0.9999824007714608 0.9984326176650172 0.9989915552723648
0.9999875108854013 0.9980985571983201 0.999404973577801
0.9999867597377873 0.9976885899922987 0.9992179531591147
0.999984765827542 0.9992042284868919 0.9994733710285216
0.9999805337314255 0.9989018778290129 0.9994174209414051
0.9999843197468593 0.9983075000995234 0.9993304374166462
0.9999793265676247 0.9978306572700144 0.9980070600411632
0.9999835960682347 0.998766887956348 0.9993705873631095
0.9999826330358651 0.9993513131206391 0.999540832155791
0.9999874437290608 0.9989960044140623 0.9996909633791108
0.9999891518541371 0.9989645952772527 0.9994113297080508
0.9999819643607357 0.9973861454287315 0.9995169639901255
0.999982898125295 0.9986007434454595 0.9995119770067638
0.999982471711212 0.998062935438658 0.9995099294053628
0.9999868695216957 0.998966893117739 0.9995814686957052
0.9999822547567 0.9991748758802712 0.9993451584316233
0.9999872004389898 0.9987492291095854 0.9992551932738472
0.9999832737803207 0.9964915713571633 0.9990521083521746
0.9999840573202426 0.9975656358427576 0.9991388171919912
0.999981112873057 0.9985592629456609 0.9993747302710003
0.999985534892324 0.9973340318187366 0.9985122806210729
0.9999782358090374 0.997604994352699 0.999514460831302
0.999985958926262 0.9978341586287408 0.998610922638701
0.9999815418934076 0.9990337880723249 0.9992026152423419
0.999985044827122 0.9985247528961133 0.9993635026125874
