# full, direct, likely fidelities
0.9588961515216311 0.987998131712888 0.9945061227352363
0.9587610565276832 0.9876300604220701 0.9941354132801837
0.9588647116845518 0.9871076266162888 0.9938949145984493
0.9590766037042964 0.9876807495590478 0.9946322269624146
0.9590008698914861 0.9880581073729897 0.9942034687366299
0.958948666555244 0.9876297088870405 0.9942931817307092
0.9586801166396821 0.9873994974979158 0.9939985829349991
0.9588842807334199 0.9866385587062787 0.993989218871021
0.9590781243780644 0.9875007872087941 0.9943111191531178
0.9592187749719367 0.9875944561732746 0.9944519308552325
0.9591400565181041 0.9878646574636494 0.9943800962797282
0.9587782721992881 0.9874686673157288 0.99427740761052
0.9585592462381114 0.9873142115665587 0.994370305068791
0.9587623637031104 0.9878794440879668 0.9944312203405147
0.9588513033674397 0.9875642080547 0.994592542645099
0.9584859775769344 0.987909726408578 0.994182220264853
0.9585937198768437 0.9875833175794154 0.994298512646761
0.959148414281168 0.9876745993041844 0.9944837421019298
0.9585584627237654 0.9871360987889486 0.9942773315242296
0.9584953110180872 0.9874142482884473 0.9940855188683515
0.9585970710630205 0.986558743346388 0.9944659381250447
0.9590340388956052 0.9880764356671198 0.9943244473886494
0.9594799979673033 0.9876789019746606 0.9945045117040868
0.9588178961108257 0.9874461143880421 0.9944539506057852
0.9590157609674581 0.98793110405598 0.9945188251802018
0.958999987082629 0.9876348666695667 0.9944045302396959
0.9586885029876356 0.9871743548466457 0.9944683580991844
0.958994008323266 0.987849125371396 0.994426504820751
0.9587074604102661 0.9881073514745708 0.9943093732916775
0.9586523609023232 0.987197915951102 0.9943207069424531
0.9589775273578972 0.9874005023734987 0.9942831681030878
0.9590109933073768 0.9870815388357707 0.9943542111015365
0.9584851087816636 0.9872628841067308 0.9942442654800381
0.9588824388300696 0.9874476851859785 0.994093399111307
0.9586310388205371 0.9878041734771521 0.9944182888849371
0.9589279938211209 0.9877564767556505 0.9945743636390799
0.9589255440903938 0.9878270074184928 0.9943397349377896
0.9591267746307417 0.9881351354489503 0.9943976163235949
0.9590151061823351 0.9873479064873643 0.9943410591757641
0.9587368395887743 0.9867248978853044 0.9942197443215078
0.9588379360338365 0.9866116020926919 0.9942753604225476
0.9590244490118353 0.9878381730918598 0.9943253254334464
0.9589880007395125 0.9882473826466566 0.9943433873749972
0.9589188461212316 0.9880022114478862 0.9941668144651664
0.9584596401719706 0.9869816997435622 0.9940682938080578
0.9587158262854593 0.9876552527116619 0.9944204831393343
0.9592966570491968 0.9864389130041606 0.9938977107719165
0.9589009899098827 0.9880367369377369 0.9942482019054606
0.9584348610489983 0.987355435125103 0.9939608020482906
0.9585975929827755 0.987891474088618 0.9942769445727183
0.9590378137529986 0.9881850114172197 0.994598903627005
0.9585333078043594 0.9875543883111088 0.9941933331470859
0.9589281739172164 0.9882677933773321 0.9946199737806248
0.9588384361598755 0.9872365892915903 0.9942346434368308
0.9590461591652829 0.9879882256847125 0.9944178437980213
0.9587865191916809 0.9875551396934487 0.9942409206853172
0.9586806984584004 0.9874194077033959 0.9945319214406058
0.9585221372854005 0.9870387880574103 0.9943068579098512
0.9590086225318332 0.9875446609740528 0.9942143286203752
0.9586159933259085 0.9878767363140502 0.9942231264540559
0.9588502449117331 0.9878494670320817 0.9945757483738404
0.9589381860894398 0.9875535747524287 0.994523034953645
0.9589325271146594 0.9883808317079693 0.9943044022676404
0.9588750370577555 0.9880834075971844 0.9941970264165451
0.9588132943928944 0.9863635229207253 0.9944439172513209
0.9586811102691939 0.9875874322674555 0.9943777404027571
0.9588111489723912 0.9876098739393415 0.9943346267158515
0.9587187854552662 0.9867454879434426 0.9942206399640064
0.9585920796306657 0.9874209845741679 0.9943632705148439
0.9589395123118472 0.9866663616889475 0.9939724167762115
0.9587521891347208 0.9878095716341797 0.9941462408116495
0.9585401663145954 0.9865946282570428 0.9940718219816329
0.9585842632925792 0.9878694941142999 0.9943921762103347
0.9589044381020811 0.987892950182916 0.9941598838980095
0.9588013658381436 0.9869090749801483 0.9943516012500809
0.9588441813907462 0.987028065787698 0.9942936241549931
0.9586322864867919 0.9877179349621951 0.994381136466281
0.9589489941730217 0.9876734299050802 0.9941542656350526
0.9589526213032445 0.9880048038110086 0.9944453891743155
0.9586897712603739 0.9881040945038863 0.9941351972661218
0.9590097997572347 0.9882143694071701 0.9944036882604956
0.9590298584998685 0.9877637848040164 0.994163108907012
0.9590802600446042 0.9877511459620675 0.9942916765900772
0.9591757504639933 0.987604684359398 0.9942435662148166
0.9588508571954553 0.9882363626044701 0.9946030821961076
0.958755791049844 0.9872651210993203 0.9941910032203232
0.9588489946363287 0.9877491533322541 0.994417028945525
0.9585775302411121 0.9876963461350585 0.9943211560512077
0.9587966101777907 0.9877760447794909 0.9944220794099157
0.958934284820112 0.9878945401090593 0.9941609861802716
0.9587648698787014 0.9867853292140993 0.9942255210066558
0.9585050301741744 0.986952126079069 0.9942816345160532
0.9588850985500496 0.9866455122604214 0.9937475749100528
0.9585585412532749 0.987679835214961 0.9943458634478752
0.9589207413531188 0.9872844385006171 0.9945633877627647
0.9589939115185682 0.9883245989396325 0.9942780618602776
0.9591303163724639 0.9882951634944916 0.9944726692662611
0.9589216370814312 0.9876997454280222 0.9944855938244965
0.9587059969554792 0.9872857568900594 0.994262823673755
0.9588955519938648 0.9876327082486966 0.9944485033255923
