# full, direct, likely fidelities
0.9595249473115331 0.9553926069308962 0.9777658235604242
0.9596665134832093 0.9450991223207854 0.9750377665746957
0.9594193306802682 0.9537295729837476 0.975790923414549
0.9592412470723183 0.9500372564420204 0.9747816901740117
0.9590936418040901 0.9536024546573967 0.9785650694602299
0.9594301101652531 0.9456980764748102 0.9765272458832549
0.9599990123389182 0.9549718917318747 0.9749260332841302
0.9598045871310559 0.949644590190343 0.9761511514994816
0.9608258451738367 0.9514763979521274 0.9752210426206313
0.9597478246201632 0.9524236704064157 0.9765841091737806
0.9577289645306598 0.9510160873566675 0.9754289897783733
0.9610643026329492 0.9511983135090568 0.9782420551669976
0.9608678287995627 0.951039494752783 0.9749671631543433
0.9594322805704947 0.9577281848949312 0.980451453981637
0.9603902645693649 0.9503129997712066 0.9776266357911046
0.9573684596514195 0.9501264094125342 0.9775379412168056
0.9614250113912575 0.9443292138610083 0.9726126297181465
0.9592747038727218 0.9504510850381904 0.9783384885307892
0.9612775756231714 0.9546146695253487 0.9772981255675309
0.9608547024549268 0.9469588082228223 0.9747155248189776
0.9587532781795288 0.9470978900775414 0.9755823888492751
0.959399976717592 0.944722386979236 0.9776770174401322
0.9597957177111085 0.9555542189165491 0.9779176226853415
0.959868115686865 0.9493583982394652 0.9787983169287368
0.960045136531566 0.9512834045322546 0.9747540082889959
0.958343810353749 0.9515029984338128 0.9774451703874042
0.959429715550103 0.9501979416264197 0.9756630972840845
0.9579645153084666 0.9463783373593097 0.9778574777583626
0.9591302135295806 0.9513708892838093 0.9767577019976744
0.9589240115368497 0.9540805532157971 0.97856091906888
0.9603082828318621 0.952196073489263 0.9771975312867526
0.9593871591191042 0.9477151878448555 0.973898730335365
0.9582801294235753 0.94714768295106 0.977525835345374
0.960073920448969 0.9503335742035297 0.9786414017991191
0.9595757105520875 0.9439271137846668 0.9767858361422285
0.9577480649245566 0.9546304386078296 0.9759471062936735
0.960030400801995 0.9508045138516779 0.9761025195911146
0.9609397093712504 0.9478417624327676 0.9788878386245108
0.9581954982158074 0.9511579163316269 0.9764325319738997
0.9606638238854343 0.9494721016920102 0.978249844388802
0.9602003577610153 0.9502077830760519 0.9777013403680126
0.9602896987286342 0.9518985606496184 0.9769215963305621
0.9578736333168738 0.9553582146003291 0.9788003084809257
0.9590559164409368 0.9533941523006645 0.9773728378165655
0.9585468582309219 0.9509885290626318 0.9753982527613069
0.9600310911040922 0.9523165816323422 0.9772395513601168
0.9602590106010254 0.9523278173906566 0.9780829769183764
0.9594783140971039 0.9521283418687103 0.9791898988124578
0.9598445934204234 0.9508155578143669 0.9759036671990283
0.9605508751253427 0.9473991710562581 0.9752068951701502
0.9617298270874092 0.9463410016716631 0.9786074887365583
0.9583355869670779 0.9526375408412519 0.9788136634838771
0.9581324361219906 0.9537588200737612 0.9780032127068877
0.9586794596700298 0.9537902555571235 0.9769940035934405
0.9587331751950997 0.9516759606951457 0.9782899189677311
0.9576994362375826 0.9510887733236648 0.9777486638589384
0.9587948921353247 0.9529729021864076 0.9758333796597689
0.9600732150956484 0.9496842628437202 0.9777578891911526
0.9613724013377547 0.9540031541543839 0.9771798245807457
0.958221829763431 0.9533637462049057 0.9772425190255951
0.9590636808180704 0.9542594965287181 0.9750390454406012
0.9596917497911356 0.9541081025660942 0.976744809577803
0.9585253523706903 0.9533973913172938 0.9758823579301734
0.9596576505013479 0.9490350079965397 0.9774108833237023
0.959318455868859 0.9495264725137018 0.9765166252020299
0.9591665422176119 0.9531154805420955 0.9787288251764963
0.9593475820205767 0.9490005899263698 0.9769354507876984
0.9573058815681357 0.9515450812453906 0.9761404962632458
0.9575791203403785 0.9468990786686087 0.9759295817830709
0.9577015836493419 0.950428207110178 0.9772196529421449
0.9591730743749436 0.9522150037488006 0.9797599228283467
0.9587868625756685 0.9511047170671872 0.9776118604850662
0.9605821694198009 0.9533832963446502 0.9793827581304957
0.961091591794579 0.953824524041491 0.9767809324085298
0.9604631714731312 0.9495739388567408 0.9764621828969454
0.9581316716720917 0.9550220000832131 0.9779903194565964
0.9589760614822305 0.9535143930940377 0.9754341081826793
0.9585397455888496 0.9473656672790247 0.9780931995686678
0.9593064350829397 0.9443521260958124 0.9786813543712863
0.9586015304412338 0.9485094134452251 0.9782075229117977
0.9584867793477407 0.9508793087016038 0.9760149410904938
0.9604072933880319 0.9503921539504543 0.9778023516795251
0.9605476961070251 0.9482800807037742 0.976614064496574
0.9569782000001887 0.9470159236624546 0.9729826037959033
0.9584186626992462 0.9486946318317284 0.9767739841611398
0.9586284255482987 0.9525468018200307 0.9760403806337645
0.9587522728945119 0.9493892346287339 0.9762232916585883
0.9607452915269961 0.9556073240717721 0.9788416902076955
0.9586263268790424 0.9540276756493214 0.9779654460732649
0.9598878699309182 0.9552968947006575 0.9776179963630779
0.9580982392690588 0.9515595233985289 0.9768100036225308
0.9594159842401528 0.9512008923034311 0.9785040318410093
0.9605823473083501 0.9525921519349256 0.9768959956661245
0.9596531520365079 0.9546657739791976 0.9756962092040314
0.9596130232081771 0.9553693758368885 0.9775516714260944
0.9584922501452022 0.9545008077111943 0.9773302160507688
0.9611805096072107 0.9540128414459093 0.979294265434525
0.9565342492333085 0.9516093042090332 0.9770226672125047
0.9600443059432097 0.9514604414083876 0.9790501674207552
0.9600375501624386 0.9511501790836893 0.9775066469794781
