# full, direct, likely fidelities
0.2248138037721651 0.7690699063375356 0.8872429443211521
0.22281956859152624 0.7637187085508623 0.8825650425021568
0.21993166558239777 0.7630575661531089 0.8815959255091919
0.23227442680147817 0.7587562134262793 0.8836044775561704
0.21911455502435218 0.7633684939347759 0.886463909244131
0.22297952607165175 0.7673628065318138 0.8856981332346064
0.21306610764267317 0.7655584889216991 0.8878846564706667
0.22121002449780733 0.7748018236005597 0.8879813962535332
0.21598262264474222 0.7736421948088119 0.8846243935615365
0.2208134464719215 0.7668267320380019 0.8843915336047234
0.21582771994008956 0.7673115075619407 0.8880564237517273
0.21493774853617542 0.7589950290844663 0.8817903026959616
0.21537257096179896 0.7591237411517026 0.8843309681012238
0.2181764424234252 0.767822808944354 0.8830188163785897
0.2047753745354965 0.7630991938509776 0.8823716281262082
0.20838581140061727 0.7672891209753616 0.8885519135455828
0.2187208032612137 0.7672749282076825 0.8868554023132308
0.2280715372221552 0.7622958344820854 0.8816043270804502
0.21594129354165534 0.7630064171946418 0.8839043285470246
0.20886543262643162 0.7696171980756004 0.8847070039532196
0.20741248331443468 0.7639221251155057 0.8867432054298172
0.21857046028477992 0.7694554985277585 0.8882123730310045
0.20646627065342152 0.7575431566784296 0.8814109822176878
0.2202559229077156 0.7718038026134413 0.8877192830158748
0.20745881955300444 0.7684938157549238 0.8870340896336681
0.21392783118362133 0.7663950891161375 0.8821514549153433
0.21148005601096015 0.7685031366763914 0.8845987589453582
0.22311921078673555 0.7650826543474442 0.8836736409267112
0.22281284743102575 0.7627719171589609 0.8829356722506854
0.20569063132126686 0.7705424443203034 0.8852046442419635
0.22103785269274367 0.7690086536175034 0.8895848213115211
0.20714192078234014 0.764594212878274 0.8847424891061003
0.21776055938605138 0.7604846045417956 0.880787529596317
0.212393783457736 0.769345475583564 0.885772223845602
0.2135992143432783 0.7645378889324251 0.8839403065784567
0.20730607188255065 0.7672002207770245 0.8843869138808786
0.22052778760212519 0.7655506829303773 0.8825882190766262
0.21495686819531448 0.7584913439644648 0.8835650547431838
0.23248209143992876 0.7577470418239207 0.8838325915670716
0.21433045243401044 0.7636196061916959 0.8846688571542156
0.2167489570723823 0.7664111256853661 0.8845567255154774
0.20529950806484357 0.7632952581634108 0.8847257905371794
0.20279053156764795 0.7625625971136266 0.8840913283149667
0.2154380985509051 0.7718834696988829 0.8882284951620406
0.21331451064774376 0.7671062763816056 0.8859114745952528
0.21031735935747714 0.7686254889291163 0.8859629835344482
0.213695816464777 0.7680209056582991 0.8868717897189345
0.20915082565748958 0.7650384475581801 0.8857771972309546
0.2044224782175663 0.7713957459439781 0.8895988057366807
0.20603637459280655 0.7707349012488252 0.8850447401032722
0.21449775303737859 0.764904278060723 0.8889506018816713
0.21873307315566012 0.768397443144559 0.8853729415527649
0.22008171145066877 0.7603147452615215 0.8832210864098973
0.2163509380021985 0.7687913308597847 0.8850128156767195
0.20821613779081008 0.7691435342648726 0.8845864137102782
0.21883639523366674 0.7641768972200402 0.8872502936463909
0.219140627185445 0.7617588546472608 0.8839612322050837
0.21213893250371763 0.7690127054383891 0.8863605178321105
0.2193046056385086 0.7665792969413796 0.8839275712560672
0.21629597450168636 0.7698045966581237 0.8849712065837901
0.21644153447735814 0.7632176419718419 0.8804941860748877
0.2071306472163584 0.7719250928955148 0.8909035147360577
0.2126027901226101 0.7673671452437947 0.8864471766639888
0.21076893169659783 0.7637424893609539 0.8867749118889324
0.20866585042923094 0.7661349913028962 0.8863946754194324
0.20633983754469104 0.7661413631309001 0.881800867708107
0.22150002867410026 0.7610007181690216 0.8778740830746647
0.2313899360188287 0.7615395734010383 0.8831631339181399
0.20392842880569417 0.770780364495586 0.8861826827458481
0.2158390858414518 0.7662753385461533 0.8862345297059052
0.21998885731805992 0.7672845231245601 0.8804062902498946
0.21795974625732895 0.765285971436299 0.8859110365083699
0.21829131016367065 0.7695844072016592 0.884809963389453
0.22350282036646796 0.7612034762542615 0.8803589899459964
0.21240686359181338 0.7604494695304851 0.8820992922986378
0.20900690444654818 0.7678573748932205 0.8854130202092821
0.2184733823975871 0.7718610283597134 0.8863699957666918
0.20605184166071355 0.7668273908337415 0.8875843932296135
0.20325494218425239 0.766516640864628 0.8873889306710195
0.2184177748475088 0.7727749457627173 0.8817613589185006
0.21339463113631532 0.7677787294466925 0.8853485664321332
0.2063809507977508 0.764193600040605 0.8835724056900677
0.2197489487469909 0.7704858731926343 0.8895955100705782
0.2134622365557423 0.7643486030577331 0.8817846054838768
0.21641674325469695 0.7648321024219494 0.8850256164214099
0.22461848813976404 0.7630193922706587 0.8850331722539596
0.21945496948236182 0.7636937098290643 0.8854407254810798
0.2222013201094241 0.7640389777301323 0.8828889144495224
0.22473661861258648 0.7657809838707177 0.8844839810023891
0.21673339693870963 0.7683580495800278 0.8841754221999858
0.20496746806449093 0.7650054575440041 0.8840868281255583
0.20880151752075043 0.7670329558800331 0.8846551104054917
0.21503824163505209 0.7642438952575202 0.8887547553503585
0.21419467944021642 0.7704012015256249 0.8842235804107247
0.22325519296137342 0.7630720670541293 0.8828218476296456
0.20771791532656245 0.7654098595213635 0.8822020505570684
0.2101474302627478 0.7693432123235817 0.8870304300458651
0.20705023668744185 0.7688633217566591 0.8864361173531359
0.2070338138179676 0.7694639314733177 0.8910043187613941
0.2059042295278995 0.7653353952281471 0.8854656024253174
