# full, direct, likely fidelities
0.9998828332649199 0.9955149228349419 0.9974854750742891
0.9998691665711161 0.9943705138903504 0.9970377285348613
0.9998658572723872 0.993993058661195 0.9982844432404891
0.9998656483526032 0.9947949770904447 0.9974045900873426
0.9998745497543057 0.995139807311936 0.9981514046051535
0.9998709536963304 0.9956043366714931 0.9988661142801525
0.9998505551415058 0.9941176448615802 0.9979357321927997
0.9998808817767385 0.9955714640360894 0.9979734631237489
0.9998693952564824 0.9969581304136914 0.9986755516299519
0.9998703086064712 0.9953296921455693 0.9986939890100739
0.9998751962692851 0.9931420968241389 0.9961555524264941
0.9998737358868236 0.9952579660197015 0.9975718378589608
0.9998763321154199 0.9958915793197181 0.9981255561372802
0.999859373829634 0.9937450763463355 0.9969794385529487
0.9998824901586233 0.9963060069550558 0.9985377409518724
0.9998683106184202 0.9949917039934215 0.9976877401295043
0.9998725643494143 0.9932143443209848 0.9974983091061589
0.9998590631491551 0.9922573347177789 0.9967865869205763
0.999861141191476 0.9931133206525524 0.9980234721212795
0.9998672222725989 0.9950175779869548 0.9984438085815486
0.9998664551997334 0.9930911908248761 0.9977535370431602
0.9998747033483633 0.9934380782298599 0.9985245748394526
0.9998804830404784 0.9920824482521643 0.9975110674524349
0.9998723771872692 0.9964688914589439 0.9983488259100654
0.9998745277824849 0.9946713166769822 0.9981974200867378
0.999862200632147 0.9945285057194007 0.9984330327661755
0.9998782974081368 0.9956830321547269 0.9982948445806726
0.9998742381149801 0.994370315127366 0.998352058762769
0.9998823146497564 0.9966220370411131 0.9983713050708632
0.9998769720579919 0.9937537093743841 0.9975524838499774
0.9998664341955136 0.9964302994137045 0.9978786380228689
0.9998643362236594 0.9949965252576187 0.9977888466189501
0.9998757849700158 0.9965804547373119 0.9983356419393692
0.9998783136720101 0.9962291826601237 0.9983269431578147
0.9998750039543205 0.9956015174505961 0.9971658944296781
0.9998780392561303 0.9930208112446884 0.9974106101403233
0.9998749125951711 0.9932054305342991 0.9975961846555877
0.9998712482104933 0.991951028501048 0.9976298669154364
0.9998782904929463 0.9957867556622693 0.9983016737481217
0.9998684269846435 0.993702053404418 0.9978270659271034
0.9998550102007968 0.9955401376840217 0.9979769414707794
0.9998584113397847 0.9953037316257068 0.997760677526379
0.9998709685323391 0.9940777001009236 0.9975717378016865
0.9998809122142382 0.9940234911573235 0.9979618740770558
0.9998822293745163 0.99706929335731 0.9985338592277704
0.9998791338673401 0.9939701254697334 0.9973016977861057
0.9998686897527858 0.9961754728325961 0.9972192447481918
0.9998652927262369 0.9945101695417392 0.9971018600102823
0.999870202625563 0.9937660020798034 0.9982057452060478
0.9998710162756657 0.9962343924531756 0.9978294331570552
0.9998609932374224 0.9953225449953812 0.9967964279869845
0.9998811570840466 0.9955168498060458 0.9982376968564568
0.9998722086069536 0.9957850120289482 0.9977317818609246
0.9998764437823863 0.9933027815889852 0.9978843307918314
0.9998632546574592 0.9963659757758416 0.9979230790463578
0.9998699097014606 0.996625669953739 0.9984839953727234
0.9998619755144539 0.9945745746937263 0.9968213222500395
0.9998798292718817 0.9952682345145882 0.9984117947395368
0.9998700316499237 0.9951994231071807 0.997675695551155
0.9998652750474938 0.994020763417787 0.9975793661593233
0.9998677046929569 0.995452548784236 0.9980775997820153
0.9998727149414438 0.9950929588918082 0.9976645352703056
0.9998694677401623 0.9941610453503525 0.9979716867873045
0.9998674669031772 0.9940570867280376 0.9965962165081576
0.9998777952197008 0.9941265073174045 0.9976639578013838
0.9998678879728662 0.9956884931819475 0.9974150380679027
0.9998651833251752 0.9949182614331972 0.998063784658359
0.9998623824517688 0.9954722643320798 0.9982703925258527
0.9998644410943718 0.993143659292766 0.9983231314882759
0.9998721833456181 0.993882332262071 0.9984509732128506
0.9998684059982826 0.9951005990200231 0.9969620741207873
0.9998650995637056 0.9963735743017951 0.9983991050721197
0.9998761230276496 0.9937244080548143 0.9959233911635632
0.9998779853694043 0.9939462580669726 0.9986637561749431
0.9998759258961336 0.9954369689927492 0.9980776984099183
0.9998737735173445 0.9947390967663864 0.9982673460475721
0.9998797074814675 0.9954586222644144 0.9979202928285116
0.9998642906445115 0.9949583889829999 0.9975624282816005
0.9998706676138795 0.9952023683312556 0.9977721731007018
0.9998714445570427 0.9938419748694907 0.9982798455391783
0.999860384640208 0.9953109283712394 0.9971699740415205
0.9998686948979355 0.9955770636335304 0.9975830837094524
0.9998717761650685 0.9946840852291767 0.998104491591063
0.9998611797029628 0.992563275190507 0.997478823898105
0.9998636984240367 0.9953301615819969 0.9985889269572734
0.9998860011215484 0.9944650004495709 0.9983167500686568
0.9998722896909643 0.9970029234100397 0.9987951650622412
0.999868103048354 0.9959123402067154 0.9987392494509594
0.9998697115110833 0.9941861814599512 0.9962879670734441
0.9998800220147326 0.996066914490095 0.9983493666512974
0.9998755293484782 0.9955475173985813 0.9979596864110005
0.9998699586826841 0.9965292570930498 0.9981925155667555
0.9998562134723201 0.9953243321007414 0.998430165754607
0.99986023601322 0.9943654606000801 0.9978934862445865
0.9998769585548501 0.9957808435825057 0.9977378913645749
0.9998804725536481 0.9943632039233479 0.998140379206866
0.9998759304983085 0.994089987481777 0.998025245420376
0.9998655042845321 0.9935064154378992 0.9975385563114756
0.99987399515051 0.9951274196147073 0.9982896443769137
0.9998800315171628 0.994892655979483 0.9983844703282513
