# full, direct, likely fidelities
0.9994736635114361 0.9928367827287521 0.9975829041402271
0.9994717960822636 0.9955643196255479 0.9980306976223733
0.9994784942990714 0.9931724274507672 0.9977692688474612
0.9994786652839287 0.9925436205558067 0.9974959118538259
0.9994623661049536 0.9932830626846963 0.9978063606924132
0.9994593511990867 0.9945030877944757 0.9977643691861928
0.9994616067639569 0.9949330560323242 0.9975151165167334
0.9994825892532048 0.9945840259863418 0.9982489296519211
0.9994893118336555 0.9949977678149442 0.9980396955729147
0.9995157339200605 0.9929225356211169 0.9969895307343115
0.9994739332883347 0.9944724107016969 0.9978835654036674
0.999467081229988 0.9937537620902614 0.9976617915649667
0.9994859147066424 0.9949184990484476 0.9981011223963708
0.9994826761667656 0.9935781749534657 0.9976976116456018
0.9994947783886092 0.9942109146522105 0.9974930201872837
0.999482933391931 0.9945420023948415 0.9980697982560323
0.9994475967627451 0.9938211865550002 0.9979582573825672
0.9994782795992898 0.9932488875892881 0.9981841507359385
0.9994775592523011 0.9956378064969512 0.9979094983107447
0.9994777145758522 0.9936665556676532 0.997589410756126
0.9994751787745352 0.9942557660837197 0.9974741996514508
0.9994837344615612 0.9939571060750495 0.9974983549998858
0.9994991214017277 0.9941035118679367 0.9982784374600676
0.9994827004470956 0.9942864324248062 0.9976523518240927
0.999476892348434 0.9948235972594043 0.9970547410458487
0.9995073321934181 0.9924722408975286 0.9977215083475931
0.9994830592747938 0.9934884142401089 0.9974942303823221
0.9994804144577443 0.9938719964258664 0.9983473145380912
0.9995019777496781 0.9942379057258809 0.9977512105389933
0.9994910262491407 0.9935401338591974 0.9966229988259508
0.9994870697142423 0.9939498736226333 0.9984944742949611
0.9994530017433667 0.9943869847355294 0.9974009565848609
0.9994745665241341 0.9950554032133001 0.9980708706930145
0.9994719665640643 0.9941848967100623 0.9975780764822724
0.9994739457760119 0.9935615278046285 0.9975697682461809
0.9994813029808646 0.9941220329261287 0.9970331433767129
0.9994555920917809 0.9934992168578421 0.9969983858691823
0.999466031373278 0.9947681102851804 0.9979153590552937
0.999513760589078 0.9945268985546195 0.9975128367947558
0.9994858149687865 0.9941226185462405 0.9977027345715509
0.9994522300209333 0.9947661759287133 0.9971257512298519
0.9994817248410639 0.9935063353295317 0.9965795688294081
0.999484711587848 0.9931616867129023 0.998015696096735
0.999509758152342 0.992419620481134 0.9974030765896443
0.9994922898486045 0.9931954047361972 0.9976186784840121
0.999477659683295 0.9946608678291277 0.997622235354602
0.999486042562358 0.994568050499254 0.9975089415794077
0.9994771840672876 0.9940745368880555 0.9977818651088959
0.9994570046070538 0.9931813895361931 0.9962852820780511
0.9994984117914467 0.9929796846941128 0.9977738336854801
0.999480506050369 0.9946489086674181 0.9979393822521255
0.999486291529682 0.9944819776992682 0.9983134626239824
0.9995041529512835 0.994529811956883 0.9980378763697189
0.9994856319003966 0.995016442426484 0.9978259490085848
0.9994708835386207 0.9936640710916111 0.9975133917449152
0.9994977303500973 0.994187198610998 0.9979492006939028
0.9994760010593609 0.9938895585521437 0.9979492097673224
0.9995024919887181 0.9943739984871216 0.9976874108396775
0.9994771183154715 0.9941364850098156 0.9977571856527829
0.9994696876299104 0.9944932448626994 0.9978439095844552
0.9995082997826947 0.995023067919812 0.9977223467650977
0.9994904666976863 0.9939381323825236 0.9979720217235105
0.9994877931656653 0.9940815746049677 0.9976928415389562
0.9994926888716762 0.9948854096166674 0.9983436298958737
0.9995067432851994 0.9926197348516718 0.9975088681593857
0.9994999809663404 0.9935371483275007 0.9977180409448093
0.9994918419698016 0.994196506575877 0.997964334762357
0.9994693407990699 0.9940042139160707 0.9981255309582518
0.9995170155676725 0.9925491418467176 0.9980723096774767
0.9994849705266686 0.9942787066457243 0.9979256713327801
0.9994562573344339 0.9937177188458318 0.9975648253264127
0.9994544895302596 0.994880677476849 0.9973678206520414
0.9994825809627506 0.994158926028545 0.997389484284382
0.9994645743017547 0.9940391810916385 0.9971116203865358
0.9994803332970946 0.9941615693246116 0.9982410124376357
0.999474817868312 0.9946447731713992 0.9979152219743584
0.9994967875926835 0.9941719622563491 0.9980788386935665
0.9995016285272904 0.9935965732443598 0.9979321232781109
0.9994620337921317 0.9946202882947123 0.9983192399352101
0.9994777390527831 0.9950175725347298 0.9981569651326649
0.9994931925792572 0.9939432847334175 0.9982397040628308
0.9994858720511957 0.9926414384574052 0.9979351943258121
0.9994691113239159 0.99460331996365 0.9970560367825262
0.9994952201126476 0.9931270756656508 0.9976173855192509
0.9994954254284586 0.9941275670944716 0.9980131377896955
0.9994887067289753 0.9951097324340982 0.9978298994302616
0.9994939826213031 0.9944589335634847 0.9976730418554568
0.9994695398871815 0.9944889532125349 0.9978326120476316
0.9994521942971749 0.9946973644654135 0.9975293604821646
0.9994861796627463 0.9932093852881148 0.9976802765695442
0.9995068312311083 0.9942862434963522 0.997697320937077
0.9994824942943661 0.9934275316007711 0.9978554745145208
0.9994688798516103 0.9941313047447341 0.9977480915614914
0.9994708083786789 0.9915662491864919 0.997841093903746
0.9994648077704883 0.9948709101903022 0.9978935945571994
0.9994792831557884 0.9930765450699992 0.9975292206333357
0.9994927117193156 0.9939842376458414 0.9977509170420681
0.9995078414577657 0.9947784253251666 0.9978979076200285
0.9995079230709704 0.993333231789345 0.9978761247712526
0.9995003314693212 0.9926698686361339 0.9978846316930214
