# full, direct, likely fidelities
0.986496179189944 0.9950240247961316 0.9979758009516434
0.9863304994884214 0.9949279363299889 0.9979626284387131
0.9863430421883944 0.9949103025563044 0.997911702409625
0.9863211809652505 0.9943447327524298 0.9979207878668503
0.9863177812260244 0.9944715180942264 0.9979785587699447
0.9862884619276201 0.9950096856973929 0.9977220688931678
0.9865465026844956 0.9951716782202072 0.99788474505622
0.9863862116081411 0.9947022828270918 0.997670220572376
0.986563475755659 0.9948808126582109 0.9979157453154011
0.9863058771132127 0.9944830523021184 0.9976892239323144
0.986365566364372 0.9949473926130978 0.9980008047834298
0.9862130215161524 0.9950975387819194 0.9978752566085367
0.9862012560967759 0.9944148463236793 0.9978623157971397
0.986433326287785 0.9951248790385882 0.9979148599346842
0.9863857050183674 0.994776837480197 0.9978230277381834
0.9863392635709989 0.9948184248642471 0.9979449148113102
0.9863011421552239 0.995174233363719 0.9979073909783887
0.9861971486100009 0.9946873206049249 0.9979004617393121
0.986391929272001 0.994778263696822 0.9978352088363985
0.986386746015986 0.9947645759686962 0.998149071477376
0.9862609444987859 0.9949874903129393 0.99805472728246
0.9864435341218468 0.9950135409824028 0.9980352516033223
0.9864041511007168 0.9947846667266322 0.9978163630935528
0.9862371911308287 0.9944179816188733 0.9977884934388548
0.986301483235089 0.9944900868735419 0.9977860348835488
0.9862864850701136 0.994777324322142 0.9979175943634871
0.9863296887614079 0.9949226006078175 0.9979621676385864
0.9863767235841936 0.9946239208044129 0.9979162994917405
0.9864814660748568 0.9951822852775222 0.9980476785111766
0.9865026968949847 0.9952487845538194 0.9979875888252789
0.9864580021579323 0.994571391779947 0.9979497365863975
0.9861858612011571 0.9947215883304458 0.9979968945960752
0.9865779575902986 0.9951027220610479 0.9979521934530436
0.986400046158396 0.995318317520004 0.9981340073571843
0.9862891029379914 0.9946902136436852 0.9977717263743497
0.9861595837956626 0.9947099574307218 0.9978022174363096
0.9864611581434979 0.9952350850679312 0.9979162077302207
0.9863674258509365 0.994227096534713 0.9977986763694338
0.9864260569453092 0.9951263855308757 0.9980226231057474
0.9862624992362282 0.9947208208447137 0.9978640288432997
0.9863459814504405 0.9946748700931624 0.9977799659676341
0.9864768901706579 0.9950029982363077 0.9978864877504113
0.9863582624850612 0.994547574697705 0.9979316765580831
0.9863776745353738 0.994717621052877 0.9980501250788147
0.9862631505181965 0.9948967378253085 0.9978791025091872
0.9866597792437416 0.995248545836889 0.9980666458657458
0.9862418355504332 0.9949113781671995 0.9981978533520713
0.9863965307421786 0.9948919225136343 0.9978729261455979
0.9862715439518572 0.994183644744228 0.9977699277042651
0.9864436729584074 0.9949502568606781 0.9979077674827967
0.9865637564584796 0.9950243818543709 0.9978710748597535
0.9864961897629921 0.9943723785321436 0.9980379631025235
0.9863096036126966 0.9947056716911571 0.9981001861063272
0.9864324823907968 0.995105459281278 0.9978360521051242
0.9863818025601333 0.9943900094131608 0.997775964718684
0.986264868908309 0.9949215107359002 0.9982097866576262
0.9862859928682729 0.9944625625705455 0.9977610452566942
0.9864657248640486 0.9946234110452182 0.9978408103228729
0.9863925168364596 0.9940245427479272 0.9978292659556919
0.986507722359478 0.9947888908614934 0.9978645272379919
0.9865900303450663 0.995111257872637 0.9978648757427984
0.9863872034905182 0.9948419821704251 0.9978011795575933
0.9864285611824444 0.9949989221904029 0.9980282805229415
0.9863980847297233 0.9950805642760991 0.9979728292555461
0.986322206444131 0.9948906934353536 0.9979174353203448
0.9864102979729605 0.9950451372657894 0.9980976088036666
0.986340718642047 0.9941609794805326 0.9978185830455185
0.9863803642905157 0.9948078537421272 0.9977007972868014
0.986440054093548 0.994734169544782 0.997891558495037
0.9863482823045024 0.9946547073662034 0.9981194685982555
0.9863255498332479 0.9941893945554209 0.9979945658784204
0.986160928292224 0.9940950507833282 0.9978928407609103
0.9864529676901073 0.9950667459870514 0.9980210504647185
0.9862689058704027 0.9952223244690255 0.9980742367831956
0.9861552678383958 0.9943465484063774 0.997784631651648
0.9864640614527043 0.9951476258965244 0.9980306954742728
0.9863579239795927 0.9949635065645114 0.9980109642352566
0.9863969627048073 0.9952971004700151 0.9980003974199831
0.9863690035918933 0.9947749702909104 0.9979265567458568
0.9863930620051982 0.9946289757411219 0.9977728908386049
0.9859800564439146 0.9931533806621703 0.9976604727891635
0.986559503826294 0.9949901419956866 0.9978993699688632
0.9863106745705998 0.9944839394374932 0.9979983530492834
0.9862782493376407 0.9945606907295886 0.9979019190471615
0.9865693392172402 0.9949405857997616 0.9979144379086743
0.9864825916914557 0.9948368101290694 0.9979144044536833
0.9863125366698795 0.9947912853232169 0.9978706447493376
0.9863989192870872 0.9949661893312889 0.9978650001782114
0.9863444767718385 0.9945428534000362 0.9978131585155409
0.9865279405682926 0.994968807613312 0.9980172157199576
0.9862858177504386 0.9943799757532579 0.9977649330063709
0.9863741776445597 0.9948474303884509 0.9979864244679336
0.9863421314516078 0.994713379939907 0.9978072151957005
0.9862039009556502 0.9945918989040735 0.9980174490965811
0.9863915882168678 0.9945554989524819 0.9979813061276125
0.9861326999322696 0.99398281652628 0.9979670432497508
0.9864086601306788 0.9944350189134372 0.9977647597236597
0.986179008347984 0.9946548971588455 0.9977347186139405
0.9862950642967537 0.9944722296735999 0.9976624489959315
0.9864978294699054 0.9950312585010747 0.9977659728814959
