# full, direct, likely fidelities
0.995703795785178 0.9880999375675237 0.9946505995835737
0.9955065926371677 0.9870755281147734 0.9949733459664509
0.9955747127927961 0.9891949853184234 0.9956632597546741
0.9956261322583275 0.9880394353305993 0.9938920933296457
0.9954986001203306 0.9894405497093919 0.9956988572861759
0.9953250199739077 0.9875544304695302 0.9955221702710982
0.9955167251290894 0.9876222119605886 0.9955179268314283
0.995386142911477 0.9894639169863936 0.9951644305546709
0.9954055360407068 0.9893986844948803 0.9950599476832352
0.9955751908748405 0.988041252573377 0.995272032808509
0.9954706532989299 0.9877326821143477 0.9950215438891582
0.9955033932898455 0.9888876242394063 0.9942901669209792
0.9954881471625615 0.9876761984957241 0.9954298634350556
0.9954351626667147 0.9857508208158402 0.9960187847910206
0.9955736382445289 0.9900904303442314 0.9960931034199705
0.9955840483927441 0.9874394842361547 0.9951426993727734
0.9953699609115022 0.9876905026726515 0.9943617391281131
0.9953772771613285 0.9871126381399693 0.9951264634753617
0.9954624452416013 0.9872048548060959 0.9943887284495561
0.9954761850555106 0.9869418343549484 0.9940779971446926
0.9954402891252176 0.9891579799256516 0.9959972308380921
0.995562212405128 0.9883615845010345 0.9953706766242929
0.9954182284329042 0.9869384970548644 0.995162977081467
0.9954361935328285 0.9883122049916997 0.9955704658218951
0.9954614005446242 0.9855396452117162 0.994792099404933
0.9956215298463248 0.9856771137439234 0.9955086698473102
0.9954691121090868 0.9864959471317368 0.9953367868018583
0.995513506541986 0.988250785533854 0.9950997446500682
0.9955629568496874 0.9864970292047038 0.9942386805587587
0.9954011407996559 0.9876879388677845 0.9956882487445777
0.9954694854423096 0.9869291295442322 0.9942210778918942
0.9953948486770068 0.9879429599881643 0.9961427339888829
0.9955403510342249 0.9895034311249593 0.9954932872388911
0.9955652226584856 0.987782578997734 0.9952607583801217
0.9953496570845138 0.9869389132120674 0.9948996454323339
0.99556831494083 0.9890849678695024 0.995767259957997
0.9953344539633391 0.9877577936766307 0.9953060798076979
0.9955359376407134 0.9877432395946378 0.9963059861260828
0.9955186429581498 0.9870043273612794 0.9943534846142394
0.9955313341104326 0.987677062376167 0.9948897370571985
0.9954324699895881 0.9849336185761096 0.9957812570041276
0.9954087761312305 0.988017292722582 0.9946596122122398
0.9954560885041656 0.9888107053725126 0.9956871001665448
0.9954874692671005 0.9867239843312514 0.9950517822571666
0.9954655334844378 0.9882580154609668 0.9951532651400994
0.9954045976234716 0.9877615201197769 0.995163883534188
0.9954804410693984 0.9870461646167101 0.9956277284202184
0.995445388380355 0.9888534952593822 0.9950393474669245
0.995405016521327 0.9893397056514687 0.9954201411935006
0.9955536695308534 0.9882922423739883 0.9959561472855565
0.9954050295789089 0.9874050207690882 0.9956850944171661
0.9954949212455566 0.9887796879803106 0.9959523458240376
0.995576759711424 0.9884446720109703 0.9950597917059238
0.9956181032670408 0.9896856946218576 0.9956790227070371
0.9954222941686044 0.9878424101027251 0.9941633964718453
0.9954129995372895 0.9891871331183671 0.9955939455023137
0.9955006968539155 0.988133323246341 0.995437045768024
0.9954231996860958 0.9865296663752977 0.9953024575581232
0.9953861116145927 0.985548821132454 0.9961229526207854
0.995508984801801 0.9867918309795853 0.9956632042501107
0.9955604912396677 0.9857350204455486 0.9948663990847387
0.9954751233121747 0.9883861973369625 0.9959086274394546
0.995496027861647 0.9855979112737709 0.9951862022725002
0.9954072686405555 0.9862575679327863 0.9950697533534584
0.995574375015004 0.9876850030245904 0.9957105508681113
0.9954548200532175 0.98835237331406 0.9953582310496525
0.9954850349829522 0.9861340769919597 0.995135454920994
0.9954908401861885 0.984417987144508 0.9920838013453095
0.9956027250586831 0.9866404424288713 0.9950172658726275
0.9955220600928386 0.9885751133444866 0.995796489868785
0.9955132493547211 0.987250316514179 0.9956984597350662
0.9954470078332993 0.9891386677287366 0.9955016752799893
0.9953486722720197 0.987247186369354 0.9940763405857184
0.9953111020466526 0.9889933550022222 0.995416608868919
0.9954106062004614 0.9870982911334142 0.9947815853985755
0.9954647107939322 0.9888771915189993 0.9959587187110658
0.9955037011069364 0.9886571411501491 0.995711555814456
0.9954569894935774 0.9879780481089878 0.9958590515407516
0.9955834726186453 0.9870298678461717 0.9950713945333693
0.9954721993127116 0.9878596981122193 0.9955369376779277
0.9955313335503253 0.9864050958990961 0.9949246519374251
0.9955030501342359 0.9880440621464327 0.9955144219384535
0.9954597274503008 0.9875578888082875 0.9956822244426788
0.9955364320024823 0.9890812278981846 0.9958914947938864
0.9954808201057005 0.9885221316917712 0.9959899907818596
0.9954649169086743 0.9883185597135825 0.9959459769342472
0.9955706957510063 0.9874093526306622 0.9958021786891126
0.9953455790577522 0.986691866245855 0.9951569972038931
0.9955315130287241 0.9889734891601045 0.9962378508559886
0.9954822254634711 0.9858131664309974 0.9944529683996342
0.9955733035973579 0.986667229695883 0.9951925260422599
0.9954274816211006 0.9886976636220561 0.9951055462249039
0.9954444210871066 0.9866625974783544 0.9944713802966898
0.9953747656158063 0.9876590986759916 0.9947197365232799
0.9955523924036286 0.9860687434652082 0.9947904222833572
0.995500175562984 0.9854142961209902 0.9954094427224374
0.9955599604813589 0.9872390718824505 0.9962034515933457
0.9953892547512928 0.9876716357360065 0.9950865032539727
0.9954893638964316 0.9864255014607533 0.9955419132427868
0.9956663042284565 0.989325345721381 0.9954404728873988
