# full, direct, likely fidelities
0.9998974516534207 0.9990887648284575 0.9996333280269515
0.999896651097754 0.9992622559178579 0.9996025012656988
0.999898499531503 0.9991482891453396 0.99959057979964
0.9998992119054716 0.9990452774974076 0.9996004207091727
0.9998989856091537 0.9992589821102991 0.9996489623021388
0.9998995704413618 0.9992897344802464 0.9996909951119225
0.9998945564862238 0.9990271909934033 0.9995751829247189
0.9998972059981992 0.9989984081717593 0.9996274263050647
0.9998934639439623 0.9990946122579619 0.9996296806389824
0.9998961578415576 0.9990538142302812 0.9996565250982422
0.9998982253079955 0.9991942508691204 0.999645919281978
0.9998990326922795 0.9990094472354271 0.9997223223948499
0.9998992429367728 0.9992238995908624 0.9996602693517268
0.9998927392646365 0.9991028925488145 0.9996288533631466
0.9998983679264227 0.9991142747065308 0.9996125996453031
0.9998961076833527 0.9992147353595876 0.9996318367396837
0.9999000885095418 0.9989823185712642 0.9995961815747927
0.9998959066025476 0.999161545419457 0.9997107136984846
0.9998955172206415 0.9990765680133438 0.9995669339805077
0.9998955512464933 0.99909068534477 0.9996364336421748
0.9998977602298041 0.9991489796162659 0.9996391436161928
0.9998962041740651 0.9991615895843509 0.9996519686941667
0.9998981061682037 0.9989276300722312 0.9995634742243664
0.9998949604123075 0.999096434493074 0.9995691749802346
0.9998968058751077 0.9992644431448536 0.999673991777166
0.9998991541743142 0.9992012691284928 0.999609492439148
0.9998968193585573 0.9992178352899137 0.9996765353881766
0.9998935255765966 0.9990944838119626 0.9996612034275951
0.9998987321908089 0.9991499245710196 0.9995259418151158
0.9998974578459534 0.9993159667457083 0.9996328250827414
0.9998974401405047 0.9990737191200427 0.9996486215928237
0.9998966996148568 0.9989026514170649 0.9995661813568518
0.9998970081378776 0.999165504307814 0.9995985089154792
0.9998975011193207 0.9990325699255296 0.9996192355548316
0.9998959211824112 0.9993072950634628 0.999662158807469
0.9998974168037442 0.9989117531348293 0.9995918851456016
0.9998973750862199 0.9992144892806277 0.999725704743302
0.9998947712245838 0.9991769995603005 0.9996882942479571
0.9998963116478203 0.9991855977066176 0.999641652823277
0.9998974719332817 0.9991357094850581 0.9996867007611675
0.9998984049937283 0.9990706831941644 0.9997068315560247
0.999897611450803 0.9991553960261135 0.9996102301932884
0.9998978944333193 0.9991190665887303 0.9996057646151387
0.9998979469270497 0.999268375600077 0.999626645927872
0.9999006509008537 0.9989396854588295 0.999630840923313
0.9998934929655626 0.999107309436037 0.9996464920892002
0.9998958722736592 0.9993077386734367 0.9995960529299355
0.9998935775196454 0.9991617080889236 0.9997210255448704
0.9999006727868955 0.9991133735905676 0.9996638702864018
0.99989917359971 0.9991652536017169 0.9996074511008772
0.999895319238543 0.9992604843782914 0.9996798438888448
0.9999005744417439 0.9992232214577698 0.9997114813720377
0.9998998189072811 0.9990420007200431 0.9996068151753942
0.9998961079537577 0.9988542089917662 0.9996098040169602
0.9998977087001149 0.9991509906363067 0.9997695691914325
0.9998965521796132 0.9990245105462391 0.9997178369586246
0.9998977572426626 0.9992063580932562 0.9996510332940064
0.9998928717475735 0.9990038006554789 0.9994952229328878
0.9998943729229485 0.9991048231913431 0.9996610324984303
0.9998948343507628 0.9991975864154816 0.9997243836055759
0.9998997561939261 0.999184636090629 0.999614961082318
0.99990189098622 0.9992098058052455 0.9997104229430018
0.999897486366748 0.9989212560031318 0.9996917159155363
0.9999018875305621 0.9992094675856196 0.9996124671954042
0.9998948500035428 0.9991185745500616 0.9996720517435166
0.9998979056647718 0.9990420786223515 0.9996189167499754
0.9998973147931592 0.9991727905813312 0.9995906962250167
0.9998970307232022 0.9992126933217855 0.9996760610887069
0.9999012328182272 0.9992140552646596 0.9996448697234535
0.9998982724993485 0.9991508248932542 0.9996239579577758
0.9998969729284176 0.9990945686736118 0.9997483915534164
0.9999016741472007 0.9991651730402441 0.9996966966976085
0.999898047127954 0.9991369969408124 0.9996048813047774
0.9998985874941376 0.9991867789591607 0.9996318983670003
0.9998980782594453 0.999168396881005 0.9997220665280047
0.999894840647341 0.9991212886300078 0.9996588269367317
0.9998959449477589 0.9992239274911777 0.999560897650229
0.9998970396753775 0.9989714019146575 0.999607040114706
0.9998949326308285 0.9993183093407894 0.9996854329538994
0.9998973674144812 0.9991193072698051 0.9997275340593732
0.9998970572938456 0.9990748756743183 0.9995312845101515
0.9998906911805024 0.999131465363753 0.9996844232339324
0.9998928630360853 0.9991684031704446 0.9996878733932834
0.9998930540186296 0.9989732672693651 0.9996910689086398
0.9998996328445992 0.9991656299214995 0.9996517411714138
0.9998963090353756 0.9989060112548981 0.9995806071845456
0.9998942396602698 0.9992593736570621 0.9996794485467941
0.9998970801612266 0.9992175028889402 0.9996296680696629
0.9998976269975485 0.9990158693053289 0.9995975495220497
0.999897527123101 0.9991417404035254 0.9996374463407659
0.9998939522776058 0.9991660094234689 0.9995832328958913
0.999900448960582 0.998895345400717 0.9996648149021958
0.9998936024762529 0.999376172742887 0.9996991874320871
0.9998974916773853 0.9992504615016801 0.9996744233923387
0.999898868524525 0.9991572641224338 0.9997110796258013
0.9998978906209494 0.9991040025311871 0.9996625657106617
0.9998978246694463 0.9990309324204185 0.9996075952694207
0.9999006463654299 0.998966483880294 0.9996479943430402
0.9998966388167553 0.9992233955686642 0.9996780540872163
0.9998968773740802 0.9991473723933607 0.9996634380517402
