# full, direct, likely fidelities
0.6386160953037159 0.9011470125121415 0.968550780585021
0.6401355925790335 0.909539260116889 0.9674047918996366
0.6838280737497452 0.9027705942174391 0.9673944515646479
0.6854119874611511 0.9002955938704102 0.9623873865162937
0.6565764773967578 0.9132703059955418 0.9605863383882892
0.662808573528566 0.9054700412686963 0.9649599806170244
0.6593218755691292 0.9077428085680721 0.9634733384564064
0.6624145468423166 0.9098628699162795 0.9650042332607534
0.6654728894659996 0.8970360559916586 0.9648389439731954
0.6628205412674891 0.9079238180715814 0.9662389917619172
0.6693849921757964 0.905461420315515 0.9636735130729672
0.6573145087083619 0.9081307483512019 0.9630486070641114
0.6600447665692951 0.905947119800012 0.9621011099340556
0.6765870895980278 0.9061603721476205 0.9671096188807158
0.6623717022295087 0.9133636320697063 0.9612451415445064
0.6704425851133619 0.9037730934785836 0.9674414019360525
0.6668169029220935 0.9084340983398611 0.9645222513946534
0.6469924758533405 0.9116484478025988 0.9676699774995967
0.6720893899697932 0.9056389006369808 0.9658980718735101
0.6558698416362279 0.9030208848282623 0.9620674502944148
0.6536108362073711 0.9110122316742587 0.967203575133865
0.661124366492364 0.9050124776067653 0.9610918869630379
0.6853683198465856 0.9108578978811123 0.9631930312891777
0.6470056219120582 0.9102207956943444 0.9631279526510916
0.6994050466081768 0.9107353093138288 0.9616327525779921
0.6589185835679068 0.9019768048438387 0.9659773143316425
0.656918788229124 0.9064870716355976 0.9666419203794233
0.6443157925636935 0.9090563845260125 0.9693481092918288
0.679169164025678 0.9065789802683836 0.9641282766787573
0.6603722335649284 0.9138724718636134 0.9687418514737716
0.6715651831183601 0.9033875126336323 0.9629085449554984
0.6788365288152746 0.9079699769469779 0.9629111070078588
0.6662366026282073 0.9071665462750005 0.9652594510551517
0.6837105726683613 0.8994435496798767 0.96482732102411
0.657352682351172 0.9085649856912471 0.9649677842822034
0.6605878813890999 0.9012375095673255 0.9661164327690225
0.6598213742770042 0.9076219079764059 0.9653585019345957
0.6582749851557408 0.9000295919309086 0.9582281732370639
0.6547085634230344 0.9138664617760853 0.9653376121434841
0.6636483483970884 0.8936607619298232 0.9599405670532877
0.6610721730132227 0.9101893467725148 0.9651487299356232
0.652868707428657 0.9032114931920473 0.9625588658089459
0.6539269425207133 0.9044447498206126 0.9663275038724771
0.6658686216207804 0.910938407749375 0.9671915821346377
0.6716183807114149 0.9004422226029113 0.9638882332841611
0.6652253968026196 0.9092064033838158 0.9636377349545555
0.6771669500469585 0.9027762987499287 0.9639242597736709
0.6823562841243818 0.9080072274133895 0.9667317561721113
0.6584503848221238 0.9070005297007276 0.9664759611632495
0.6797949552078492 0.9056239225175089 0.9686100878315537
0.6690901618869052 0.908960465199588 0.9655086357210364
0.6490328798322519 0.9120467499352877 0.9669499852061205
0.6602085483437613 0.91351748691783 0.9623884535133426
0.673270637505847 0.9018462738382779 0.9664079799381807
0.6489235564043793 0.9125087543349704 0.9686322580654341
0.6818078954356438 0.8983750781900872 0.961953029817008
0.6907881354162336 0.9051684251934659 0.9615761845451009
0.6861272187071514 0.8935338680001064 0.9581803291540324
0.6655551830978612 0.9057668339346215 0.9631317078114501
0.6632971173615724 0.9041400105952847 0.9645068109855859
0.6679398675664039 0.908334631976376 0.9672392284276015
0.6585717215241489 0.9031971729955192 0.9624955237485817
0.6666048111701305 0.9056001843322836 0.9676433729324673
0.6739653369039095 0.9062260019795424 0.9650335587353881
0.6580882742708507 0.9072595474789087 0.9649615669776721
0.655915947261815 0.9049592439820219 0.9645792499572222
0.6462550928770009 0.9097756939186121 0.9669917147432464
0.6547238409488908 0.9077980806490579 0.9620708465278868
0.6653560767155576 0.9022209064183486 0.9657215542706605
0.6569659442204052 0.9104860612852184 0.9647413481445052
0.6707293726669483 0.9058575269382712 0.9671329738180074
0.6824913629126689 0.9026757340969951 0.9619349707416869
0.7034706209536318 0.9002849115509141 0.9655389770352042
0.6656122894230201 0.8940959725523882 0.9633152545979102
0.6414878263969302 0.9133476434133501 0.9664462209152561
0.6731115809256851 0.9042384415483345 0.9652327097798207
0.6571586716164394 0.9054167923203332 0.9647932154721689
0.6589212658638989 0.9120063373961701 0.9653619573083412
0.6770265294494264 0.9029806050401353 0.9634047548045463
0.6744022241844224 0.9126268867845332 0.9679534501727234
0.6558354349632392 0.903926084806458 0.9653038579819936
0.662394031078346 0.9187186886002602 0.9633454631760744
0.6655250034720628 0.9028347642987515 0.9686021200465985
0.6503857254846515 0.9060044785633721 0.9710302985628833
0.6505574390920498 0.8982999932805823 0.9619251327465542
0.6522432938807965 0.895446675649591 0.9601391855129974
0.666177274435061 0.9039295114364914 0.9642946512717206
0.7201188672467261 0.8925624516315946 0.9601900091584563
0.6514877487143061 0.9090291433389986 0.9688742556064717
0.6976766271932915 0.8988792504378174 0.9599556261778435
0.6625507387532397 0.9064750332508701 0.9678128149364046
0.6690929954834589 0.9088015272268666 0.9688351550180604
0.6625337320017095 0.9109689447683449 0.9641480523001058
0.6823993706409137 0.8994145603253678 0.9672435442797455
0.6640735744647539 0.9068989843052757 0.9679650165708423
0.664886302444684 0.9069313303436121 0.9653350932102915
0.6580870711444395 0.9064873285181189 0.9675649821819144
0.6766199175105123 0.8999458933949759 0.9677190261618098
0.6604429808574134 0.9022081786620119 0.9620267203323334
0.6696058879108132 0.8899180860153636 0.9629111285728233
