# full, direct, likely fidelities
0.9997535753378018 0.9931323876961075 0.9980816480375682
0.999732677305021 0.9948770637653543 0.9984631065124356
0.9997343518591768 0.9944441124395957 0.9975974972631028
0.9997432375344804 0.9874876629198734 0.9969609993014452
0.9997384533355266 0.9932030886329081 0.9980409073276025
0.9997345450655549 0.9933271213253797 0.9976854830240911
0.9997369282684827 0.9935143278486963 0.9974935466592666
0.9997452932438893 0.9945833331214292 0.997729894926054
0.9997398407631158 0.9946762801949309 0.9977081146636751
0.999761930340985 0.9945012698914268 0.9962128424273824
0.9997400320588322 0.9962868017430321 0.9985486296261062
0.999735399963305 0.9939740930157885 0.9975156026314407
0.9997308660462187 0.9944560175179501 0.9978053564412291
0.9997369854856767 0.994503858835225 0.9974453862211219
0.9997491271864973 0.9942762689010294 0.9974580610213715
0.9997536940830738 0.9928648228521482 0.99765811884399
0.9997424389792973 0.993364762045476 0.9974315276756336
0.9997270077364533 0.9927869749023386 0.9964682189489109
0.9997492495052522 0.9944591856807397 0.9979041976006332
0.9997516374483034 0.9898554801871736 0.9981549856053349
0.9997387273451414 0.9944198375346527 0.9971464912577638
0.9997532309810313 0.9940403781987068 0.9974242202885782
0.999755473101454 0.9930801783694848 0.9975365317066066
0.9997366755644594 0.9936598626562908 0.9971089602097996
0.9997401135512127 0.9921459740163469 0.9970839438754316
0.9997481498328804 0.992553773763995 0.9970527174665673
0.9997333618694016 0.9943387356341156 0.9981246592953237
0.9997320734716872 0.9930231033561356 0.997163097389473
0.9997460890899047 0.9932738028911482 0.9967203104251178
0.9997358352430255 0.9935286287615848 0.9953726032680736
0.9997386609898407 0.9949005650410462 0.9970925782853303
0.9997279661670068 0.9954260291055731 0.997327756675699
0.9997249683448072 0.9944012202086016 0.9977819920187865
0.99973757324373 0.9943784608918715 0.9985719582846395
0.9997351785937302 0.9917699856105908 0.9965325296898685
0.9997319968224054 0.9936209703719197 0.9978243444191289
0.9997453668134901 0.994033957516626 0.9976613489413348
0.999726354220963 0.9943828233324657 0.9979605969223505
0.9997468231999261 0.995292970724076 0.9986023874256695
0.9997384849194835 0.9942239183161905 0.9979342821291232
0.9997423306103544 0.9939349491582053 0.998116066003361
0.9997394969146219 0.99532637688524 0.9972442581350718
0.9997301945900681 0.9924796343495023 0.9971437522857484
0.9997624274975836 0.9947892085348169 0.9979204766294913
0.9997626471025418 0.9920818863173323 0.9970679312953484
0.9997401212666658 0.9940421795682554 0.9978349204637346
0.9997421194717222 0.9940083289747798 0.9983081057446204
0.9997618191098676 0.9926949470954406 0.9974825014317599
0.9997502231828527 0.9929585002110055 0.9974870718618729
0.9997457059572358 0.9945279579504049 0.9978941443555494
0.9997370211046718 0.9934529566657523 0.9977367678833842
0.999760896135336 0.995312377947266 0.9971933131740293
0.9997471545464325 0.9951569304866571 0.9980570980378283
0.999734489094673 0.9921125760191097 0.9977250273322918
0.9997282699651745 0.9948272759568395 0.9978469920518283
0.9997262634541912 0.9945939597206451 0.998054653918396
0.9997376435387161 0.9945549134469092 0.9977248779798286
0.9997466901991752 0.9942399907585449 0.997994124785282
0.9997215696736214 0.9932042308398197 0.9974639693269353
0.9997275140441756 0.9928493006971529 0.997025291677643
0.9997416738897787 0.9934646379408748 0.9976134676193537
0.9997552108283301 0.9907253434676031 0.9975093413026315
0.9997459824229924 0.9944113950887217 0.9981829945235077
0.9997373973214014 0.995771318847018 0.9979062513706941
0.9997562849795689 0.9938355499029384 0.9963333419376418
0.9997471597943307 0.9936117121043896 0.9973313236561842
0.9997370999965469 0.9931337449975984 0.9969499465188582
0.9997412149489147 0.9920706295539824 0.9974505978106659
0.999735461907936 0.992895038019587 0.9976629660644212
0.9997407618624355 0.992355477212336 0.9974164241878553
0.9997288013248182 0.9903208230218296 0.9973292528329992
0.999726236566754 0.9930766562053744 0.9975854154900472
0.9997379461583451 0.9932837997746219 0.9983956970631269
0.9997471897399329 0.9933974047657527 0.9974915392688756
0.9997460370342204 0.9935236904642137 0.997533860902504
0.9997259781664273 0.9933677131236531 0.9961680497058168
0.9997528153847831 0.9939855164052159 0.9979121185274186
0.9997311190625766 0.9932194569564106 0.9973855465276449
0.999742781632559 0.992006759891132 0.9981274499831324
0.9997389438818971 0.9942811515964979 0.9977753715656419
0.9997467655529334 0.9930316880127775 0.9978802292033103
0.9997329542707285 0.9934181248421214 0.9974672565879621
0.9997401299419482 0.9935901957003903 0.9976702494320111
0.999752828029839 0.9906730598590591 0.9974440577304494
0.9997331625366004 0.9906524955255863 0.9977213899932881
0.999753841792307 0.9940001464210091 0.9965117086011811
0.9997287864432777 0.9931536707823537 0.997455304220181
0.9997376415138016 0.9945315911819301 0.9969689698677514
0.9997452073092121 0.9963720410288124 0.9977068945791031
0.999731582750485 0.9949914183090056 0.9982322630883792
0.9997450378142451 0.9944870024865924 0.997990368862962
0.999738960040987 0.9948129583827703 0.9971159319213952
0.9997296924087409 0.9936901146979844 0.9976606034667855
0.9997297478718814 0.994287795355323 0.9973431052016749
0.9997353945421334 0.9945051616461581 0.997666676530265
0.9997454239239384 0.9911308778155558 0.9966286325312653
0.9997389075350833 0.9955588047067483 0.9984965690941876
0.9997422329935652 0.9944218196268796 0.997396047913843
0.9997540537497495 0.9931186247506595 0.9979681991916968
0.999751026648943 0.9947354135857169 0.9975363051031727
