# full, direct, likely fidelities
0.9998866115260094 0.9991593361169265 0.9996217994346065
0.9998767649186476 0.9991794583931514 0.9996779808443248
0.9998624681129618 0.9988744275082256 0.999547958464125
0.9998616448915645 0.998498780800943 0.999505399401388
0.9998592666733062 0.99905603971458 0.9995537286036282
0.9998723683627376 0.9990940632589154 0.9995738756229319
0.9998688426672114 0.9985812331701581 0.9994862729678953
0.9998677226319419 0.9990421931002246 0.9995042978998377
0.9998824648785039 0.9990052426363575 0.9996095638643353
0.9998660514946346 0.9988696554907662 0.9995494721615685
0.9998779056442645 0.9989737710821265 0.9995943369932011
0.9998728460313543 0.9991612652247884 0.9996697937636015
0.9998779602825364 0.9990710298379439 0.9995721466416873
0.9998675062438319 0.9989754518111785 0.9996353071044202
0.9998687138680644 0.9992467239401868 0.9996226978721546
0.9998813817559974 0.9989813806390647 0.9994723914422177
0.9998746930128057 0.9990873496909046 0.9995815819428668
0.9998696131391738 0.9990596518762184 0.9994697648097011
0.9998750024984456 0.99890659492185 0.9994319061432971
0.9998739265189125 0.9988976960803982 0.9995511403617832
0.9998656700848751 0.9992980289350436 0.9994968011505239
0.9998751191794552 0.9989646183272762 0.9996280569254565
0.9998801024090637 0.9990466471761903 0.9996912928511562
0.9998636411109779 0.9991922920311314 0.9995407644417853
0.9998752483721836 0.9986981993642634 0.9993204422660222
0.9998809974225851 0.9990126725123838 0.9996088231609215
0.999856519303852 0.9989054333858869 0.9995715664429585
0.9998542416895368 0.9989964715028522 0.9996835396808814
0.9998828641097615 0.999119468359373 0.9996178887950549
0.9998807647277668 0.9993232240815232 0.9995054964349944
0.9998758531669024 0.9989353070359054 0.9995073077857043
0.9998737143121745 0.9980761600344444 0.9993987511466733
0.9998727037774411 0.9992325526694648 0.9996781762817986
0.9998683532336339 0.9990424254362311 0.9995849146100748
0.9998755988798123 0.9987365633670263 0.9994015719376033
0.9998783264506201 0.9989604584725404 0.9995542193856101
0.9998771066299726 0.9989090835972588 0.9995724182541272
0.9998735424612814 0.9989973026994823 0.9995162794801604
0.9998876329420371 0.9988079681788916 0.9994589738993801
0.9998667451235033 0.9985690731487441 0.9995636053229433
0.9998804361837336 0.9988069283995772 0.9994519037017822
0.9998623164079242 0.998948016675316 0.9994456112168794
0.9998739453883367 0.9984867699775678 0.9996618029856703
0.9998763137059193 0.9989032881524639 0.9994034055841535
0.9998814071136718 0.9989165647348472 0.9996851583708999
0.9998864151634509 0.9988751509308115 0.9994611937757567
0.9998766652358335 0.9991295424258276 0.9996096606666061
0.9998650050151807 0.9991764898713333 0.999551244641433
0.9998727611664833 0.9988356775536958 0.9995542752151841
0.9998821853644426 0.9988859355962181 0.9996366238755978
0.9998549661462758 0.9991163106176972 0.9995572682284233
0.9998782132225383 0.9989076222020764 0.9996104295085428
0.9998793882301158 0.9990999519593637 0.9995881569654418
0.999884530514897 0.9989413075242904 0.9995109008870878
0.9998625183189732 0.9990171062117298 0.9995677070206885
0.9998789596146765 0.9989813990678322 0.9996391243628937
0.9998549928080814 0.9989403904929025 0.9995220323704296
0.9998680997498616 0.9989667237407328 0.9995405930005273
0.999868791611546 0.9988170102360275 0.999564788712773
0.9998560279035135 0.9994973771496716 0.9997236307461882
0.9998776178479762 0.9990088770528827 0.999506507372516
0.9998818932905608 0.999171525299794 0.999590229502662
0.9998671240166077 0.9990742728032111 0.9995682668378276
0.9998666445706421 0.9983554590662016 0.9989694749543111
0.9998809443583648 0.9991601081113897 0.9995127343939983
0.999880387940181 0.9988085575446382 0.9995567610625437
0.999870265530889 0.9989768213678597 0.9993907618688023
0.9998643941916789 0.9991132317220975 0.9995830019878571
0.9998683635578932 0.998910068737195 0.9995997043133301
0.9998744099152589 0.9991697279964433 0.9995786747527742
0.999857459669438 0.9989588536040785 0.9995815721092738
0.9998691004258566 0.9989445656641975 0.9995003870325984
0.9998741322272013 0.9992138212393039 0.9995816532203954
0.9998585033121923 0.9990488575296581 0.9993949299785319
0.9998701866680609 0.9986870401734192 0.9997076148272432
0.9998794937688176 0.9991465670652714 0.9995397034168944
0.9998963328083578 0.9991800889033505 0.9995658381475553
0.9998601210374571 0.9991549858038772 0.9995497946156179
0.9998738081339903 0.9988810238289257 0.9996631737961336
0.9998676029996881 0.9988444534738771 0.9995255074248345
0.9998768567499065 0.9987396308720555 0.9995068502934283
0.9998817354348526 0.999083466339506 0.999600091877635
0.9998718381227721 0.9991800270887239 0.9995925657981118
0.9998640729452618 0.9991014263389082 0.9995180805682227
0.9998533681277497 0.9984966117189283 0.9993198051647676
0.9998739163709448 0.9989972401508747 0.9994969424643942
0.9998678589035787 0.998791240503672 0.9995689604126565
0.9998539493537113 0.9990911049056572 0.999476130312258
0.9998690390921893 0.9991462539553924 0.999653225067691
0.9998807224038072 0.9991798372801248 0.9995780511144462
0.9998741192822348 0.9992931020956592 0.9994697900948196
0.9998754493458867 0.9991281569508574 0.9995415722052589
0.9998518836111926 0.9988382936417198 0.9995118407496738
0.9998605933264919 0.9986985592080017 0.9995342625645163
0.9998666927136982 0.9990767629855288 0.9995504528764916
0.999883534778921 0.9991796325772281 0.9996251401047849
0.9998748439950431 0.9989362586820587 0.9995588309397956
0.9998692634841327 0.9986369309854704 0.9994471009784011
0.9998728116509685 0.9986952519177484 0.999492615284596
0.9998643024234524 0.9987280645010873 0.9995597012753998
