# full, direct, likely fidelities
0.34831692749443155 0.7884579311858283 0.9153483619815577
0.37053269852004445 0.7873979274897472 0.9165933964645447
0.3695636758171418 0.7767343455535862 0.9118461233653306
0.3800461736141443 0.7846533845361955 0.9112018981843197
0.36410358501412654 0.782578945542583 0.9161679555927318
0.37157821542787883 0.7857688214534625 0.9110838343979536
0.34827624088554204 0.7780359421580757 0.9152436152965592
0.3693147115078642 0.7818330642857936 0.9088150605981367
0.3518941424621677 0.7834764903215639 0.9099387008868761
0.3821554323947943 0.7866743512530631 0.9185752879218593
0.36486617152428164 0.7704582170075415 0.9123849765675699
0.3809781262209478 0.7730639710009952 0.9150397773804642
0.4015260947198501 0.7726171820341803 0.9149398988802959
0.36516203760654065 0.7783550767008784 0.9137423780699175
0.36673550411174566 0.7776388748529546 0.9082592968695692
0.36677503045358806 0.7874773668527596 0.9142391088655516
0.37363161410046064 0.7899301400597996 0.9169120603781419
0.39560985761891365 0.7712597128572041 0.907490944666827
0.353853866214593 0.7794946816613688 0.9069922638335556
0.3619152969012011 0.775132860747858 0.91367670517021
0.3809883044661168 0.7711668612205095 0.9173177681303745
0.35259510876747546 0.7881286037526027 0.9127907456285135
0.3607362736186393 0.7817609231815269 0.9099889164812032
0.3808762341942228 0.776834450406675 0.914794274317189
0.3742110745223483 0.7847471413875878 0.9100174311036067
0.36596033907055875 0.7889394874045071 0.9157651177877569
0.37730771644331995 0.7799730002639802 0.9117547537860146
0.35738873571651814 0.7817818009611252 0.9116788979504521
0.3540316255151229 0.7821732804434741 0.910046294100107
0.3480331471588167 0.7848700612252069 0.9169934918308766
0.35975492034194817 0.7692126743175133 0.9117480667545681
0.38807395727181293 0.7826746567166208 0.9101799399480156
0.34585300142289105 0.7911408658569742 0.9100272988193856
0.3632664224236356 0.7932588378785189 0.9121281984787352
0.36566525903267305 0.7947294349069421 0.9148009286122065
0.396233247723979 0.7855624100034506 0.9053579181481416
0.35055047256240335 0.7869792333225726 0.9171741736640261
0.3662608209727162 0.7896557790947489 0.9115746810363351
0.3666999001751158 0.7968285067169522 0.9131057925968525
0.3748053600350622 0.7940707082991967 0.9164939463273108
0.3715899854332698 0.7750422958541541 0.9136291749700562
0.3680556695465922 0.7758114625677671 0.9082826991248655
0.361567309897663 0.7817692007810869 0.9153385157440379
0.3788014522873443 0.7935204085863441 0.9164175380792434
0.3714612228582119 0.7922163802275347 0.9141146536559032
0.3357314208830249 0.7880232527826143 0.9182279143466414
0.390686314822301 0.7684058613850949 0.9167626350550089
0.3569756339157218 0.7782470594250612 0.9114750727329535
0.3915458030167563 0.7800960294943208 0.910494798166728
0.3585271535827984 0.7881201536088602 0.9075970599888886
0.3539829060501204 0.7785115846115174 0.9141405664021053
0.34452005498026145 0.7834291366378283 0.9121818032168477
0.3865847725378353 0.7964738238303909 0.9110497727448441
0.3583462560449847 0.7762182433574821 0.912977267327901
0.3710301962127962 0.7747616746010816 0.9116878369043976
0.3756212823470144 0.778150416083935 0.9123705145134997
0.38371765619767506 0.7640415746911902 0.9065595330814266
0.36015990367810513 0.7749825475521519 0.908757834393327
0.373474731578589 0.7899354693483268 0.9016652455699812
0.36387914519387377 0.7891025250357279 0.9117849213286192
0.3411033285698797 0.7789238150603935 0.9161850893428183
0.37016978022828084 0.7710631868989655 0.9109697782777674
0.3645279871498666 0.7893216831965301 0.9101708048838647
0.36833245697813594 0.7861749120960039 0.9171780815060943
0.3764532466602251 0.7859690612477961 0.9189996051462537
0.35783760895127315 0.7760352688006262 0.9120214639075775
0.37312989807750596 0.7788110606113988 0.9053563548633237
0.3634860689810928 0.7645538341660968 0.9025134480460506
0.38200351000107785 0.7928371389824903 0.9134143028529064
0.37314518410367575 0.7871446400060055 0.910494302900755
0.36613309604957 0.788922759721988 0.9163340319175618
0.3931034478992454 0.77462340474999 0.9051443931280326
0.36849289307522054 0.791538363808707 0.9173245039997245
0.3789286399318488 0.7822641854141199 0.9126033325910654
0.41094674567001455 0.7687512021428852 0.8996930095633614
0.35178975737205487 0.7910581043034312 0.9194928631570924
0.37100911629749395 0.7744487537838852 0.916186686919752
0.3579992021182299 0.7838068960382446 0.9088409015403828
0.3747765718924434 0.778506543489909 0.9136340674298045
0.37325726117703145 0.7884791266722649 0.916097405344993
0.43637493901464275 0.7758568695520383 0.907944439681408
0.3516444134548569 0.7795809699838164 0.9088268716096176
0.37349622035204366 0.7933275663512749 0.9140368211416682
0.37966132435263017 0.7685909791187638 0.908886551133313
0.3395950369075349 0.7854930193583138 0.9177527991493719
0.3595017938943866 0.7924972871119843 0.9139950650246337
0.36671416818459807 0.7867119538301637 0.9062909018097449
0.35758306580456056 0.7784411308281846 0.9088527941237041
0.3826296928288387 0.7724897337373186 0.9118544171472116
0.3515349282497997 0.7887000496599021 0.9152814593208143
0.3865111735100693 0.7798625268613641 0.9105409294108128
0.3747226545485383 0.7742883182478588 0.9138435408280968
0.36622807207217434 0.7776976873544569 0.9116389122685058
0.3835479520891343 0.7739301602651849 0.9128670144593762
0.363498174069575 0.7730626458742705 0.9118337258291732
0.3952875527514393 0.7807022837076965 0.9124384160556394
0.3553613003228951 0.7739917716770675 0.9159538570742551
0.3912291604673257 0.7631723440459822 0.9097717374529727
0.38465130865092934 0.7945256735695228 0.917534246122578
0.3511706219343925 0.7955863997758998 0.9171677514842089
