# full, direct, likely fidelities
0.8481889036268804 0.9740085139686124 0.9878437528575464
0.8490321676358166 0.9750189421693076 0.9881202788522088
0.8480220576531642 0.9747190103531865 0.9878763257843296
0.8510129149327175 0.9740307783419642 0.9882508568451084
0.84787837525756 0.9744138623403676 0.9879303092739378
0.8484321297020211 0.9744321696453176 0.9880203455362369
0.8464268912973736 0.9748938409135932 0.9884253776792044
0.8478974788500317 0.9743099509752254 0.9881080427058007
0.8471650266182192 0.9750985758301205 0.9879942647480934
0.8475522183125139 0.9738882629664719 0.9874858406215972
0.8468804707044189 0.9739603659133086 0.9878450716804353
0.8474688181083334 0.9745915008894435 0.9879941968236735
0.8479131612688261 0.9748116898092515 0.9884148405141867
0.8479511480787475 0.975028915589847 0.9882297276583645
0.8455503118577248 0.974908554587759 0.9882645993062382
0.8458916925627524 0.975325258128599 0.98827739045897
0.8471702185540361 0.9743745833043803 0.9879926031946125
0.8504858934596358 0.9733365312268168 0.9873382021332482
0.8477482047760547 0.9755322686015934 0.9883089873029851
0.8456149407735158 0.9745116074700904 0.9880271670876064
0.845705364618691 0.9754611073198534 0.9885077020257678
0.8477639131859357 0.9747435651137529 0.9882276577705532
0.8459761895537923 0.9751078057707738 0.9883213161947626
0.8497587088113506 0.973368703348125 0.9876070709288596
0.8467064016855914 0.9749757838848417 0.9882546316498102
0.8464177709992313 0.9746391749512916 0.9877574295069609
0.846149500716802 0.9738064445750182 0.9878903977090246
0.8487417779787242 0.9740377925732243 0.987630882362004
0.8483005689389278 0.9743478895373361 0.9883252250640089
0.8456113798001201 0.9754809463787915 0.9880742234350027
0.8473919205243925 0.9736921048081139 0.987771022336144
0.8456992523776418 0.9747678712552281 0.98822231763073
0.847098418976713 0.9738775965799331 0.9878554260389597
0.8459373016175741 0.9744399294282807 0.9881823685200486
0.8469627812133635 0.9753738094627536 0.9886023941619989
0.8458865924039556 0.9744224143629486 0.9878089254678442
0.8477313770985784 0.9743809269751014 0.9880202811055319
0.846941997932172 0.9750283494635629 0.9882929058835801
0.8505725818413173 0.9731571085612702 0.9873624315396324
0.8463078006836874 0.9751456703005106 0.9880872372187757
0.8465508357042458 0.9743214890261402 0.9876346565554145
0.8447412307843036 0.9752562299073813 0.9881728451855669
0.8447769211322608 0.9751441526113296 0.9883009643006718
0.8484243305460808 0.9745834433494113 0.9880505790565973
0.8471414263659889 0.9748997509950084 0.9880081432225867
0.8462588184104917 0.97476640540637 0.9880280911822825
0.8475136848259414 0.9746705594795152 0.9881007103336414
0.8455333710103246 0.9753608057982673 0.9881888129675697
0.8455980525457264 0.9751282560881941 0.9881581816856577
0.8466282325086686 0.9751528577414101 0.9881536516380066
0.8467501402818128 0.974992560238949 0.9884098766485424
0.8476960728327301 0.9743942419215648 0.9877400754152796
0.8476683288341411 0.9746373742554264 0.987951401111436
0.8476825441165824 0.9736322867295122 0.988078224181798
0.8458074954822852 0.9751702966001612 0.9880669522995141
0.8486995176608099 0.9738980893787598 0.9880545044707151
0.8469505274508036 0.9748987010657378 0.9881405162609617
0.846501676827311 0.9752856356960784 0.9882704053549376
0.8466168739753096 0.9739378654403652 0.9883256611531717
0.8472400994494845 0.9738610238324772 0.9879931975254859
0.8467429155018433 0.9748985649998121 0.9880566918836959
0.8448490389550725 0.9753484214774131 0.9885728613215017
0.8463038437893513 0.9745499107228984 0.9876048955239082
0.8465858271343039 0.975089384193944 0.9885572133088051
0.846908482204006 0.9750332130980565 0.9880811319196565
0.8463116613251686 0.9754853546318318 0.9884108667125107
0.8481415203496973 0.974403109435536 0.9877858013375564
0.8497035557873798 0.9734238874297053 0.9876608372407272
0.8463417620715582 0.9751856380724301 0.9882398965348923
0.847346937270666 0.9736765827459599 0.9882923526588926
0.8480796334847271 0.9741774833184246 0.9876770361874113
0.8487751299207023 0.9742096472905308 0.9883710838836717
0.8478773201110251 0.9743830784027728 0.9879137909596929
0.8505257935850075 0.9741087395184632 0.9877859624070326
0.8463358187907888 0.9749059732266283 0.9881306650968106
0.8460012302122183 0.9745267597747848 0.9875950612594387
0.8477240007574178 0.9740946570774863 0.9877732549144662
0.846169679333314 0.9750916490055452 0.9882001373175454
0.8461033490781218 0.9758203554499753 0.9883469294999209
0.8478017066412322 0.9745528006582915 0.9878032398362876
0.8462501162132969 0.974533436071975 0.9884870537835552
0.8456292414398101 0.9755848353678411 0.9884058935941874
0.8493325613670303 0.9736587752636758 0.9876934043010324
0.8467869855067042 0.9745615173337637 0.9882941273583866
0.8491554757325126 0.9745507322663538 0.988255561777261
0.8476633438629891 0.973761505371661 0.9877324677779242
0.8475829068905905 0.9735821459684312 0.9874590291241803
0.8476583327565415 0.9739071493325502 0.9880504111088554
0.848473720390592 0.974252038100733 0.9880126094601454
0.8472566404811037 0.9746646882083009 0.9881039953948958
0.8449733398791494 0.974354816591303 0.9881131979473887
0.846056036736305 0.9744467914383153 0.9880034737038855
0.847640913997936 0.9741575265560216 0.9878921968289036
0.84661653762544 0.9749104199908498 0.9880137062163222
0.8477694757732284 0.9741284583302924 0.9883730230101108
0.8469660019292103 0.9749298269289105 0.988443930378766
0.8460439076923711 0.9745188686398091 0.9881740212489281
0.8449503253831785 0.9746907424593435 0.9880509762699063
0.8463590223623026 0.9754096931379782 0.9880626993970798
0.845497953320721 0.9748498406544954 0.9883012515631096
