# full, direct, likely fidelities
0.9527930072433469 0.9871158151268606 0.9945246747525693
0.9528906726900112 0.9867396552956398 0.9947037919716855
0.9539275912612617 0.9851390248450862 0.9946486197344026
0.9534640238147457 0.9866692178321383 0.9936143239056782
0.9532288171818991 0.9858030384533775 0.9938465390268477
0.9533487506361866 0.9875100267706305 0.9951729618500502
0.9538814445241535 0.9849944754024211 0.9944896192399226
0.9532568992944143 0.9860092764107307 0.9946687272297277
0.9529001724666393 0.9853026650312157 0.9950461613004686
0.9528815617040503 0.9869530251212673 0.9943113755174859
0.9525061314229173 0.985610126286264 0.9946170320866847
0.953093357964346 0.9840950547237852 0.9949287586517044
0.9535201150998709 0.9862006173590517 0.9944315895778735
0.9527208608681654 0.9855714939609537 0.9947235693479558
0.9540140466010735 0.9852628403706116 0.9951434352293957
0.9534542024270424 0.9861199373011081 0.9943259159990763
0.9536293840133058 0.987773534359338 0.9947301193694575
0.9525478481430185 0.9859730203899907 0.9944960633404163
0.9538018031423184 0.9853016141911374 0.9950669535003985
0.9531812861958454 0.9853717562951604 0.9949003828151096
0.9535468361132663 0.9857700536422765 0.994892176544432
0.9530578434217026 0.9859781552470578 0.994978156554341
0.954238852302137 0.9848664195454185 0.9946144105444261
0.9526962445546101 0.9848233650393434 0.9942629161063488
0.9532578685556964 0.9856555802826642 0.9939800934969059
0.9532400672700387 0.9852914666074016 0.9947498804525704
0.9534302357622869 0.9837381828878495 0.9937880289961591
0.9531788328640576 0.9869818091018648 0.9949757813853046
0.9527854991033508 0.9867096290001584 0.9951717998339227
0.9529229683730989 0.9862243222047397 0.9948363294628481
0.9534504475442644 0.9855296778966649 0.9948512307687883
0.9544084163505727 0.9848459307138441 0.9949286319444433
0.953217775929968 0.9860487516551797 0.9948195037510688
0.9539248662337003 0.9850666749065339 0.9947381387906475
0.9529376200172216 0.9861565530879801 0.9946739418721979
0.953440133802239 0.985838812041104 0.9946901779455485
0.9534919836248864 0.9864199084992429 0.9945954065250462
0.9529641660765512 0.9855749227784206 0.9954505232228198
0.953145213190197 0.9860408454400593 0.9950403178694596
0.9531867570658202 0.9842365091225612 0.9947299095702596
0.9526561972859582 0.9856464069380055 0.9938750437968571
0.9528979091936906 0.987030020338072 0.9949246972405721
0.9533464845270341 0.9849323298153249 0.9942279206660973
0.9529075100951858 0.9857690890668094 0.9945755826291578
0.95279420674297 0.9852139579388386 0.994138367049001
0.9531017602590305 0.9868145536583701 0.9947127939034613
0.9533069065004884 0.9862429542345518 0.994478341509919
0.9539489881788589 0.9851174155143001 0.9944773700150352
0.9533835298006148 0.9865067209299276 0.9950285135472825
0.9541721967193796 0.9854924008211519 0.9948261016561838
0.9536618018084032 0.9856966254871538 0.9946804951373509
0.9531703244159228 0.9857861498857456 0.994749245313946
0.9530300767607142 0.9864661455325269 0.9947214443359703
0.9536521777571556 0.9849253673290674 0.9937449067507261
0.9527756072886856 0.9866152161142109 0.994696068945671
0.9536018907916648 0.9838131990253164 0.9945624206263131
0.9541239046789864 0.9839301225954293 0.9950850684089612
0.9542046813460613 0.9821350636798106 0.9940606533178766
0.9528974784688565 0.9852225619101144 0.9945673098535441
0.9531765383081106 0.9846749042578389 0.9941712669360631
0.9537172321971022 0.9856218324341993 0.9950174232464672
0.9531833969077605 0.9852778997712425 0.9945652889628638
0.9532098822512661 0.9846984524224852 0.9945850944143512
0.9540074980273885 0.984837684599635 0.9946168132789669
0.9536216718425493 0.9865693819710697 0.99464508346415
0.9535185114387289 0.9866975138325899 0.9945011705776932
0.9533326309622444 0.9857369259442901 0.9945342013623938
0.9533609104357724 0.9862145251930211 0.9948902734479405
0.9530342863424094 0.9862952499157186 0.9943616499324885
0.9532966938859002 0.9849364123937784 0.9941365606992363
0.9533340099850839 0.9821789757059812 0.9955016153037297
0.9541025024666461 0.9863929813952655 0.9950054974736801
0.9544792006235489 0.9861060264339744 0.9950596140437415
0.9530646457132836 0.9844036446824473 0.9943052928778517
0.9528481429454397 0.9869593691688933 0.9947832673916529
0.9534437040387088 0.9858843286501167 0.9946986337001552
0.9529836591043412 0.9868846834556467 0.9947276403272376
0.9534201190067366 0.9849842023367201 0.9946799064713662
0.9533512624895105 0.9857460069841631 0.9940687424109004
0.9534939539808676 0.986227534786021 0.9942031688179428
0.9527689383296326 0.9861487700748643 0.9953633518355767
0.9528201812253799 0.9859642117993695 0.9947453323473663
0.953405950450568 0.9858447674999854 0.9945915227232414
0.9527484435396923 0.9828206876873101 0.9945737662436572
0.9529008178589721 0.985175903436645 0.9943249091117803
0.9527820068211894 0.9847559893330219 0.9938382654369079
0.9526848009274965 0.9859580384579066 0.9947202664206417
0.9547352453894682 0.9828969343779043 0.9935618904265985
0.9529734228970428 0.9867631933730788 0.9945813985447511
0.9546117496179427 0.9837963432165364 0.9933205394241301
0.9532045326056743 0.9867363704974685 0.9943248045806825
0.9542476872425784 0.9858165457980073 0.9949838771784493
0.9528305038244086 0.9853696654437855 0.9951434576900806
0.9529909574783786 0.9843991972765957 0.9944412279026457
0.9527729227741752 0.9863431190506327 0.9943086743457558
0.9529974957176581 0.9867373957916973 0.9945266381282135
0.9529075209803562 0.984982701270994 0.9953317810664548
0.9538957616222984 0.9840841685188538 0.9940974763077243
0.953281268421177 0.9849771886168812 0.9944308122729826
0.953025975008455 0.9853555803182361 0.9940543121482444
