# full, direct, likely fidelities
0.9807374880970559 0.9915264139597794 0.9960089124609051
0.9807627371179283 0.9916562516326929 0.9959273694955086
0.9805914635602574 0.9911405979810126 0.9961286464067148
0.9806014492496095 0.9907861406485725 0.9962975078388884
0.9805151310696179 0.991251869186328 0.9956963651187569
0.9804932612522319 0.990873454971806 0.995993646407203
0.9808145617421937 0.9914593105176611 0.9959595965178032
0.9808197763415989 0.9921190904639994 0.9960968786371437
0.9806836235062653 0.9917271138314134 0.9958963639597285
0.9808970730166325 0.9916323259911674 0.9963747989249818
0.9803918026095655 0.9915574193013887 0.9962622478973588
0.9807046343416546 0.9915620664920594 0.9960928632707124
0.9806741215851926 0.9914272051965412 0.9958661477103651
0.9803708149201259 0.9908376367833384 0.9959890470582692
0.9809066376104147 0.9918641576042055 0.9961388736699546
0.980436107778316 0.9917845653584162 0.9962542002743048
0.9802841705420826 0.9910265705234671 0.9958442147499871
0.9808203289463053 0.9919147247897485 0.9963128050682672
0.9806223691114049 0.9910985124776657 0.9960872592852034
0.9807306879686131 0.9913997179971846 0.9960550255857532
0.9805980161150346 0.9912917281687221 0.9962044774202298
0.9808476133607907 0.9914109585229915 0.9961481028145487
0.9808314439394268 0.9915638101374529 0.9961321043544356
0.9807690314368916 0.9914102187706068 0.9957926129273394
0.9806128949229185 0.9918598554385322 0.9960182632864978
0.9807316330322314 0.9917409538439439 0.9961911325668579
0.9805324155076605 0.9917188362594836 0.9959512295807995
0.9807409048321704 0.9920282571226745 0.9962442106800695
0.9803836268132365 0.990941727422811 0.9961443322346055
0.9807106073080233 0.9911237644558791 0.9959059203466499
0.98079721947427 0.9913569756259122 0.9959532635581413
0.9806090894273275 0.9912105148724637 0.9959231820270905
0.9808530344733222 0.9916056425212568 0.9960168448883917
0.980929897903945 0.9914842431186438 0.9959921842909601
0.9807053801831845 0.9911087555418174 0.995881809995517
0.9804324238520093 0.9911406593526325 0.9959369240628257
0.9805859984958397 0.9910483557199917 0.9960337508780146
0.980800012034333 0.991636538970501 0.9960903944335888
0.9806272687620999 0.9915634112276662 0.9962413276191254
0.9806063025512944 0.990851354290463 0.9958410170867112
0.9808234959882279 0.991767241543847 0.9961582881161718
0.9804964912312243 0.9910417232897346 0.9961747395105007
0.9807667782399206 0.9915203983018621 0.9959707513885172
0.9807060420913392 0.9916543007989854 0.9961144569288246
0.9805279123959157 0.9909456460639616 0.9960234834589624
0.9807700561426469 0.9919063489994446 0.9959732648913945
0.9806671203093132 0.9916240517254121 0.996003254597826
0.9808016502344075 0.9913147808227123 0.9962593528874756
0.9807688629436736 0.9916028148864923 0.9959090128741419
0.9807919858625639 0.9917796734788402 0.9960493795503786
0.9807460459537897 0.991293156220052 0.9961845422561628
0.9808525710633875 0.9910331066248399 0.9961263968889097
0.9806213156825216 0.9917361931919223 0.9961372032655202
0.9803410616780242 0.9913521314212513 0.9963044582321835
0.9807441530391764 0.9904326109034709 0.9958430845581807
0.9808555459095936 0.9917375875864443 0.9959850482248752
0.9803382822436056 0.9913791744037124 0.9960480290442519
0.9807338081686304 0.9914910615175362 0.9959997899065576
0.9808790751646592 0.991886370059948 0.9961352048106438
0.9807793543231668 0.9917518095672482 0.9960905112401727
0.9809059991949916 0.991390251744942 0.9959701940915704
0.9806055068518335 0.9916552302163594 0.996193332657389
0.9806599909628205 0.9913695081905471 0.9960523527375557
0.9807455027012518 0.991526057851032 0.9958810525185106
0.980807508966522 0.9915918210252814 0.995999315487828
0.9804917241106106 0.9911811580806444 0.9961864588764944
0.9807654842437185 0.9914821841811776 0.9959384539210426
0.9805023271922476 0.991825297201334 0.9959850309063348
0.9807652264286555 0.9918731108684395 0.9958207256000765
0.980721577089924 0.9917165421870237 0.9961838342316827
0.9808247725016301 0.9916555566982461 0.9960983114167764
0.9808930942415249 0.9915082273161142 0.9961201035977046
0.9805955614637443 0.9909597000169026 0.9958329966848001
0.9802748763851463 0.9911630293879603 0.9957655768115172
0.9808094314742081 0.9913176325126802 0.9957709348883077
0.9809350440555955 0.9912804701422083 0.9962897174046625
0.9807296725068787 0.9912759913306618 0.9961553002177677
0.9806742593080444 0.9915897304984468 0.99600238916914
0.9806680904526406 0.9915034333391304 0.9960134415931812
0.9807229929551283 0.9913267598860704 0.9959049217424397
0.9807695506779963 0.9914894280183939 0.995936459742706
0.9805003898009771 0.9910887846886297 0.9957303673513082
0.9806806272536424 0.9915297928542528 0.9959792591872202
0.9809485096609586 0.9919461062955669 0.9961136837289405
0.9805701101017913 0.9914039647220763 0.9960153160772893
0.9806157745842434 0.9918730297953396 0.9962882748410766
0.9803068168109773 0.9914195251276949 0.9959000974321482
0.9805435260969559 0.991603004140171 0.9961583168458603
0.9807144476984578 0.9916288334538118 0.9961049421654906
0.9806575405596633 0.991273987725621 0.9962455054167543
0.9807211052048614 0.9911852092498097 0.9958242541949224
0.980714147840838 0.9910902558378762 0.9961055273391608
0.9807601338770149 0.9914460719979377 0.9958834305392841
0.9807786765385735 0.991199300620963 0.996121751642351
0.98072381167088 0.9910914735672618 0.9961602938104719
0.9804786433471152 0.991081889537568 0.9962323011906752
0.9804306418944955 0.9912861888837728 0.99597621501688
0.9809328869507279 0.9915809103496924 0.9961475936846622
0.980616892780641 0.9917478149451228 0.9960265293811219
0.9808688639694039 0.9916860835425804 0.9961451155057247
