# full, direct, likely fidelities
0.9999384369308177 0.9993445048127103 0.999653527159023
0.9999337858785308 0.9994078381656007 0.9996337299480353
0.999930183003164 0.9993073645336559 0.9994703893070519
0.999934513426792 0.9992154880745054 0.9997354317353391
0.9999198460575596 0.9990675946517495 0.9995505419001574
0.9999327597331207 0.9988619213107356 0.9996160953871365
0.9999322824001893 0.9993641376771732 0.9996527623456538
0.9999404986703596 0.9993027525212905 0.9997520532043376
0.9999269834949995 0.9995436235478161 0.9997055167624634
0.9999450253202188 0.9991458693205241 0.9997051924649388
0.9999379690044026 0.9993880175732748 0.9997594149322041
0.9999318963072071 0.9995060813662441 0.999795722275533
0.9999381844960634 0.9993164314399218 0.9996886881036784
0.9999261143842921 0.999549547496883 0.999697946933578
0.9999361798648042 0.9992702181248215 0.9996237811466367
0.999932206262482 0.999334166306289 0.9997376430349362
0.9999362507984072 0.9992446621658296 0.9996329473256548
0.9999319888486197 0.9993531573108136 0.9996421485546167
0.9999393715570809 0.9994478340074192 0.999779669402224
0.9999376658763837 0.998701233118291 0.9992834536273066
0.9999354498456279 0.9993784640680282 0.999722224958052
0.9999340300737976 0.9992427450553255 0.9997640498332322
0.9999372910826894 0.9995061251340966 0.9997471934664937
0.9999370139092892 0.9993815628838678 0.999780046366605
0.9999338953743143 0.9993496077580711 0.9997599319821051
0.9999387638632894 0.9993906557088319 0.9997074984374983
0.9999280629343383 0.9993854061872478 0.9997018447262533
0.999936867932144 0.999197971921334 0.9997408813053837
0.9999284864908519 0.9995074304272276 0.9996974664179165
0.9999356144935383 0.9993472054623095 0.9997011481515772
0.9999309743065764 0.999371605738742 0.999719621927914
0.9999299863603333 0.9988310770658593 0.9993087809759668
0.9999435425243306 0.9995032713920596 0.9996635939888167
0.9999484492225325 0.9992401103772119 0.9997877319760716
0.9999434100845676 0.9994476097960099 0.9997630327055295
0.9999364181652313 0.9992382444118862 0.9997223033596934
0.999932564231522 0.9991531220515787 0.9997200522394885
0.9999412162300055 0.9995482367436798 0.9997680849610558
0.9999400978683134 0.9994698877958129 0.9996843148335235
0.9999415227583929 0.9987546038707351 0.9997186833035396
0.9999317544770301 0.9994610236681197 0.9997541233006556
0.9999330233847383 0.999484488748158 0.9997837461702579
0.9999430562411299 0.9993587359239855 0.999669385799472
0.9999372048632575 0.9991757028508764 0.9997312138255505
0.9999324173600266 0.9993987952025012 0.9996206793659738
0.999944549978972 0.999334470486024 0.9996581564674699
0.999940851768982 0.9992545787656991 0.9995535856403441
0.9999481128368854 0.9990463639232744 0.9993462869556567
0.9999387485066702 0.999056940878755 0.9994247728116501
0.9999448878409466 0.9993211832780868 0.9996358085152034
0.9999350143362137 0.9992345327980282 0.9996829519344133
0.9999369393130916 0.9991014634634336 0.9997736654558439
0.9999392949104613 0.9994717015253065 0.999753299396926
0.9999506603018546 0.9992127382676479 0.9995973781084757
0.9999242841237352 0.9992298151821271 0.9995112880209677
0.9999197445242637 0.999153891144445 0.9995057082091009
0.9999299797577897 0.9992002923445122 0.9997865179634988
0.9999353489475717 0.9992706086120464 0.9996984957767259
0.9999343249495405 0.9994102376688669 0.9996542051509621
0.9999347222404225 0.9990944120395941 0.9994501756218669
0.9999371233181973 0.9992949711459483 0.9996494842772392
0.9999378023451458 0.9993473133430176 0.9995428408737405
0.9999264873180842 0.9993508220336972 0.9997596743117264
0.999931945544816 0.9992791593345185 0.9997462466791428
0.999942323616123 0.9992190710918648 0.9997264355056109
0.9999459286146483 0.9987627957205479 0.9997307538765633
0.9999342682556689 0.9993155255799846 0.9997250869788731
0.999927732221009 0.9989587537171877 0.9993874227730293
0.9999420063278889 0.9991270437796402 0.9997206615595026
0.9999237570749356 0.9993591637707524 0.9997776283418711
0.9999315013527552 0.9993922611030946 0.999738915045341
0.9999244726387474 0.9994618660625165 0.999658735086787
0.9999320508246541 0.9993680135711231 0.9998140218055965
0.9999342314359095 0.9993741118618441 0.9997923374178184
0.9999501053301674 0.9992987280886841 0.9996172019265569
0.9999275790179402 0.9990645194684653 0.9996651915248376
0.9999377619628868 0.9990232453965006 0.9997524730870543
0.9999481871875636 0.9993518510433554 0.9995043488351802
0.9999319100135768 0.9992644773762246 0.9995773791535715
0.9999393443771674 0.9988607728779054 0.9996587287747607
0.9999341874042479 0.999421520012466 0.9997279286819103
0.9999379266408245 0.9991077720092872 0.9997324182172234
0.9999363455088355 0.9996144680728966 0.999818328483361
0.9999303896665488 0.9992365915410696 0.9996589189375622
0.9999369173519973 0.9994299597835441 0.9997834257550405
0.9999407627442819 0.9993763606480291 0.999733524425225
0.9999383867725711 0.9995238147653625 0.9997411505529581
0.9999373669008706 0.9993270956539243 0.9996642210859656
0.9999342546407649 0.9991745007594529 0.9997306909876927
0.9999270407913077 0.9992399324547208 0.9997858208812038
0.9999395590772177 0.9992750852899176 0.9996986359197249
0.9999406124086887 0.9990343897109704 0.9995836515571732
0.9999298936646257 0.9993187411571801 0.9997330982616854
0.9999323273825532 0.9993786181181165 0.9997252573434827
0.9999386305316968 0.9990304832344117 0.9994538792215835
0.9999336513422306 0.9989849850830017 0.9997689503513135
0.9999313775908334 0.9992242127225214 0.9996687710774571
0.9999341546166164 0.9991436728896927 0.9995796182437228
0.9999323895515929 0.999320966289838 0.9997852061286359
0.9999382290684518 0.999495648121317 0.9997647404312444
