# full, direct, likely fidelities
0.9956077817581805 0.9899298560540313 0.9961516989844227
0.9955767175335232 0.9897735370475683 0.9964006207488172
0.9956075006992634 0.9872221444088702 0.9947742805120053
0.9955206231899089 0.9890777303956343 0.99521721590925
0.9955555127153842 0.9898678189785265 0.9957726367924458
0.9953534369608974 0.9872825782763615 0.996067694077044
0.9954880694183383 0.988187831190616 0.9956109453292052
0.9955502825268441 0.9904174950792778 0.9955307372328475
0.995561879756399 0.9891477347533187 0.9953059847128977
0.9955909058087719 0.9900812505032797 0.9961353258618381
0.9954780721363093 0.9883244886913997 0.9952913265522512
0.9955483868245846 0.9849228399947545 0.9962240418684247
0.9955421501970678 0.9883825992626557 0.9956485471356314
0.995620061101264 0.9893875347546206 0.9954453303663713
0.9955407972948384 0.9890113415451091 0.9951626349232322
0.995534430376444 0.9889099928223802 0.9961361512372519
0.995555901796804 0.9900963225647251 0.9955155737619217
0.9956525370477839 0.9885205577108059 0.995824155153616
0.9955549616544805 0.9875024283027962 0.995306722328784
0.9954467665968005 0.9888170509067122 0.9957380114388895
0.9955107448070902 0.9878910157642833 0.9958710491126213
0.9955737427472098 0.989617028680195 0.9955752209517984
0.9955036670821689 0.9883945040519697 0.9956024106894622
0.9957145363033815 0.989211501879916 0.996075244732259
0.9955039891156177 0.9894707718844519 0.9958331016264574
0.9955820246739532 0.9899408116945078 0.9960066524534403
0.9955159256551606 0.9895100170352858 0.9955478475112467
0.9957003073041146 0.9886553299708538 0.9954415164173144
0.9955553690682161 0.989363306949938 0.9962652029369586
0.995520212953997 0.989625127652928 0.9962098479726678
0.9955155254158803 0.989843569919642 0.9964157931372843
0.9955652957144644 0.9881138545417909 0.996267111499152
0.9955297371450093 0.9890600307911545 0.9956296500889533
0.9955587626544221 0.9887655784364698 0.9962198579929904
0.9955004994448546 0.9869096145703323 0.9947736743843597
0.9956760639130005 0.9882389286973756 0.9956198305773181
0.9953849127787042 0.9893208730072477 0.996370377091989
0.9955792989109672 0.9889098384720575 0.9956045134997848
0.9956894882074445 0.9902623474379858 0.9959894802893535
0.9956319745748727 0.9900091869106011 0.9957334492608981
0.9953388653911542 0.9846793195565011 0.9941923134532905
0.9954891213208189 0.9893347796122379 0.9952009278974342
0.9956530994466651 0.9897502476092734 0.9958481185590405
0.9956074628754376 0.9893310763842127 0.9961732684584168
0.9955243840792863 0.988444004686282 0.9964832656450489
0.9955577836923155 0.9885914349026589 0.9958840141113315
0.9956543585309047 0.9892666900887628 0.995406652865655
0.995336382863225 0.986383524542686 0.9958646237268316
0.9955414845730377 0.9892195987799396 0.995478646658649
0.9957134699137733 0.9896729147183921 0.9959386989508552
0.9954700714681274 0.9893924354846649 0.9962012965479472
0.995641443727215 0.9900964860372918 0.9960380208278055
0.9954893455759337 0.9888623160221897 0.9956138140343848
0.9954791879960969 0.9876343402962364 0.9953580878736616
0.9954946103302115 0.9900043354547615 0.9955399020063795
0.9955241529397384 0.9860733772205702 0.9952002277357709
0.9953939939513023 0.9877223702055002 0.9959061238178374
0.9954947737839455 0.9879011115863037 0.9963354105544445
0.9955694576330785 0.9873285711293316 0.9961273065374338
0.995580800044905 0.9897875247835439 0.9951046280479325
0.9954583387227318 0.988150100450233 0.9961407286454746
0.9956498748800887 0.9887910394004904 0.9950533492754019
0.9955223317047749 0.9875429424551261 0.9950031381774146
0.9953722382211461 0.9876327804604103 0.995553991564687
0.9956456316953556 0.9890593250176835 0.9957373164149838
0.9955794988021229 0.9881473455207096 0.9958027689908644
0.9955322724824942 0.989414636053915 0.9958995009654041
0.9955859902844546 0.9901260173564944 0.9950040604151578
0.9955430023074138 0.9878825242073781 0.9959652206297304
0.9956187001436478 0.988134237974419 0.9956984888208557
0.9955576804771276 0.9889763123606117 0.9956350807000413
0.9954507690625494 0.9886466005898569 0.9957393627437823
0.9955067972012259 0.9895535339059145 0.9961819447317881
0.9954720221247886 0.9871787638512839 0.9948455336248184
0.9955904393014607 0.9890944277294628 0.9960039787922617
0.9954873177951694 0.9889416246603187 0.9956940773865846
0.9955926407890174 0.9880656209055063 0.9960403696621866
0.9957179824871297 0.9899202053117727 0.9960149523271807
0.9956363718419068 0.989133163553739 0.996004214442746
0.9954548146643881 0.9895594050247605 0.9956518554047881
0.9955391792946483 0.9882941906550538 0.9961503461062258
0.9955008268421932 0.9885384843900704 0.9962106183241888
0.9955518857853038 0.9897144913036517 0.9961068664490276
0.9954850610650487 0.9880520737222473 0.9944419404038419
0.9955152755583522 0.9896087109492822 0.9958115797870984
0.9955280206499673 0.9890852273833126 0.9958818291908905
0.9954878542417009 0.988099780291289 0.9956101129724931
0.9955640944995998 0.9883459477944586 0.9956638021296544
0.9956381422752238 0.9883586681518076 0.9953480080667004
0.9955690721133016 0.9898032635565582 0.9958263974140673
0.9955966771502733 0.9854218803431931 0.9953345137490452
0.9954830473268108 0.9869326532216683 0.9952815556869629
0.9955204198747927 0.9880664304783721 0.9962858159882549
0.9956025031840521 0.9886819789496072 0.9954644547229428
0.9956433874567309 0.9891856822098125 0.9956685546740434
0.9955332968899431 0.9889293679758955 0.9960217797833325
0.9956652393153519 0.9892194643810652 0.9962220970135737
0.99549432897693 0.9891405280391408 0.9960965146093889
0.995460187680446 0.9875212688746285 0.9946701733000365
0.9955399946747092 0.989001682937709 0.995868259491733
