# full, direct, likely fidelities
0.9927275871891814 0.9970104543388707 0.998727064306451
0.992665272130622 0.997024422582222 0.998804524327775
0.9926619540267374 0.9968931838131967 0.9986561066547206
0.9926408319811407 0.997054246122074 0.9986646191864681
0.9926744909281527 0.996988620735653 0.9987794089124599
0.9926679902227258 0.9967264197195559 0.9987564447451216
0.9927744118621882 0.9970535797185472 0.9988936279492504
0.992688260899583 0.9969188852991054 0.9987793901030053
0.9927357592302017 0.9968761832379156 0.9986937332749829
0.992636162955491 0.9969088571470679 0.9988303749401556
0.9926181542097495 0.9970966469434898 0.9987858801788526
0.9925723088174535 0.9971027363399855 0.9988463951401033
0.9925519221344746 0.9967455261095276 0.9988530439640788
0.9926729428151588 0.9968232322001588 0.9987006723288813
0.9926756194085337 0.9967666933336788 0.9988275269694571
0.9926791389585697 0.996917125164152 0.998693779720508
0.9926692612028216 0.99701237136941 0.9988544113217735
0.992550518393452 0.9964888477972528 0.9987278206539606
0.9927339229556339 0.9966197144145463 0.9988664881607238
0.9927062116572655 0.9969261971897245 0.9988335077121083
0.9926123620734384 0.996711612587038 0.9988179611310493
0.9927360449566776 0.9969330404513295 0.9987659950544073
0.9926995237913849 0.9966432280124451 0.9987756332935279
0.9926088769266276 0.9969105979177394 0.9987597391434002
0.992628124709677 0.9968797116350937 0.9985875500159448
0.9926397570393177 0.9969878307476199 0.9987581500571746
0.9926652870236737 0.9966986450661997 0.9987004071562167
0.992678587076645 0.9967805599822679 0.9987412300693352
0.9926985348140559 0.9970378062268014 0.9988534870886281
0.9927388545812413 0.9971902173615727 0.9986734334799341
0.9926999633843029 0.9970056214279447 0.9987559908186362
0.9925729085438189 0.9968637805396136 0.9987134129094175
0.9927820902843636 0.9970286514963583 0.9986951112762728
0.9927051324729546 0.99698314828655 0.9988770071752756
0.9926170701369545 0.9968723585737568 0.9987101031708587
0.9925663693994186 0.9965997208384355 0.998614274820648
0.9927560029808191 0.9969599574880125 0.9986836960341833
0.9926643640378481 0.9967930607841049 0.9987136275149465
0.9927224197118537 0.9970448660240232 0.9989032007936678
0.9925892972791462 0.9966834520563566 0.99864047796499
0.9926305421463124 0.9968932303510287 0.9987099851035838
0.9927168335989863 0.9969218219933522 0.9987160885293219
0.9926706502560528 0.9969541886418302 0.9986909071241371
0.9926701232180567 0.9970369160681694 0.9987632839996787
0.9926293558384555 0.9969713123335515 0.9987726216045497
0.9928159874218997 0.9972023974938902 0.9987946024939458
0.9925508516823287 0.9967061116170085 0.9987881096765664
0.9927242986930092 0.9969234451359119 0.9987383088366533
0.9926026037417243 0.9969653608848544 0.9986516296756541
0.9926986427122211 0.9970155923857584 0.9988104886412766
0.9927617121777302 0.9970536973460304 0.9988640092765211
0.99273531529758 0.9967918064301798 0.9987333803511341
0.9925752482590584 0.9967022535936435 0.9988454134055103
0.9927108025823183 0.9969332581506457 0.9987080700289681
0.9926881683771119 0.9968474683652284 0.9987504746804746
0.9925884393475652 0.9969610933903776 0.99870939052933
0.9926479528829137 0.9963925879417237 0.9986661508390393
0.9927179601928038 0.9968902911281933 0.9986932494625823
0.9926250632863042 0.9957612961387955 0.9988585118504897
0.9927117778413158 0.996921362264192 0.9987473061781256
0.9927557645445783 0.9970597191281246 0.9987916982248107
0.9926722589888775 0.9968217507784328 0.9988672472519075
0.992682035724897 0.996835175493627 0.9987770213359008
0.9927290822828505 0.9969703575456822 0.9987923274276441
0.9926741948649652 0.9969044783959449 0.9988218195200411
0.9927067643744941 0.9967659242715415 0.9986792264103546
0.9926457172196459 0.9963903902929633 0.9987439372080836
0.9926719175981418 0.9966274883582107 0.9987128555246129
0.9926505682383211 0.9969130683437317 0.9987000935270571
0.9926538500454524 0.9970268580755987 0.9988240895612585
0.9926137636446929 0.9965501233279608 0.998595553416868
0.99255538579502 0.9961312198217389 0.9986263710016233
0.9926953409427102 0.9969118638691291 0.9988535751487122
0.9926199364683299 0.9968536638330293 0.9988106472178546
0.9925233462130848 0.9959313306556042 0.9986875299450776
0.9927255510017492 0.9969117993804092 0.9987718218991282
0.9926450909244198 0.9965657756970414 0.9987931427935903
0.9926818710669946 0.9969295009861016 0.9986747489436733
0.992662769976218 0.9968838522610474 0.9987233340432043
0.9926956848806021 0.9967982686477951 0.9988766337419137
0.9924319914247536 0.996116967274917 0.9984497211003482
0.9927537902925099 0.9969539550382996 0.9988582021739103
0.9926352744907879 0.9968411038556131 0.9987358875484567
0.9926373129800968 0.9970774307479205 0.9988659547786929
0.9928192676519717 0.9970764047080313 0.9987481091529303
0.992746753434239 0.9969917854471466 0.9987408496096976
0.9926739105362776 0.9969628683101128 0.9987431707046477
0.9926658638813223 0.9968579124595115 0.9987517998308341
0.9926332073784946 0.9964981795088392 0.9986992017696452
0.9927146918002441 0.996997237104444 0.998790920699711
0.9926335826565938 0.9965466426814475 0.9988594772983356
0.9927261921401116 0.9971650659904634 0.9987436729828745
0.992639880382156 0.9969784315182271 0.998738466245127
0.9925353734277834 0.9969605338537179 0.9987692030109099
0.9926870251441112 0.9969451317193984 0.9987245775509608
0.9925304335028717 0.9966032982802403 0.9987811565262562
0.9926818403845421 0.9967473338985673 0.9988238820034687
0.9925716277264821 0.9967513949151021 0.9987135356676784
0.9926298485884952 0.9966502611963808 0.9987644122402465
0.9927263556017175 0.9969528752309509 0.9987644996124877
