# full, direct, likely fidelities
0.9998803077164059 0.9971297317020406 0.9985876950533226
0.9998697844617301 0.9976672901906362 0.9989090644931146
0.9998689893777383 0.9960598693578133 0.9979448588232409
0.999878387212247 0.9951597783399515 0.9987923024259633
0.9998771928083025 0.9976483863464767 0.9981381958356884
0.9998643006022856 0.9948333381024288 0.9980482300387798
0.999868121318593 0.9970393054088862 0.9984063223138357
0.99986593765409 0.9964609031422489 0.9990805467765993
0.9998608910360407 0.9967708438214927 0.9985766403876631
0.9998774931313172 0.9966214079067465 0.9983833538308753
0.9998678647535576 0.9971873067899182 0.9990300986533139
0.99986737500365 0.9966910014245426 0.9989759852758369
0.9998718895722636 0.9970932410439922 0.9985084328016434
0.9998633991335858 0.9962046914651751 0.9988414931667664
0.9998701920054684 0.9961035345230285 0.9988081878182741
0.9998853350522691 0.9950237499552025 0.9991325711600587
0.9998595950533143 0.9960610558914703 0.9987384911990723
0.9998502411167053 0.9965330412137248 0.999166837290649
0.999873447868531 0.9971183609073214 0.9984883411980783
0.9998638308482516 0.9959111996387539 0.9982544634075751
0.9998800367280412 0.9964749806893315 0.9989108995320647
0.9998670793560108 0.9960989141192231 0.9986191124114062
0.9998874037738955 0.9976554098818294 0.9987938094389311
0.9998769522378661 0.9969112194589002 0.9988506025802177
0.9998718451901767 0.9966217531120186 0.9986101581050432
0.9998673702106547 0.9966278710881322 0.998273200511723
0.9998700559059752 0.9963895624929151 0.9985764924944033
0.9998557846572165 0.9965913608381134 0.9983433919516387
0.9998726628605833 0.9965093374563944 0.9987391002343551
0.9998753031161666 0.9960951228966289 0.9987392260307165
0.9998652259191411 0.994982370723807 0.998323290859784
0.9998802418985341 0.9973940542651099 0.9987128570513094
0.9998752845401498 0.9974548177606848 0.9986056824576731
0.9998762968589108 0.9970393894655801 0.9992253677803746
0.9998685355230529 0.9952137835898541 0.9983153203330669
0.9998794180578823 0.9969652659981005 0.9986872621565865
0.9998704114315674 0.9958441801655383 0.9987276680354635
0.999860121099091 0.9972466112220288 0.9988999641193239
0.9998756958552658 0.9941592439164095 0.9970018296334477
0.9998724148242899 0.9972840112747745 0.9983712423592722
0.9998640662419285 0.9966881271610302 0.9989548214554004
0.9998666166620269 0.9958469958474441 0.9985278102656918
0.9998778493228575 0.9969172386466517 0.998434627796335
0.9998757109507865 0.9969961651501967 0.9986875541023214
0.9998883222710045 0.9967451751266531 0.9983834426679884
0.9998861704852792 0.9964681195455724 0.9989172539052802
0.9998623155894244 0.9967273582907497 0.9989411243467624
0.9998763935340913 0.9951545010728204 0.9984139613963464
0.9998785468153446 0.9969431834416373 0.9990143888260158
0.9998785449015681 0.997154855789947 0.998746130479185
0.9998652930569937 0.9972071486798234 0.9989880092004255
0.9998836549970057 0.9959886065593246 0.9982789217717689
0.9998676672589047 0.996728310666481 0.998505067389363
0.9998794957404689 0.9956846861263198 0.9982591234640575
0.9998582635132376 0.9964808711246949 0.9988796583602128
0.9998617232342554 0.9967809241339288 0.9984390082870692
0.9998779440302824 0.9969155328044629 0.9986923717561373
0.999875808350648 0.9972549500455068 0.9989357125233218
0.9998645036054478 0.9968426728662525 0.9987082528590971
0.9998763841244658 0.9964830464977116 0.9985861876525982
0.9998657709924033 0.9965711407125276 0.9985538870200719
0.9998814466064987 0.9969974253851975 0.9982326219573903
0.9998594431306069 0.9972180570444429 0.998731227515546
0.9998828631593548 0.9958930009415847 0.9988591869785881
0.9998827200165674 0.9953036077428313 0.9988646931063271
0.9998769080784697 0.9968390100142672 0.9986672767796377
0.9998678390497127 0.9968248523981027 0.9989847448817184
0.9998681004160652 0.9959774623222707 0.9985129895389802
0.9998630535714159 0.996834117518404 0.9983863554700925
0.9998570921805585 0.9966959267454087 0.9989264272153204
0.9998726465902877 0.9972691332673013 0.9989236121729493
0.999879200154762 0.9961892163011083 0.9989756451594672
0.9998674779390984 0.9959559466523992 0.9984666751815402
0.9998483131346332 0.9968968971236044 0.9987256575587862
0.9998708162033004 0.9957277098661583 0.9982555594523035
0.9998788556736142 0.995109452409287 0.9978671863875309
0.9998900129652957 0.9965796059787935 0.9987957549493574
0.9998827224595463 0.9963175179568627 0.9981132304361757
0.9998729708606233 0.9970640255802703 0.9986847052538014
0.9998716793367148 0.9971388320987755 0.9983337727174306
0.9998756927200259 0.9972907676550135 0.9982732487295425
0.9998757317402331 0.9971268145069764 0.9987819289201022
0.9998718595884141 0.9970591266142764 0.9984065054547715
0.9998755793354297 0.9973480004073555 0.9989021622772948
0.999869383320632 0.9968122671242972 0.9987682676130403
0.9998784969562367 0.9976944889708123 0.9985297335056553
0.9998737904786879 0.9962869192275928 0.9978222079454077
0.9998560432551971 0.9965174809695675 0.9981974283732369
0.999867686741648 0.997090807280979 0.9984183619800552
0.9998640831358664 0.997005722905802 0.9985181232350856
0.9998792629933342 0.996691102149738 0.9984137118012572
0.9998711551985167 0.9957310137830818 0.9987199575688479
0.9998594506647811 0.9963830128520579 0.998186690532816
0.9998621493869924 0.9970807838375909 0.9987881836650495
0.999866688537324 0.9951987159370418 0.9987230590493876
0.999884422321401 0.9956061088563151 0.9985762553583485
0.9998652154144987 0.9970716806323451 0.9988283701432528
0.9998726386778091 0.9978481647264205 0.9989333783004734
0.9998727143644882 0.9963739408370627 0.9986755370015636
0.9998778118938236 0.99709884944905 0.9988525443411727
