# full, direct, likely fidelities
0.9960876836247338 0.9987194504827408 0.9994620241763599
0.9960656444338519 0.998769215927282 0.9994505596866394
0.9960819467668265 0.9987495936882569 0.9994623642782836
0.9960502719917328 0.9987493957236774 0.9994455747751899
0.9960868894110358 0.9987956469264025 0.9994854399417883
0.9960640846707995 0.998741746821938 0.9994150926720571
0.9960733653660385 0.998713870038348 0.9994215668788782
0.9960702455298194 0.9987127953970267 0.9994266250965431
0.9960760236021032 0.9987992241829294 0.9994488217443476
0.996085637633631 0.9987367660770402 0.9994624570580897
0.9960843453235094 0.9987516573981938 0.9994165628596976
0.996088530013225 0.9987029031960002 0.9994493939887278
0.9961029573673646 0.9987635354911366 0.9994228754948983
0.9960750557654127 0.9987556594759686 0.9994391959542657
0.9961294518241918 0.9987796801848499 0.9994445771902137
0.9961194169658408 0.9987917441035066 0.9994373209568844
0.9960694629710717 0.9987303971055549 0.9994489174284296
0.9960681537612355 0.9986595318345302 0.9993991254871374
0.9960743355872281 0.99877367880655 0.9994284753950919
0.996096422459666 0.9988075252106401 0.9994419871039051
0.9961020595941283 0.9987986304842454 0.9994445282339826
0.9961004594404169 0.9987602319081124 0.9994222466223069
0.996100536979115 0.9988358368371141 0.9994631427726507
0.9960709249803962 0.9986788218272539 0.9994138011783046
0.9960780931375588 0.9987981278639608 0.9994495648874528
0.9960935816095466 0.9987601827730416 0.9994498454066385
0.9961021441175619 0.9987753811459404 0.9994065084367267
0.9960792515961088 0.9987602760366328 0.9994547738421643
0.9960777584555625 0.9987357473563061 0.9994563651882155
0.9960997654814822 0.9988077674534673 0.9994642908355653
0.9960790680351373 0.9987391624972779 0.9994506617684886
0.996086922663301 0.9987665032779595 0.999437391040517
0.9960896445824479 0.9987427090611752 0.9994388341380231
0.9960825186224374 0.9987621797534261 0.9994642105442239
0.9960948215189125 0.9988038987123993 0.9994566859389007
0.9961292878826965 0.9988257299109019 0.9994461549896034
0.9960982284581488 0.9987803231534551 0.9994418900098002
0.9961011870957435 0.998707220280529 0.9994241814841707
0.9960510998271398 0.9986693953030582 0.9994008938410832
0.9960954533074698 0.9987725330485427 0.9994436338366617
0.996109162463309 0.9987385361561549 0.9994325093227252
0.9960988858799321 0.9987958067007541 0.9994367754463428
0.9961028337162899 0.9987829736653724 0.9994315502581802
0.9960767299003267 0.998721718777957 0.9994445591511212
0.9960747707244797 0.9987801904801005 0.9994526451053805
0.9961015788534161 0.9988040733421147 0.9994271699604279
0.9960938004455386 0.9987769583427459 0.9994129795631378
0.996100308023166 0.998811996755183 0.9994620603486626
0.9961064747420283 0.9988305313484902 0.9994437956466093
0.996106302502148 0.9987929134360243 0.9994447354088374
0.9960759181665935 0.9988201553137783 0.9994561996813087
0.9960732728323098 0.9987508336333374 0.9994596239847423
0.9960672950282353 0.9987042399677527 0.9994222540484994
0.9960927394006293 0.9987415360916846 0.9994427942726193
0.9961143266827417 0.998816124129221 0.9994496548548961
0.9960663872598446 0.9988166733777124 0.999440107646471
0.9960746359422513 0.9987873058877355 0.9994203034898704
0.9960826117019492 0.9988049800340019 0.9994477058037731
0.9960779352204526 0.9987402661426268 0.999447716876871
0.9961072578057184 0.9988000339258613 0.9994753041911819
0.9960873665518696 0.9987412631284478 0.9994318182816566
0.9961199476476169 0.9988279016074572 0.9994428352069489
0.9960868631762825 0.9987350887014347 0.9994369405013414
0.9961093349966995 0.9987649928601824 0.9994373374081613
0.9960976035522678 0.9987567075120888 0.9994494550122963
0.9960987469858604 0.9988215801750753 0.9994694193220931
0.9960747735492501 0.9987057608027085 0.9994307788654864
0.9960446030103387 0.9987430197878046 0.9994364972565554
0.9960997873249691 0.9988054782367538 0.9994480657858751
0.9960936382862012 0.99879110765347 0.9994335330189197
0.9960558881246866 0.9987061027745527 0.9994075899142308
0.9960662960737731 0.9987005586278024 0.999424724614569
0.9961134318964089 0.9987690699979089 0.9994453432876794
0.996052248886687 0.9986906125765601 0.9994552082458328
0.9961039371531384 0.9988141223049765 0.9994731181281375
0.9960957472548141 0.9987821179088304 0.9994769279116896
0.9960793179148243 0.9987309537641795 0.9994234017767015
0.9960964567641263 0.9988207394443406 0.9994560822914148
0.9960951429683348 0.9987734741125026 0.9994621621305912
0.99608419729396 0.9987172557179722 0.9994166264702296
0.996118088698886 0.998745309427054 0.9994679565132103
0.9961068178688024 0.9988003647810917 0.9994286632858373
0.9960858231188094 0.9987058532100246 0.9994460645033101
0.9961051897577392 0.9987651574480767 0.9994233202053703
0.9961042932475801 0.9987039770394227 0.9994267675101243
0.9960757390561548 0.9987644562622268 0.9994415649015135
0.9960920185667254 0.9987670759118725 0.9994439727255758
0.9960699667817184 0.9987598221816911 0.9994538304897592
0.9960726846571896 0.9986716555919875 0.9993892571035401
0.9960963322000002 0.9987255209275706 0.9994569319590166
0.9961170278023488 0.9988393601966795 0.9994443727179502
0.9961156646072681 0.9988129152885197 0.999433718441313
0.9960739566735218 0.9987487322865217 0.999440915162417
0.9960968589332477 0.9987538102203768 0.9994330099774206
0.9960802143486633 0.9987354127032493 0.9994515622336694
0.9961028434078005 0.9987971811398624 0.9994626822662922
0.9961055161859922 0.9988006076697625 0.999442179990402
0.9961262447430265 0.9987888110702422 0.9994389889391967
0.9960999828405069 0.9987687634354568 0.9994475884547153
0.9960952176212655 0.9987750729068006 0.9994378349351639
