# full, direct, likely fidelities
0.6291134317342084 0.910739686096738 0.9652985394592285
0.6415114102281264 0.9003295571945894 0.9627425724476729
0.642384590483206 0.9013841420158939 0.9615167974459047
0.6510373792701561 0.9069959285351125 0.9609975727007926
0.6391190185920471 0.9079217239579046 0.9634819113233891
0.6435987037432501 0.8992904729727049 0.9638961357868581
0.6280766401486628 0.9118073838183461 0.9660792060977587
0.6422583286762349 0.9011679758219167 0.9584494825264825
0.6333187388307403 0.9056824523561811 0.9658004440739748
0.6494884741455971 0.9036578179650775 0.9633845398792799
0.6417684616167828 0.9070820642997982 0.9641106184383128
0.6532312641852615 0.9046707546259446 0.9657112974195874
0.6626256753955716 0.9068231991622492 0.963551992145405
0.6405852059729208 0.9067082166782033 0.9637785385431435
0.6398585334948104 0.9019476600642966 0.9589649455036114
0.641949061176956 0.9049565503890625 0.9620634952948867
0.6469963494266745 0.9089106544851312 0.9657837006901706
0.6584716961430073 0.9075987352762261 0.9584261789203917
0.6337704104073373 0.9053949461375979 0.9599678099197763
0.6352690232235522 0.9121725538420695 0.9660339125625019
0.6501266977532345 0.9085486462258202 0.9640470179100179
0.6307949759733182 0.9043451036971726 0.9633232727902561
0.6357170365609869 0.9023682930499035 0.9615231115005469
0.6502329691530208 0.893958869093904 0.958687802760638
0.6483900882193744 0.9041647716485754 0.9607477099507168
0.6420768393861461 0.9110782901257888 0.9638912703115765
0.6467565015915953 0.9045348552994671 0.9612373185183217
0.6344070338295589 0.906780709634266 0.9614056658395301
0.6338883627951944 0.9093743322293523 0.9623567880070868
0.6268099226430155 0.9147783334137521 0.9640484358322448
0.6368894309685015 0.9034341959997484 0.9585901737878065
0.6530814113551979 0.9089888964473932 0.9652262492550138
0.6278720082329641 0.9128552328423073 0.9645670578614172
0.637684673585949 0.9116247658598705 0.9626858614167999
0.641419953803941 0.909204212570563 0.9612554447967301
0.6580870633218385 0.9052890428299677 0.9584632078583385
0.6312258961787431 0.9089416406721398 0.9648458472861556
0.6404975884476809 0.8993736754663942 0.9624850826608463
0.6404102336625128 0.9092488313856522 0.9660735116267696
0.650074138721731 0.9113701164300337 0.9632062419355426
0.6450463905964485 0.9073453233264692 0.9614866258075391
0.6372998996426555 0.9123610146416455 0.9617289020272667
0.6358144621723404 0.9060615544548076 0.9630131893637391
0.6477373568360233 0.9041436585803477 0.9628054345322397
0.6442732839729793 0.9100033490806905 0.9628366804147548
0.6170587219914266 0.9170985376554449 0.9660590806726982
0.6596847815830343 0.9105274978031953 0.9658614197157255
0.6360056099566572 0.9027938160035466 0.9633507446452031
0.6577159257213621 0.9028471944779118 0.9616860594313561
0.6355579162356021 0.906382800388509 0.9621284480264773
0.6298029675748879 0.9084329540500268 0.9617352880619446
0.6264887870934589 0.9058138743181936 0.9609188374845652
0.6559244246976248 0.9108580827834274 0.9622407469794704
0.6339874186512594 0.9083706885632367 0.9615655360019648
0.6442118685347074 0.9001983887346969 0.9629755653263805
0.6455376862468655 0.9034660477739392 0.9626322432950317
0.6507873133364774 0.8989472437451188 0.9612304229531363
0.6347586505062904 0.9093088593913191 0.9629461846492456
0.6481714016050587 0.9048038867237531 0.9599996335826534
0.6387208275738222 0.9110505815979957 0.9637278188333509
0.6232176367429355 0.909710714031296 0.9655403043619635
0.6405276920132564 0.9107684840269386 0.9664226594351629
0.6411247404191354 0.9095972065247894 0.9635338155223584
0.6398455712476234 0.9074243221444978 0.9612368649706788
0.6455957623809736 0.9010771345145729 0.9630637259241643
0.6344654266852193 0.90660713530618 0.9635825868002929
0.6435083923266537 0.9042443186104795 0.961738750406723
0.6376678500826822 0.9052445885518543 0.9623511377564217
0.6501135135172436 0.9035027644974034 0.9622569288975568
0.6408244199171812 0.9088184792546827 0.9621960184662107
0.6415830207183052 0.9033265871879859 0.9639500019099132
0.6579110534591145 0.9068577918622817 0.9611839520168827
0.6423784596894117 0.9111593405817031 0.9607173745825814
0.651220871334527 0.9073473504612783 0.9610844441094852
0.6693191437181596 0.8972188126559992 0.9571675270815347
0.6316328444973631 0.9089433519181995 0.9626400301138179
0.6435137074495063 0.901590109007886 0.9643532857459659
0.6346530153279454 0.9061742154865348 0.9631676856292081
0.6460062142608142 0.9017374636942898 0.9629944377812216
0.6418030754235213 0.908601558540813 0.9641919218078441
0.6832505122732796 0.8995118523516455 0.9593950104103809
0.630559140388413 0.9056303189229526 0.9631534192428526
0.6450249891259572 0.9003136638891126 0.9626813331681426
0.648133014305151 0.9044043428811963 0.9609966168097935
0.6201976944741032 0.9125157316931218 0.9655977925478682
0.6362101301296126 0.9085614810196202 0.9606504250485022
0.6396850935080047 0.9113804825058279 0.9632750970050996
0.637855130616352 0.9087344494334441 0.9617240202170094
0.6493864155958678 0.9060604767506836 0.9641641818160912
0.6315618872932275 0.9059083464816501 0.9633442347471369
0.6519568808593813 0.8994500850198996 0.9589277555355286
0.6430762271672591 0.9088682849287344 0.9624293744590631
0.642791918346181 0.9083512462126709 0.9655107431634857
0.6532920412957959 0.909552305017675 0.964288699213423
0.6392387130486494 0.9128139216058593 0.9665579191459875
0.6579947274492989 0.9029142090175979 0.9607916169130525
0.6337992099294917 0.90751243456741 0.9613665217872199
0.656743898083223 0.9087474058213375 0.964789421425756
0.6530790436500274 0.9058754806479722 0.9637030458737621
0.6287987897104057 0.9113042378275755 0.9616342299974548
