# full, direct, likely fidelities
0.9531376713464358 0.9862270697834356 0.994357289086274
0.9527769720891427 0.9851129107001408 0.9944423833123911
0.9527642600392288 0.9853927843029763 0.9942590032266752
0.9532946240799287 0.9848234769818934 0.9945284129271467
0.9526407111130383 0.9860991182883524 0.9946673486413699
0.9525768400147715 0.9843962988402085 0.9937557172302969
0.9529945961259654 0.9869218668942061 0.9944860126458085
0.9531579534622454 0.9860855582500049 0.9943505571089285
0.9531694195243003 0.9860010415939473 0.9943191100149411
0.9527273164545276 0.9837781707113039 0.9943937638816605
0.9532582839324795 0.9851952672956241 0.9939864319980767
0.9533219340306671 0.985877407530748 0.9946494884913004
0.9531665919868189 0.9857772909401484 0.9941703091149652
0.9530246162232827 0.9866489610310658 0.9947257052746565
0.952917471204163 0.9848577245410376 0.9942680560233937
0.9532637662898442 0.9864176191721812 0.9944237235163312
0.9528477851991961 0.9865383504087439 0.994604096676428
0.9530611605716481 0.9856417383192029 0.9944272278318091
0.9532099004297263 0.9848988082850029 0.994353669047854
0.9527729701510148 0.9858247826438373 0.9939156216221603
0.9531851290408199 0.9855610829975139 0.9947244955133858
0.9528573416374329 0.9865259653819819 0.9943272608596304
0.9527125491764805 0.9857832018394596 0.9943762616232744
0.9531111914158621 0.9846635424201746 0.9943841340575222
0.953111288522232 0.986060576063809 0.9944892539380699
0.9528804043795215 0.986070626604768 0.994567278891523
0.9527101493880571 0.9861312572475239 0.9945197342583136
0.9529504770089267 0.9855396155587521 0.9942104660361943
0.9530672910451964 0.986575459564063 0.9941272306942384
0.9530226639267746 0.987028258120996 0.9946629099214274
0.9531100716640405 0.985753467851947 0.9943610872099392
0.9526859355123837 0.9854586233781547 0.9946491097264355
0.9529564626415549 0.985756879318891 0.9941539901551363
0.9527531877320643 0.9869435767587921 0.9943249241083651
0.9530846817923897 0.9858683030248302 0.994632696647197
0.9526757347882797 0.9856407369531389 0.9938730671260293
0.9528807269442491 0.9857417138664751 0.9943634881959968
0.9530472646990145 0.98641888838933 0.9938952926014125
0.9533195810231004 0.9860897751574108 0.9948837561058079
0.9531996659342321 0.9855750276680535 0.9938625097211019
0.953031794277076 0.985902608260114 0.9947075109278691
0.952505155022698 0.9868759411774292 0.9945194582181909
0.9529409840485183 0.9851737526348139 0.9947760280488086
0.9530517610105401 0.9849533808474328 0.9943811583348247
0.9530557762966682 0.9861674528810712 0.9945378800555703
0.9530871969971461 0.9873392448043355 0.9941317069718845
0.953447275844552 0.9852359617866653 0.9942695771272719
0.9527346861463032 0.9862492860431469 0.9946324456941108
0.9532453210821128 0.9858538658665082 0.9945971410378511
0.9527708791911038 0.986741021794822 0.994622902746118
0.9531105958177271 0.9864757705771756 0.9947688020348346
0.9528484422641007 0.9864034147692997 0.9941219902194702
0.9533859665255823 0.9861053503619471 0.9944744474262198
0.9529516823005503 0.9868672452534316 0.9942575398053286
0.9532015836329327 0.9860347073513859 0.9945518709499507
0.9528136886227595 0.9865865903510306 0.9943024942270905
0.9526142081853135 0.9838169967232332 0.9942766932503295
0.9527192258495865 0.9847583128383068 0.9943917576889975
0.9536207963620027 0.9836854103620513 0.9936110121106564
0.9532082034847114 0.9866771008139253 0.9947579069652783
0.9531732312982834 0.9866676362507109 0.9940400843380769
0.9531685538903893 0.9850422430828498 0.9943690854344382
0.9532260728039715 0.9872271909724825 0.9945843135934496
0.9526830873984622 0.9863573501937806 0.994091471072594
0.9529100344138639 0.9856803786006363 0.9945900999274367
0.9530726205384521 0.9867367523993175 0.9942992290624646
0.9527755976230787 0.9846432677313516 0.994176972251146
0.9530108533663018 0.9844916244961278 0.9942301462191614
0.9534324898310623 0.9857524262127559 0.9939710649508126
0.9527793432952163 0.9858415094551111 0.9946835667692467
0.9533089166450859 0.986293108530461 0.9942138841145403
0.9533586891293587 0.9841065119250597 0.993589368840837
0.9526579498583106 0.9859734093708757 0.9942991747036976
0.9530313397968475 0.9858533203772938 0.9942679420688157
0.9536057850517096 0.9837680894442216 0.994554274318528
0.953219711840874 0.9861229391657469 0.9942335701685805
0.9525775493439137 0.9859010334635422 0.9942144540924064
0.9533349614923002 0.9866276541624811 0.9945018641798501
0.9531788332485907 0.9848321654603217 0.9943082444033313
0.9530142788421632 0.9853267012344066 0.994562036212437
0.9535676224372717 0.9838503146714747 0.9943984458883333
0.9528604228919514 0.9851917720165663 0.9942039621452602
0.952996131181722 0.9870436248047258 0.9947711087358534
0.9528796342007939 0.9854008896715287 0.9942258267480155
0.9529653071593118 0.9859653500606793 0.9943160725313136
0.9528361709117803 0.9867561992640153 0.9945070944002519
0.9525670649018387 0.9861135146187403 0.9938415884270555
0.9534535984666557 0.9857521350204209 0.9945490865216026
0.952818823102848 0.9854290745708458 0.9945084205625534
0.9534797239279151 0.9858318513696169 0.9938568499312516
0.952931669064203 0.984315031705956 0.9941574550216264
0.9528506029618455 0.9871564556208123 0.9949516659823755
0.9530432134390358 0.9863892962951921 0.9943390326518701
0.9532449932512174 0.9865627747519343 0.9943518154993927
0.9529543246068493 0.9861142766248662 0.9942110674946126
0.952756912155753 0.9832916227632585 0.9938773618040275
0.9529742010797801 0.9850824481793864 0.9944503305142945
0.9529871320559383 0.9846895565411383 0.9942005999785606
0.9528426893633485 0.985000875011561 0.9941114231390028
0.9531242012570622 0.9869968711919156 0.994491141533271
