# full, direct, likely fidelities
0.9999455664839109 0.9959728671616738 0.998285261430669
0.9999344848562999 0.9970875603915206 0.9991781691243158
0.9999374083229728 0.9964991404752326 0.9986379609450341
0.9999364668904674 0.9971847017234166 0.9990040565476065
0.9999324859907067 0.9966033191905708 0.9991133645607185
0.99993392087743 0.9966223477678805 0.9985301711939996
0.9999359117334085 0.9971971543104134 0.9991819225373112
0.9999385895063471 0.9956263307240177 0.9990790971094695
0.9999260613409572 0.9971243362846385 0.9988703078429266
0.9999404340296827 0.9969066366093882 0.9991388113392689
0.9999441006456803 0.9967508995777575 0.999010259697297
0.9999376658811738 0.9982709928759063 0.9989999620281833
0.9999318102081877 0.9975492440173875 0.9990396144867525
0.9999316883327468 0.9957671955731855 0.9987083051135495
0.9999331176619294 0.997506434348817 0.9991927226895667
0.9999460148102619 0.996706072828006 0.9988566866383499
0.9999344174661101 0.9964193051218095 0.9981267716371185
0.9999354171340626 0.9971809715833547 0.9978752780721245
0.9999365876586519 0.9964803321200223 0.9989802578691862
0.9999387522263559 0.9969790080038354 0.9986890187112833
0.9999354263907558 0.9966543841180346 0.9986657187968139
0.9999468710981094 0.9965612205094923 0.9984388641025275
0.9999445038810348 0.9979046107412644 0.9991989602880575
0.9999348037736734 0.9963558510463655 0.9991984391942552
0.9999369985963332 0.9975661549241033 0.9983759758034741
0.9999392218694055 0.9965260895979451 0.998567217661162
0.9999283648125342 0.9966124112634572 0.9987381410042884
0.9999319122509778 0.9975335598782551 0.9988797401978333
0.9999365656358052 0.9980958096062842 0.9991113643578275
0.9999400463122895 0.9974730741733687 0.9989845828834094
0.9999336057924537 0.9966002062880069 0.9984318771745956
0.9999318618605979 0.9969441484203688 0.9990107601311226
0.9999359413920899 0.9954914559634584 0.9986685309361916
0.9999360139944604 0.9965518098742413 0.9988143694212439
0.9999392347023397 0.9961855870946654 0.9983244338825
0.9999380042775056 0.9957991557780784 0.9988302825475148
0.9999362244277428 0.9976140536050645 0.9980648541633566
0.9999373567295663 0.997505665408564 0.9990373783649306
0.9999449894516425 0.9958360118997862 0.9989969007603254
0.9999347458234759 0.997511104028685 0.9988862237085252
0.9999356121715169 0.9956729207144422 0.9988103776403885
0.9999308226666033 0.9976930686734355 0.9990360557948866
0.9999358817276643 0.9975862397785402 0.9987780876936219
0.9999378302607013 0.996504202032405 0.9990424894807883
0.9999439592789967 0.9977900887464188 0.999311527556124
0.9999429316316808 0.9961706809647052 0.9981548773475332
0.999937082565778 0.9982227593436849 0.9991239184875271
0.9999453799957378 0.9975641641689604 0.9989937194518719
0.9999409902046644 0.9970715353692887 0.9993011227418671
0.9999431802455881 0.9967293112769403 0.9979944255254225
0.9999334470188472 0.9972405926394543 0.998893012031467
0.9999417482841748 0.9975729021283954 0.9987861596050628
0.9999377061730896 0.998066436095739 0.9990212388632997
0.9999486008360792 0.9976237784348065 0.9986209518187185
0.9999349572624243 0.9976473875757847 0.9989888879194633
0.9999201325685523 0.9964717055616036 0.9986517746018908
0.9999346576306435 0.9973085425195297 0.999102798319259
0.9999286103498919 0.9973455064409811 0.9985914219437346
0.9999340034579922 0.9976866107912118 0.999089823943762
0.999940453957529 0.9971915831491363 0.9990961594938543
0.9999426321471935 0.996378840793641 0.9980887905448294
0.9999441107022117 0.9973725471739191 0.9988243584161922
0.99993701050991 0.9974412151517759 0.9988735122913497
0.9999324515383166 0.9970515299900027 0.9991114254890325
0.9999365441452808 0.997115883659872 0.9989975336470464
0.999945337458199 0.9976590772114772 0.9988066529511422
0.999935048906382 0.9966635139367677 0.998569999467396
0.9999318446843786 0.9979815991702917 0.9989597469941707
0.9999308328428587 0.9964927014832746 0.9987375259492217
0.9999330676853622 0.996537213089897 0.9985145062922336
0.9999288958759016 0.9977175405856245 0.9990676891079241
0.9999314492964464 0.9977974021880159 0.9992695218084431
0.9999420809580313 0.997410195641412 0.9990314278917568
0.9999305995789459 0.9967416256089622 0.9980952881460398
0.9999402844177764 0.9976777281533857 0.997978553103658
0.9999313636383321 0.9944073417975963 0.9991089885789418
0.9999325101093479 0.996173137091979 0.9984815822569046
0.9999349609824265 0.9955373176314171 0.9985320307495625
0.9999268507264224 0.9981026367054043 0.9992865172193238
0.9999384824623578 0.9974936830655428 0.9992799763588569
0.9999377815870315 0.9978739640892902 0.9988222684849744
0.9999408054535449 0.996710561914999 0.9987771557748222
0.9999302663785653 0.9974194336762064 0.9991501986037347
0.9999402437323575 0.9965578045315667 0.9992855430568531
0.9999307537190439 0.9964281465234501 0.9989129266040885
0.9999359346071098 0.9970070479901897 0.9988157977326139
0.9999361640637857 0.9981265744411049 0.9990522449370378
0.9999391442147891 0.996147977318668 0.9988858959258808
0.9999360969523048 0.9964588839817226 0.9988403239271687
0.9999367558678137 0.9967718950047703 0.9987275928811163
0.9999416357468043 0.9963441328799191 0.9987359707701758
0.9999418629463426 0.9982146515445545 0.9990751203652757
0.9999396004535742 0.9959776567358631 0.9989592731688784
0.9999324116093329 0.9968530600662073 0.9990299254658929
0.9999281872728448 0.9977299983305324 0.9990432172811934
0.9999340677648415 0.9975435405360199 0.9987360308825808
0.9999347481267665 0.9975362024568266 0.999318997988931
0.9999282266148308 0.9981445873042101 0.998981035734844
0.999943458232101 0.9952609073400517 0.9985518793046076
0.9999351935322938 0.9979421867419557 0.998918821901781
