# full, direct, likely fidelities
0.9595866415271793 0.8697099485823389 0.9382863715799126
0.9590667159600856 0.8520511528352416 0.9472620181590264
0.9584081126324627 0.8674576108040918 0.9539053022583681
0.9605563884332792 0.8477543158582364 0.9242454187458994
0.9588343853431943 0.8614294243152264 0.9377875284249629
0.9569980281507849 0.8284017513962165 0.9451938017337603
0.9594373754912779 0.8908525260207526 0.9531610027273583
0.9593688418653026 0.8465999790519293 0.9372569496458325
0.9600691188006477 0.8914109862297186 0.9429694399127947
0.9597208185223909 0.8596365391267788 0.9489818272302476
0.9615063926841406 0.8486986197135503 0.9485272993167648
0.9582403719186325 0.8823387841263967 0.956093331752457
0.958209283500596 0.8911892879642731 0.9570986809086105
0.9585934267682782 0.8420260209516376 0.9504250626808051
0.9586442788303465 0.8552418850337147 0.9469217848809048
0.9579833690964622 0.8631020686577418 0.9458050585059737
0.9588474115918745 0.8152398123420062 0.9447640446766943
0.9590849988510288 0.8685340496909485 0.9384375371920799
0.9581045946581295 0.8438723214476956 0.9437335599845741
0.9580655900353622 0.8754054800811836 0.9537334915039551
0.9580577764496183 0.8467030235666348 0.9346875005100795
0.9590485850608945 0.8587692681069058 0.9522609637614567
0.9592578882696924 0.8547149080123759 0.9467981445087486
0.9593638074897604 0.8548261274819278 0.9430184485591199
0.9583035671592386 0.8510399652107868 0.9451087042106416
0.9596330097385765 0.863853875748015 0.9528327138263247
0.959460576470933 0.8447430642551627 0.9480556011432937
0.9583097214426782 0.8535629793083329 0.956539725808156
0.9601288435204705 0.8603590017333961 0.9397808645718346
0.9587082268752132 0.8622216348722557 0.9448920375043078
0.9601059972042902 0.8505046609124852 0.9480699835962991
0.9599792680746405 0.8765010696829085 0.9498753723323837
0.960170912738182 0.8347217911793134 0.9538656064803832
0.9600333838857513 0.8454576214092169 0.943555977311376
0.9591711230654828 0.8576344064364058 0.9479857757572215
0.9579142878332815 0.8741489431287469 0.9553179487480761
0.9587138610159186 0.8538701060207058 0.9534285874149817
0.9585562671283404 0.8566258643501672 0.9453573933100793
0.9593722967915727 0.8439409741462857 0.9470120054144248
0.9588084687354769 0.8671449651667641 0.9421882375051703
0.9583684939496928 0.8341862941041019 0.9415974079671057
0.9604500230259316 0.8441551896706482 0.9397518008924101
0.9584051653050333 0.8687505858461024 0.9415827431155486
0.9582586425808177 0.8575930879096197 0.9470516170757893
0.9602497452569546 0.8665316750361715 0.9494267022737738
0.9587810086232055 0.853008257564467 0.9460483336270791
0.9587557160238193 0.8549701525907809 0.958680496048059
0.9602184386278556 0.8458399906978756 0.947140748687192
0.9594614414713158 0.8403101687212403 0.949178522037577
0.9596584563083794 0.8776692960336429 0.9500319097266403
0.9590561479595056 0.8719669966350885 0.9447233252246391
0.9591468959938626 0.8493263150222965 0.9503821471963699
0.9592091406815191 0.8711777531231368 0.9388354268146556
0.9594693645958821 0.8438709303371691 0.945579523957094
0.9568031894397596 0.8707447935827732 0.9443527291536203
0.9601954242702762 0.8363923958818141 0.9360307103730846
0.9577637329171909 0.862578464187367 0.9477312142707415
0.9608897171325362 0.8590915706097123 0.9583370104786585
0.9590673791200426 0.8382792196121409 0.9501539755374716
0.9589543004264911 0.868314484139012 0.9477563961488652
0.9586808930064579 0.8671519498414527 0.9486149048485069
0.9586812898553867 0.8649173697828234 0.9484881156802009
0.9580568303739937 0.8526300522237775 0.9334105302068176
0.9591282169377123 0.8508374685893471 0.9512467760774787
0.9576762158748954 0.8667189432838064 0.9485669092550854
0.9591086674777171 0.8773774413852912 0.9549115124581623
0.9586113167515726 0.8647724037825134 0.9494952880779249
0.9580628838533343 0.8630356570317117 0.9467953101100783
0.9594229403717949 0.8489315576251936 0.9514302279811749
0.9573103323052715 0.8738768854995775 0.9439496394822273
0.9593816398596827 0.8572524441948074 0.9406199814664705
0.9589232105152332 0.8186384873395196 0.9411438203155027
0.9573704294546337 0.8562165358373386 0.9502396493530507
0.9596223960645308 0.8750567165955421 0.9541107258856156
0.9580121765236912 0.8461064871172324 0.9445262384383848
0.9597490266744673 0.8510466575096081 0.9457653685093713
0.9582157451937731 0.8394750210506325 0.9522824869699605
0.9587772041504422 0.8456963766797433 0.9469564611683607
0.956747710217042 0.8438645984695273 0.9418960963206838
0.9596756821663622 0.7886805958755656 0.9626860815137519
0.9568830991842787 0.871151224275892 0.9562927507039793
0.9588244417251828 0.8339882194095724 0.94779749765944
0.9581903797787511 0.8507392362666311 0.9425885147834827
0.9603166799843226 0.871420522863734 0.9552331729457487
0.9585775160669433 0.8499341024372996 0.9526502097060536
0.9613287251059922 0.8448889112330804 0.9311131861145634
0.9587744409676696 0.8505104729349314 0.9530904667572209
0.9598951042083993 0.8665257897677424 0.9494666869631129
0.9590497258575903 0.8656560772887016 0.9374996333229172
0.9578111276532095 0.864882094455188 0.9505564014723409
0.9583194417626932 0.8474959463074374 0.9517579542763335
0.958652891741359 0.8828474013313065 0.9459748189134864
0.9587652160170221 0.8638113063960231 0.9357185521673397
0.9585054674210798 0.8670204872751073 0.9483799415181378
0.9577907142737659 0.8638591564110515 0.9424791071495889
0.9580370244758335 0.865343951174328 0.9509796829407859
0.9611302079679362 0.8828814169200728 0.9549067503508253
0.9588732268203803 0.8425783073072186 0.9398100702426138
0.9611402683521763 0.8273345434326617 0.937329097405578
0.9600802019863552 0.8809018969698571 0.9514878773865012
