# full, direct, likely fidelities
0.9145830273297368 0.9790779294057702 0.9913270884365595
0.9144945127485078 0.9775178985449293 0.990989597491716
0.914975657557038 0.976908493353896 0.9908123822697311
0.9164460020543669 0.9768714077862052 0.9905269303168166
0.9149315067534435 0.978315398252885 0.9914474915548872
0.9144397718805399 0.9773931608581624 0.990687131936686
0.9138139621730239 0.9788746686434049 0.9913084744822644
0.9154641834516248 0.9772785010231662 0.9906589568193589
0.9147251758844464 0.9765801997597745 0.9908843565384929
0.9152894067709111 0.9762094266029292 0.9909157567916052
0.9157439456149812 0.9772753579695357 0.9908195591158508
0.9165377481218289 0.9765708558887064 0.9917932141673838
0.9165638719678653 0.9762492813046025 0.9911042073666836
0.9151754849708256 0.9777061970587079 0.990234971717668
0.9152268014322165 0.9770948214669635 0.9911228157315691
0.915726590785736 0.9779039472471106 0.9916640707417392
0.9151516783619468 0.9783910698066245 0.9907610400911011
0.9162013151297126 0.9751651939299265 0.990703465042783
0.9149346023759316 0.97552183902804 0.9901368642785178
0.9144109678479442 0.9774185718568702 0.990801465586991
0.915939004235072 0.9770274155226938 0.9906315172738444
0.9142138134522004 0.9774911573743618 0.9905471586152766
0.9142959943497002 0.9760178845539125 0.9911919914079785
0.9160939422025332 0.9755556759797391 0.9906229655538792
0.9158574279756476 0.9750731300329595 0.9905186002581124
0.915418412599508 0.9777660427055671 0.990123102854253
0.9149914003809202 0.9770756256802836 0.9910328448093105
0.9146043119074135 0.9769417478754833 0.9916099462383514
0.9147905500676233 0.9781666387098098 0.9911453469242612
0.9141150118120844 0.9788920614975638 0.9914813919711808
0.9149343013065945 0.9754243387376806 0.9910106173656587
0.9154609772926173 0.976428894004366 0.9912991203613934
0.9140816974151191 0.9780873748725428 0.9912095223176668
0.9142051776764173 0.9784227026801636 0.9909128782606434
0.9156445601931158 0.9761628967294887 0.9906114828762022
0.9159436656929507 0.9768771805821905 0.9904111833057566
0.9142653819566423 0.9786692253583401 0.9909228630156071
0.9151542069406233 0.9772920735621601 0.9908363283942376
0.9151453972664345 0.9790717323904017 0.9911807075891909
0.9161184338024221 0.9768503965565228 0.9903585763563185
0.9154641680872561 0.9766192786228785 0.9906137782859634
0.9139863712775417 0.975296663528236 0.990724598484497
0.9145642818914638 0.97579091652409 0.990271001802616
0.9152384044452667 0.9770192943804233 0.9905232394903841
0.9154143554117986 0.9763361391232696 0.9905445396035854
0.9134514879628691 0.9792977594322425 0.9917339961575572
0.9169962685537996 0.9766897694869631 0.9908749262981006
0.9143096080194122 0.9767731307228411 0.9902509954286481
0.9166648965053172 0.9760920581027485 0.9900283738389547
0.9139843224174512 0.9763977195102828 0.9917439036174889
0.914128555381963 0.9773339499676243 0.9911062121109203
0.9140938183424117 0.9771547653957889 0.9909714491897048
0.9168519536430526 0.9767824954559102 0.9914801515640294
0.9142971414038994 0.9785839099065499 0.9907817564180583
0.9151275479380874 0.9778473799298977 0.9910115917439916
0.9150031489983432 0.9767485765731754 0.9905182601303041
0.9150684889441216 0.9731829681671236 0.988523602386819
0.9141813108017827 0.97697849754878 0.9912621923565637
0.9167961459087135 0.9734778488332703 0.9885005697351383
0.9153774618773739 0.9779036018293891 0.9905464288459659
0.9140412009945064 0.9773504051802359 0.9908694944128917
0.9147820427134384 0.9784948598706381 0.9919911918118366
0.9153770509426487 0.9784740726324056 0.9907767337071732
0.914112450832524 0.9765919444471431 0.990789694038156
0.915102721453951 0.9778464526754816 0.9914245874309214
0.9148894773240449 0.97791407139329 0.9905032272264616
0.9148978628579716 0.975592519688138 0.9914080560907763
0.9148217713849095 0.97423768288068 0.9907973885090317
0.916283903405371 0.9759122259708465 0.9903658976827545
0.9145742784885581 0.9772719046269003 0.9907618589047704
0.915459478587617 0.9767397889206754 0.9907442379675208
0.9172038939567182 0.9734960157585947 0.9904754731182139
0.914019962636089 0.9764525670742146 0.9905664860347743
0.915897005492354 0.9777228737597311 0.9914005815266586
0.9182603609938823 0.9726552832628651 0.99082622056421
0.914693322985689 0.9774744837311385 0.9908011886075111
0.9142273714525387 0.9773164961257136 0.9917058724532906
0.9154277570833819 0.9786150441075007 0.99106014515627
0.9156564580150812 0.9759462066078072 0.990855159963596
0.9152886160430919 0.9766008740612682 0.9909442072889761
0.9187901765450883 0.9720921740960295 0.9901115792218582
0.9142197371902684 0.9766098120077974 0.9907831803103931
0.9155116792455521 0.9776960146456498 0.9911590362988714
0.915848155675662 0.9762783535087338 0.9905980147200358
0.9137266489115792 0.9785115626443409 0.9909454266469578
0.914252973022156 0.9780399385279281 0.9910236226001327
0.9148768796030675 0.976148727417101 0.9913632869291861
0.9155329049326756 0.9771326359115347 0.9908879856846137
0.9152241151029038 0.9761199860248506 0.9911817615357427
0.9153089965059108 0.9772382900261974 0.9909444693928857
0.9157464534782911 0.9757441786791958 0.990889428306637
0.9144749651168745 0.9776386111825435 0.9910871216790377
0.915030353034318 0.9778855526620394 0.9910079956649624
0.9166478209881377 0.975527610051404 0.9911739778909413
0.9148665064712059 0.9757513231186442 0.9910028977790117
0.91598392671521 0.9749042663168412 0.9899762557880207
0.914538847322811 0.9772779537709068 0.9913569365213023
0.9158696503732934 0.9765999062979996 0.9907786626979465
0.9154211844612011 0.9776534608489273 0.9905680767779809
0.9140255891350848 0.9762661250344458 0.9906221243968235
