# full, direct, likely fidelities
0.9996697407213077 0.9975662177786548 0.9990285203952781
0.9996721448486674 0.9977690773215632 0.9989273990530821
0.9996702507714524 0.997284702199621 0.9991119796092953
0.9996729538201617 0.9974576429909963 0.9990298408624299
0.9996710039530333 0.9976774278832479 0.9991349629019551
0.9996703891804253 0.9974337171057047 0.9990509727267848
0.9996748964423848 0.9975764040105216 0.998979635447264
0.9996744598261862 0.9973649062803391 0.9989452580159967
0.9996770424665365 0.9975886376769634 0.9989506723726229
0.9996610542228077 0.997370736314105 0.9991083364757719
0.9996804320103069 0.9973515983858806 0.9991314204373521
0.9996707784668879 0.9969863575774222 0.9991376379081973
0.9996754277865317 0.9978458234917447 0.9991362746806829
0.9996672419552272 0.9979230941311691 0.9990469487919423
0.9996716216022239 0.9979301296620207 0.9990367604799643
0.9996704176270002 0.9974627681462126 0.9989661815136829
0.9996799239178984 0.9974580588313565 0.9990720821765167
0.9996718051442985 0.9975294582347008 0.9988588432621485
0.9996585323168018 0.9979937068757058 0.9990226443814129
0.9996770822968515 0.997716952407337 0.999023245848938
0.9996837735780287 0.9975827769962511 0.9990037903468438
0.9996642279471402 0.9972000108810181 0.9989831659045768
0.9996759747365335 0.9967520613137135 0.9987136627127055
0.9996730245355341 0.9970405465086564 0.9991468069058909
0.9996677077887708 0.9972885699255202 0.99905363259545
0.9996647828509065 0.9975687558055218 0.9989405957357211
0.999665276307326 0.9975936298427956 0.9989175991780288
0.9996803680491474 0.9967107545543582 0.9988676616866919
0.9996794877591928 0.997314325855977 0.999140183103167
0.9996847656738582 0.998066927492979 0.999211330399733
0.999679911368009 0.9974441990156032 0.9992315238169753
0.9996719191582762 0.9976584031136745 0.9989345942159744
0.9996679998704648 0.9977005073097507 0.9991446896830352
0.9996802348126711 0.9975130479297757 0.9991196593086102
0.9996694273413028 0.9980032279447164 0.999047439797957
0.9996650945662776 0.9971776711558584 0.9990048374125918
0.9996659425562178 0.9978986929089714 0.9990110501023783
0.9996625070384654 0.997986278566278 0.9991486842240851
0.9996849852585963 0.9973835079920491 0.9988686332385953
0.9996811175080347 0.9976459417936874 0.9991609251627074
0.9996640113959331 0.9974350718960688 0.9990381383087529
0.9996806212286444 0.9973208177804195 0.9990376390811407
0.9996840910277371 0.997182313510143 0.9990411628916479
0.999668924633446 0.9975080173923728 0.998749871676558
0.9996804868117559 0.9974236512996605 0.9990010777602512
0.9996678368202874 0.9973472810814146 0.9989547551869346
0.9996732136630985 0.9972065043532561 0.9990231596451686
0.9996757003984018 0.997951358898967 0.9990393048611681
0.9996767907682927 0.9979313704544439 0.9990345309843235
0.9996801579271035 0.9977555250623348 0.9990714263179707
0.9996607766869451 0.9976711633761685 0.999119262636738
0.9996811697043925 0.9979488216042689 0.9991143301982573
0.9996715570156024 0.9976914206740677 0.9989992387230894
0.9996722533500839 0.9967032093633802 0.9988719410832219
0.9996631526322256 0.9974158505857263 0.9990951102296778
0.9996668762299064 0.997186158725261 0.9990534469449182
0.9996689617436857 0.9978190675899713 0.9990115455494898
0.999674091312768 0.9965982764956017 0.998857638515123
0.9996706825069409 0.997483635882454 0.9990169491503863
0.9996849689373546 0.9976006534463396 0.9989980183294379
0.9996718102860255 0.9979285372592432 0.9991838650706564
0.9996792464639896 0.997464695535666 0.9988959653099567
0.99967238419972 0.9974769023029425 0.9992336680642657
0.9996743428733827 0.9979653547534536 0.9990464087072957
0.9996822470414886 0.9973549928898668 0.9990471102336815
0.9996790438833593 0.9967510883969849 0.9986333157394888
0.9996722477405655 0.997714135002783 0.99880408754698
0.9996729837629209 0.9980529098100949 0.9991415547765615
0.9996765437148574 0.9976489245307842 0.9990535231885465
0.9996782510060983 0.9976386740111771 0.9988630819837292
0.9996723750698931 0.9971774155050881 0.999079892252579
0.9996707455067836 0.9979046881655752 0.9989546618514392
0.9996718578318751 0.9977303334476935 0.9988472548380763
0.9996726407311772 0.9975142241696581 0.9987869341979858
0.9996813103601556 0.9977728689325913 0.9991418020084826
0.9996747883326318 0.9975039694853491 0.9988319125076787
0.9996753032477255 0.997653713313995 0.9989023761715606
0.9996821714132145 0.997454421608578 0.999004751154802
0.999677565628285 0.9979821129125946 0.9990452693140056
0.999674249565641 0.9973048998155344 0.9988879290936393
0.9996699067416509 0.9974837172137074 0.9990623141108013
0.999668438503137 0.9976013656085865 0.999137152380588
0.9996645253701494 0.9974135143069617 0.9991624716677824
0.999667350785058 0.9968740710601719 0.999014144785226
0.9996687343119229 0.9976946771919808 0.9990623993917944
0.9996669709271853 0.9979473290422125 0.9992687561065028
0.9996813039678988 0.9977065101090578 0.9988904762327174
0.999674001820175 0.9974900626994825 0.9989087238933998
0.9996762911944208 0.9972811814492595 0.9989254932337435
0.9996792604148653 0.9976073282554081 0.9989962082204343
0.9996778977580406 0.9975239932394785 0.9990881012588131
0.9996795868852678 0.997607727144053 0.9989116200960324
0.9996650147511543 0.9974303143100172 0.9990911627132963
0.9996722627960213 0.9973283453519081 0.9989002404794879
0.9996782274986066 0.9973183534091614 0.9989815706450099
0.9996835363490855 0.9975699572625245 0.9990995794157205
0.9996765541214955 0.997384541275213 0.9990294889840359
0.9996775541972202 0.9975217489270379 0.9990562528860223
0.9996817086989777 0.997655156342261 0.9990742126089901
0.9996780679327157 0.9976425118402712 0.9991539306599521
