# full, direct, likely fidelities
0.9907787083109282 0.9934856841608513 0.9968621499089253
0.9910415480316194 0.993596373083575 0.996974143376849
0.9908348837240574 0.9931666795895435 0.9967087418297269
0.9909877602360871 0.9929009643358766 0.9969732502495536
0.9908989477581386 0.9929818716543588 0.9967514937700547
0.9908473489033526 0.993410523219127 0.9970991852706935
0.9908117732184927 0.9936886683639884 0.9969826214270706
0.9909873677560276 0.9935535310393158 0.9971034389489352
0.9908056463870019 0.9926023436861177 0.9969942043072911
0.9909534600464263 0.9933000590144311 0.9969691476288556
0.9907473295705004 0.9935527804974142 0.9970213690871794
0.9907181097041972 0.9931957848966474 0.9969001599755256
0.9909456032664127 0.9926637162183717 0.9968642659590956
0.9908582124718677 0.9922691808971682 0.9966632876778959
0.9909271407460105 0.9929548439566618 0.9971408924721695
0.9909290890450981 0.9928359157202223 0.9969486170362507
0.9907146409328385 0.9924724440103286 0.9967104492773701
0.9908806438858614 0.9931529415350646 0.9966103998034084
0.9908329702661228 0.9932951538955943 0.9970228726366148
0.9910795198279218 0.9934045381724074 0.9969762930753229
0.9907626346833199 0.9929689145562753 0.9969247814287603
0.9908718268314171 0.9925745265154193 0.9968980355885336
0.9909840807022957 0.9934501471716932 0.9968215182768367
0.9907844434496896 0.9923004270491366 0.9969093686312002
0.9908771294833779 0.9935669067845755 0.9971364683631558
0.9908391150312769 0.9926744946867719 0.9966799317985046
0.9909925470183653 0.9933827477165932 0.9970053853086911
0.9909256022076014 0.9924447383053212 0.9968109323465566
0.9907119415150671 0.992767888574467 0.996766923326465
0.9908861632194742 0.9933188727581607 0.9970161229362408
0.9908825080489597 0.9932701418385648 0.9966772609743253
0.9907418589181296 0.9927970917197771 0.9972125890604735
0.9908398370629317 0.9931912641259253 0.996708340296138
0.9908595662104186 0.9929360436893864 0.9968889667552927
0.9908182288467013 0.993548847395397 0.9971164846497019
0.9908285526701968 0.9926589251042636 0.9968775854887195
0.9909224723608545 0.9927984096756832 0.9970496990812516
0.9908610457893123 0.9929846731003659 0.9968253623939195
0.9908897233991052 0.9934565092733667 0.9970504040179631
0.9909395554428638 0.9933653887479043 0.9967497403697477
0.9908846697335338 0.9932375175501501 0.9969474300393372
0.9908254288235382 0.9933957902708933 0.9968145324949965
0.990989393284646 0.994128069053931 0.9971002035068772
0.9908001266568824 0.9929989587794377 0.996734277213813
0.9908546787435699 0.9927001044024001 0.9967218610739146
0.9908526520251114 0.9934096867919477 0.9969423693969063
0.9909696749258483 0.9932544553598934 0.9969568947517197
0.9909713337589932 0.9925141234287538 0.9966522513560491
0.9909713583423644 0.9934483506958686 0.9969934957450349
0.9910546649012092 0.9933754990480058 0.9969170047550656
0.9909273075133126 0.9935993318517797 0.9970429269139124
0.9907617949307058 0.9932964211549364 0.9968504690535629
0.9908470437683722 0.993504439930864 0.9970164783392645
0.9908243214950994 0.9934205287579883 0.9968681281650251
0.9909494482462642 0.9933981400115577 0.9970464500145684
0.9908546786990315 0.9928175900545579 0.9966757043100343
0.9909187935546723 0.9931421230221558 0.9968774429952203
0.9909433576588296 0.9934171644557344 0.9970683512926577
0.9908384347086274 0.9937160286053706 0.9970959523137758
0.9908958243557713 0.9933327853102889 0.9970875078343031
0.9911004876751056 0.9930954146247164 0.9968143755783782
0.9907410928663074 0.9934243921154478 0.9970617505768598
0.9908886452581567 0.9935210559297221 0.9970233919810967
0.9906867444090934 0.9929688558158543 0.9969496413647105
0.990797400037094 0.9937455840165246 0.9971515794337622
0.9907957663625876 0.9929381263257276 0.9968432899927406
0.9908307401041799 0.9929007803666515 0.9967149127767803
0.9908707295225775 0.9935277383646904 0.9969815579327146
0.9909474642969689 0.9934971654338166 0.9967489782883111
0.9908782885120536 0.9933189892260488 0.9966070466922435
0.9909878398097776 0.9931355893269566 0.9969030054837693
0.9909091037906359 0.9935612828890945 0.9969889219532739
0.9908416849194643 0.9938427123795376 0.9970146718287108
0.9906924493973944 0.9935709917329673 0.9970129413763639
0.9909802598094166 0.9934630957546243 0.996901782783734
0.9909375955579955 0.9935951457785748 0.9970784702918193
0.9909039679698655 0.993247677514158 0.9969754886485589
0.9908979083566892 0.9927652212072073 0.996903424035081
0.990917288850799 0.9934011098608745 0.9969732142919816
0.9908278352730234 0.9935758302882957 0.9969418493238421
0.9908852178658603 0.9935145524686922 0.9968289279952313
0.9907686333909725 0.9932009661697002 0.996907938840959
0.9908359992782211 0.9935672205413904 0.9972546836910383
0.9908888128525533 0.9931149826357398 0.9968883384795382
0.9908179425563104 0.9931304642608018 0.9971076145978112
0.9908464688949382 0.9932158098998775 0.9970873520273842
0.990822222272952 0.9931332786036187 0.9968678504225833
0.9907931540187103 0.9931200514824409 0.9969777035461094
0.9907393425974041 0.9932796213271261 0.9970531329841311
0.9907360210752434 0.9929418577714495 0.9970348878858086
0.9909592418219423 0.9937010782586985 0.997045039658267
0.9909484098401313 0.9922888758799306 0.9970524099586019
0.9908100191515221 0.9929157615114326 0.9968570664879284
0.9909131766264121 0.9929572859437933 0.9970855961127697
0.9909658487558481 0.993191747087991 0.9969670688022595
0.9908599732562146 0.993428216584013 0.9969637729349735
0.9909134839619531 0.992882410124004 0.9966402899445422
0.9909454309281757 0.9933810047855609 0.9970936075710575
0.9909703257060561 0.9934653162865729 0.9970735804290718
0.9909955529704346 0.9929932486532029 0.9969268707826977
