# full, direct, likely fidelities
0.8281271303586851 0.9783696620807253 0.9900818302529687
0.8319802078935494 0.976123383602793 0.9899002333427328
0.8287441782093067 0.9779043632756176 0.9894788755065025
0.8281927521172826 0.9780494528805336 0.9897764885076211
0.829964581521195 0.9778156339255949 0.9901135924529421
0.8283106728689692 0.9774275378673181 0.9895741122934221
0.833681996030548 0.9771611052169488 0.9894620498705038
0.8296684816130516 0.9782254915659846 0.9899088904394826
0.8298682337817974 0.9782872041674819 0.9901125732546425
0.8297315597669532 0.9775061850276444 0.9897243717904367
0.8280743425754308 0.9780671074292453 0.9897373528982599
0.8270455626827973 0.9785807562408435 0.9898709987154785
0.8287679263429344 0.9778629722234805 0.9895929252502458
0.8288133639844403 0.9779375020006299 0.9898022762138781
0.8313385975210269 0.9772972748033263 0.989774708578372
0.8297058522182031 0.9784129989059306 0.9901135033876264
0.82795352155348 0.9780787615032122 0.9896547544460682
0.8313409255027179 0.9769905215317177 0.9893398830772225
0.8303728921066009 0.9777449808517136 0.989601594386699
0.8267322588703172 0.9782487100023233 0.989721317653233
0.8310081453831784 0.9770035557906737 0.9896205468746965
0.8274576493416883 0.9785024663518481 0.9899587677768074
0.8312656336604801 0.9770672941422821 0.9901701941488636
0.8325090568062428 0.9770711230883736 0.9895438368919788
0.8281684636135979 0.978231317908587 0.9898974590281695
0.82819902253202 0.9776329485392596 0.9901110354247815
0.8281440777857463 0.9784838412350215 0.989951537742289
0.8286328125006119 0.9779135300293236 0.9896868932816357
0.8334775993885233 0.9771544095893776 0.9895263075704629
0.8294014398247637 0.9775930777753183 0.9898781764603561
0.8333981149415302 0.9757053067799252 0.9891630032510141
0.8284666184140259 0.9775327011112753 0.9895827867682103
0.8288185392010164 0.9781951533257605 0.9897933908666149
0.8316942060665761 0.9767888055307526 0.9897435985747932
0.8324450907327315 0.9772333586521167 0.9895226383608182
0.8307206741367367 0.9781041208878603 0.9897379546632922
0.8279791682459019 0.9779580736043176 0.9897483228650746
0.8292043095472243 0.977521988863736 0.9899103092513611
0.8297818749573107 0.9779191678116098 0.9897532921812048
0.8296483011693737 0.9782907330134109 0.9899114359735748
0.8327740439635569 0.9758712389944516 0.9892727331988453
0.8269821290247564 0.978742926960278 0.989995149258831
0.8283709317669121 0.9784605700804074 0.9898788838347845
0.8281665805802882 0.9786456997649511 0.9897995382636783
0.8277728721632277 0.978402619617532 0.9899660324927398
0.8329385472248587 0.9760085755040235 0.9895460503888165
0.8305303375143728 0.9775413654183785 0.9895442324513465
0.8316244712946522 0.9765365854428463 0.9894232843153161
0.8314138746163262 0.9772146440720563 0.9895965700725127
0.8277299975529879 0.9781206639455667 0.9896912040911897
0.8269676261087511 0.9789411002108136 0.9902653635584908
0.8289942175276824 0.9772413345366343 0.9894845155526014
0.8309405696942823 0.9771549421372472 0.9896188937031563
0.8283323729634755 0.9784640124016021 0.9897531444550913
0.8319094938386165 0.9766267450563448 0.9893404525361827
0.8314509219656823 0.9767205625560877 0.9893465051839256
0.8298006301495906 0.9772645879431511 0.9898433061597931
0.8271545733124513 0.9785954195934893 0.9899329399219645
0.8283012583860137 0.9783368356667754 0.9899602615737694
0.8291534651674803 0.9780489670610328 0.9902218733164073
0.8332110292484763 0.9768570303505814 0.9895905252633672
0.831844189911829 0.9759411829934043 0.9901287752547332
0.8293451002813679 0.9775469978569925 0.9899626911501839
0.8270974879497064 0.978563695343233 0.9900586385690688
0.8323232392344976 0.9763289529369202 0.9891811753913858
0.8293084694502983 0.9765600331134203 0.989499563392634
0.8299871585091545 0.9769787564417238 0.9891066252059252
0.8299899182517906 0.9773493984961344 0.9896527271675536
0.830763680047123 0.9774917543380378 0.9899045935703804
0.8272443965660298 0.9786540921307699 0.9897156333157276
0.8337927132238131 0.976461925587826 0.9893211801171814
0.8295979596993034 0.9778692548241213 0.9898662581308509
0.8303106615133626 0.9774313306560193 0.9892424081345689
0.8276544331766754 0.9788244832206248 0.9899379547150834
0.8344363338243808 0.9763989887122764 0.9893855702869799
0.8284204430884656 0.9782107574874725 0.9897832494641146
0.8285353672262215 0.9781550835879868 0.989869996376606
0.8271393207373346 0.9788718042892154 0.9898892086056439
0.8276695786823343 0.9786705811299621 0.9898961651881503
0.8286238122002317 0.978613582280654 0.9897476808748873
0.8284960125773638 0.9776792447645088 0.9895144199596524
0.8307113328926815 0.9770806166431879 0.9897874005868147
0.8285933943530438 0.9781920326969652 0.9895035502660363
0.8291762211496583 0.9781086952630509 0.9895742446154224
0.8290149412330368 0.9783333119396819 0.9899178092669054
0.8271837408143318 0.9780778292924893 0.9898332499540727
0.829409011738669 0.9779142825979907 0.9895878692946593
0.8287604437789263 0.9770589959656565 0.989754519435915
0.828268100846035 0.9778946589515213 0.9898388697451542
0.8294716026056226 0.977255802510911 0.9896969875529765
0.8302010147157423 0.9769788487528981 0.9895728723889211
0.8270192522976296 0.9784533975256223 0.9900203758845109
0.8293357135536604 0.9784460282434106 0.9896918967656902
0.8297737636018274 0.977117037030244 0.9894624371431556
0.8277184909390868 0.9779459382037786 0.9897798157367932
0.8279275948465594 0.9788904635638386 0.9898447008637647
0.835005193593743 0.9758622734875491 0.9890906389733657
0.8333431323548269 0.9764525258444309 0.9894334412829934
0.8278485548247189 0.9781353832435103 0.9897985403821246
0.8286600014150253 0.9774309308084264 0.9896488608161931
