# full, direct, likely fidelities
0.9996683104178664 0.9971140183399589 0.998559408117551
0.9996747426188475 0.99719847456601 0.9990036590162377
0.9996647421731729 0.9973295657989435 0.9988527858196271
0.9996706754305358 0.9949730300486506 0.9988046387597674
0.9996793714913822 0.9967829388490841 0.9990199939730514
0.9996750177726511 0.9979447934478446 0.9990700940300419
0.9996718056071637 0.9976002445317116 0.9987313620344656
0.9996852007645447 0.9966865321946304 0.9987925442999125
0.9996788685932207 0.9975550780206535 0.9991341938350392
0.9996616610479426 0.9970581773550702 0.9987321908746045
0.9996817478910905 0.9959441668623664 0.9985750343234976
0.9996590200011615 0.996676805116586 0.9988872464031879
0.999679851382351 0.9978587383229885 0.9986637785149003
0.999666913018312 0.9967058146975724 0.998564566384739
0.9996668798585553 0.9969578887446257 0.9989659815573477
0.9996742768580458 0.9971465555904235 0.9988089395422244
0.9996714379136297 0.9971871702625282 0.9988146469182779
0.9996655955135182 0.9965662461136677 0.9985775684478395
0.999658265027286 0.9969237563585163 0.9988503907707816
0.9996791187060567 0.9961969914342941 0.9985012200905272
0.9996797652492914 0.9968039684816551 0.9984295139532396
0.9996761201967195 0.9970928164632704 0.9991168191795189
0.9996726546400447 0.9968771253287732 0.9988422799974104
0.9996765630604222 0.9968546699796537 0.998980820839667
0.9996725002069923 0.9968000025014782 0.9985372328906811
0.9996662025075962 0.9969799183913308 0.9987609351883153
0.999670888616287 0.9973679302004255 0.9989774603413588
0.9996780846889308 0.9974271567928166 0.9987094263700503
0.9996877791581831 0.9971962321269214 0.9989890021335456
0.9996820938947883 0.9965854991721148 0.9984461869499834
0.9996688262997545 0.996628559591058 0.9984340680176497
0.9996707076127449 0.9966960986869291 0.9983820521450133
0.9996690803572682 0.9964640499685379 0.9989488709218919
0.9996524940880863 0.9960876747311407 0.9987891500576566
0.9996695818186 0.9972204336578622 0.9991015012353943
0.999671790878976 0.9973390874398288 0.9989022216745553
0.999655963494178 0.9977171228287298 0.9986522426523855
0.9996802380351028 0.9970253007965985 0.9986217518602187
0.9996707519704756 0.9972080374166455 0.999012665368705
0.9996678107445439 0.9967022061258383 0.9988136791025622
0.9996762877138523 0.9969802170407956 0.998781863039538
0.9996722758622658 0.9973426960352384 0.9990445104834396
0.9996718065079818 0.9967110142730411 0.9990201928224437
0.9996696044497904 0.9962471077575337 0.9987657204479101
0.9996708614736788 0.9970572421716326 0.9991969956244051
0.9996776880446602 0.9965663131086209 0.9988464221949889
0.9996847468854111 0.9973327062320929 0.99902059710187
0.9996818835633962 0.9974596097530505 0.9988756824805689
0.9996810116705835 0.996469285545385 0.9989770894778084
0.9996753761118992 0.9970725329198922 0.9988608687163735
0.9996518372578347 0.9971440550843395 0.9989137780868617
0.9996732852515514 0.9970204286819753 0.999025834406118
0.9996717390327803 0.9973254056388353 0.9978832067168506
0.9996716073092912 0.997442350744714 0.9988469896845377
0.9996643309313418 0.9971302500597059 0.9991441657959476
0.9996734678808427 0.9972964944712067 0.9990141890237708
0.9996854138879407 0.9973304074942775 0.9990237899585498
0.9996643544719822 0.9957766195162331 0.9986647074359196
0.999663703108723 0.9973959900188598 0.9990473471538135
0.9996745364201013 0.9961944318845704 0.9989145056900821
0.9996799230898608 0.9970819434415359 0.998929253434978
0.9996776974281614 0.9972882473542563 0.9990782822035337
0.9996740584108251 0.9968088558902815 0.9987486934227998
0.9996837258568558 0.9968944382725714 0.9987861289952296
0.999682880929968 0.9979235583915773 0.9990174049021806
0.9996700303893141 0.9969896905740065 0.9989890831929834
0.9996816453372948 0.9968112348853161 0.9990401320905979
0.9996577850176727 0.9969215544417104 0.9987182693621314
0.9996807889696948 0.9972698512777881 0.9986829816365652
0.9996783428802557 0.997204111809731 0.998996054113921
0.9996826952167651 0.9970144001371414 0.9987614264282482
0.9996674102945381 0.9969425547343755 0.9986094948818802
0.999671855366313 0.9975872101610945 0.9988889210072928
0.9996720463158062 0.9973794222391028 0.9989273752270316
0.9996807809824253 0.99722161218988 0.9987173486042863
0.999669867381263 0.9967558088858157 0.9989201098382173
0.9996712892455469 0.9972008195262319 0.9992029234876758
0.9996678763176851 0.997367661658645 0.9987397205801846
0.9996685548797619 0.9959017849117959 0.9986172710966181
0.9996608626152322 0.9960001040244284 0.999066236870302
0.999678035918813 0.9969349154305858 0.998935467884918
0.9996767077824041 0.9975886433365023 0.9988960144417216
0.999672009195095 0.9973249043377853 0.9990355784839762
0.99966844255012 0.9967736731530698 0.9990626793606664
0.9996630081938487 0.9969002492975984 0.9985781404150038
0.9996799805328799 0.9971731700163087 0.9985118680820988
0.9996726448628771 0.9977862700336811 0.9989676006090112
0.9996657692460202 0.997344599343433 0.998726494386971
0.9996726236402499 0.9971667028498119 0.9990718557226974
0.9996807636233405 0.996156963008191 0.9986810230703848
0.9996786429764346 0.9968141001186116 0.9985916698986975
0.9996674974811403 0.9971353423820754 0.9987255956930682
0.999667876086622 0.9961262248368521 0.9987791606020556
0.9996697025002128 0.9972036007582713 0.9985411481408436
0.9996694206828495 0.9967379169756158 0.9987169093679975
0.9996817537030259 0.99718132170229 0.998809822615343
0.9996752260927211 0.9961677807467311 0.9988432932274933
0.9996780101505939 0.9971127611275651 0.9988834265722202
0.9996794233304117 0.9964840194388067 0.9987915947389442
0.9996892229898227 0.997026967224854 0.9988638400464159
