# full, direct, likely fidelities
0.9999414339914213 0.9968214874867963 0.9990639113089038
0.9999382948075257 0.9940293065810161 0.9991200626303787
0.9999316540469011 0.9964505991580397 0.9985674542044809
0.9999325668967635 0.9974183543321242 0.9991593956238002
0.999933217530477 0.9969718304797606 0.9981748019688256
0.9999378153556785 0.9961780173295802 0.9982450369686175
0.9999346232313944 0.996183911542523 0.9978243046669883
0.9999411806824541 0.9944826504574619 0.9988403036527341
0.9999304589531675 0.995081843478233 0.9988403372518043
0.999929656844484 0.9940476613788374 0.9985327212979973
0.9999421956670248 0.9962509697488859 0.9988658987667239
0.999932216237637 0.9951193602660331 0.9983540557859395
0.9999364941417557 0.9960346609979347 0.998029498068539
0.9999345967801689 0.996935773640169 0.9984137923597097
0.9999366188600329 0.9970138124998114 0.9983844019709551
0.9999351624431054 0.9944132028873968 0.9982820363077087
0.9999347825005485 0.9930539681576783 0.9985716625060511
0.9999268791521538 0.9943752175763645 0.9980128677670244
0.999931809738896 0.9973828627835889 0.9990580340938466
0.9999402585919086 0.9956143853284386 0.9980662212922715
0.9999334565046187 0.9963177125086433 0.9990457676460847
0.9999383299795438 0.9961467237177406 0.9982925405775337
0.9999439745536298 0.9958774669455766 0.9979862342855979
0.9999342132211234 0.996429641679924 0.9976371315949847
0.99993403524998 0.9964760481587029 0.99834490678137
0.9999418190378592 0.9931822739169497 0.9983056994513583
0.9999335775822079 0.9958897814010704 0.9988001319881097
0.9999349900044467 0.9963540675943151 0.9980840740150716
0.9999336501647899 0.9965441658258773 0.9989643620150183
0.9999397112311663 0.9945977537498557 0.9990406073639703
0.9999402025892714 0.9963385104666084 0.9988106351069047
0.9999419932178111 0.9935590607917083 0.9979360159426124
0.9999406811028457 0.9974315972704457 0.9982717453005121
0.9999401884822023 0.9959136853841475 0.9985816782542918
0.9999359646638935 0.9973497215311796 0.9991268110697313
0.9999339273811532 0.9969003605072537 0.998160696860848
0.9999386047751903 0.996296279795704 0.9980276185984573
0.9999328412399162 0.9911974679789795 0.9966682166058212
0.9999424763810797 0.996358107741277 0.9982312680190844
0.9999364361214786 0.9964027367855192 0.9986965438104216
0.9999304858146212 0.9965255073176361 0.9985709546866652
0.999940117435455 0.9960647893342015 0.9981077990698874
0.9999454929668044 0.9929678072372651 0.9956767041581485
0.9999322897358753 0.995297869433585 0.9981227832603426
0.999940682437099 0.9971352228225862 0.9980923584132695
0.9999416877184681 0.9968773066846947 0.9989032634362331
0.9999363702020975 0.9945963176678125 0.99786179958272
0.9999419874057407 0.995644273163384 0.9989871138834806
0.9999413149475135 0.9955722707655205 0.9979146422359453
0.9999393789064647 0.9975183449220076 0.9990067367369665
0.999928938339411 0.9956135298323271 0.9982308865061926
0.99994440741456 0.9962308593063399 0.9984273381950516
0.9999323989219662 0.9960494781494265 0.9970909840657937
0.9999376944006967 0.997067510765934 0.998934978549597
0.9999337318591508 0.99694336726336 0.9985225339522493
0.9999232389642014 0.9946575752159762 0.9986951447031918
0.9999387049194287 0.9932564836347862 0.9975441880657716
0.9999345525017558 0.9971441679516747 0.9984008927646708
0.9999319078963286 0.9952495646103854 0.9988617651126548
0.999951417687228 0.9969036356876447 0.9987442011377055
0.9999331412147616 0.9945350943333227 0.9987689612609987
0.9999407142550765 0.9969206352681133 0.9987522038808017
0.9999306195132792 0.9950845654540066 0.997196560695667
0.9999395042382108 0.9972179619100123 0.9977435902256713
0.9999407868908222 0.9965086982537109 0.9980801133064263
0.9999406630554138 0.9926738883748725 0.9983802972797072
0.9999284038159914 0.9916570499750281 0.9982320499616061
0.9999298995587245 0.9955272765666481 0.9982638238622442
0.9999450243479296 0.9968214708911433 0.9984322268516562
0.9999401886466551 0.9962991078998393 0.9985327487243986
0.9999317898004528 0.9940871079171174 0.9984107013021939
0.9999333491323124 0.9948030560683843 0.9984796267830452
0.9999420153500661 0.9960966201407307 0.9979104090529128
0.9999262231119818 0.9962419412708206 0.9983817121950375
0.999940076359323 0.9952052608367268 0.9975421850661185
0.9999273494604572 0.9977984522866488 0.9988931593437532
0.9999421296331844 0.9963101666004689 0.9985721145445068
0.9999405771756469 0.996548369629912 0.9988952601590906
0.9999300573962735 0.9965137394087902 0.9979930736309943
0.9999326603701671 0.9964343855013017 0.9978347126371868
0.9999367343638937 0.9956730771532889 0.9986921111341146
0.9999355077921956 0.9957334552865019 0.9979812560298333
0.9999368945979646 0.9951900437661545 0.9976391469558238
0.9999333035951602 0.994999146630141 0.9984249710850962
0.9999370134592991 0.9941339733428085 0.9974675097189852
0.9999350723632605 0.9973143981337169 0.9986187967728004
0.9999290750240768 0.9946774077378376 0.99856469450499
0.9999319115597217 0.9948454053082257 0.9983260376240035
0.9999385055393277 0.9963363857726114 0.9985445462222514
0.9999250356950988 0.9980888424634797 0.9983392738937581
0.9999316437520755 0.995962876816786 0.9986690159796241
0.9999462376744761 0.9967806632150922 0.9987032648896437
0.9999173162857532 0.9944680580821309 0.9970674479883778
0.9999245835394577 0.9957597020190049 0.9990112731016991
0.9999349336165549 0.9945641797401547 0.9982227623538311
0.9999286836199315 0.9971541682848571 0.9982871749165465
0.9999385166757051 0.9936725751756046 0.9987900205842607
0.9999351532439726 0.9964024177847483 0.9986391063592367
0.9999361994241298 0.9965174098482689 0.9982771350139599
0.9999392481840907 0.995250525126485 0.9985042774282873
