# full, direct, likely fidelities
0.6910447039473446 0.9721287133254963 0.9871026417388848
0.6909920289639253 0.972243269924784 0.9869713052786467
0.6957832454214044 0.9717199485145188 0.9870200046005866
0.6971731379357057 0.971872991869729 0.9865953436926311
0.6923194814767671 0.9727137949212978 0.987071820285177
0.6928510822942998 0.9722333684668859 0.9867480454113514
0.691554819412094 0.9722783265473894 0.9868456149941546
0.6915465989851945 0.9722336692426818 0.9869602630302603
0.6924919923887956 0.9721979216965191 0.9865724156576116
0.6925440398917396 0.9722570238667823 0.987095879656843
0.6972799998222293 0.9717577343882289 0.986902535700341
0.6958344579869977 0.9718809098950815 0.9868234692769476
0.6994679261956093 0.9708539905883812 0.9866920864571994
0.6945672752947409 0.9721112608396586 0.9868418667086443
0.6935776593767345 0.9720839298900148 0.9869160137714814
0.6914575532134019 0.9718653311612022 0.9867045691840155
0.6910343637293095 0.9722392453477051 0.9870042654236166
0.6981961061776881 0.9723522458181507 0.9871920007249919
0.6973913564845204 0.9709979167245641 0.9868150342815587
0.71120734269312 0.970912196152822 0.9863708351801357
0.700326758681755 0.9713197323573671 0.9865832922504983
0.6925486791157011 0.9720629890672294 0.9871816693678319
0.7005541085876752 0.971287408152101 0.9863320013071558
0.6978756125288916 0.9722597576949265 0.9867811162074172
0.7020548213534537 0.9702563097115516 0.9866202188380874
0.7008181281357087 0.9714139145027718 0.9871537098495003
0.6990586897043053 0.971046168678631 0.9867953775639433
0.697518036550911 0.9722140762397044 0.9869908185022644
0.6911874604792916 0.9726964416616158 0.9871499553903128
0.701857823167695 0.9706635313705 0.9868411826985591
0.6973208312725504 0.9715027052156732 0.9864622281257936
0.7004415175435755 0.9710774015032518 0.9868985402613947
0.7085464099690718 0.9703678545746285 0.9864933858411692
0.6918549110880623 0.9728869221846015 0.9872442387024754
0.7067177902030252 0.9686295354190984 0.9859316209649407
0.6985436321158768 0.9712046670132409 0.9868071726313307
0.693903826591076 0.972965814080384 0.9871730891044489
0.6971631913199875 0.9725697805012714 0.9868547982169301
0.6919893348532875 0.9726046133950266 0.9870553303688401
0.6947321628570932 0.9719672000517335 0.9867444338877146
0.6944628371018144 0.9722226204689134 0.986849000527515
0.6983655510094599 0.9715521671824656 0.9869334769457225
0.6952304501203411 0.9717219255367926 0.9865431788102246
0.6978493625580959 0.9717452723924769 0.9871337696418299
0.6906138285146981 0.9728110741799285 0.9868925269500871
0.6962779430293821 0.9714797556497559 0.9869909257780765
0.698059950545454 0.9719228932579209 0.9866955179116957
0.700329092607233 0.971819068219693 0.9867113524565989
0.7006025741064051 0.9711031975216403 0.9867844798452895
0.6950605713645666 0.9724686643108619 0.9865638322337864
0.6908548339145669 0.9721552739615871 0.9871393758633468
0.6928412683237352 0.972855249126393 0.9872164308853901
0.6990979564962356 0.9708441847416489 0.9866690198993011
0.693608262730614 0.9724551693007925 0.986933249467602
0.6936794926781822 0.9720238742743141 0.98681777655648
0.7024211944092431 0.9711183699963888 0.9863734415485854
0.6946279947039702 0.972018241006476 0.9869434103882708
0.6954421311054179 0.9717747372214462 0.9871564872682497
0.7025638343069196 0.9711009649583489 0.9863682801180564
0.6927968671326913 0.9723222306769551 0.9871363909429256
0.7020929797279356 0.9707627545173086 0.986395301641359
0.6933401020725934 0.9719644440247612 0.9867756250164079
0.6949523303460989 0.9724452857252422 0.9869859567583955
0.7035428337054046 0.9705769412622973 0.9866973814180741
0.7011978039012281 0.9708215347675799 0.986632901696424
0.6913619631652324 0.9725604719286586 0.9870913833976745
0.6956278328039213 0.9721266047001486 0.9868120784889235
0.6924374495682445 0.972317160223171 0.987057573510618
0.6983404281130126 0.9708980920561563 0.9868633595981318
0.6925587017986439 0.972003712648201 0.9870427192518808
0.6967580504254021 0.9721105687231403 0.9867419026438216
0.6948169210358232 0.9721067603297632 0.9870779868991246
0.6972753817325219 0.9717294339751491 0.986991105865828
0.6973401196577831 0.9721969939994975 0.9867871685413464
0.7018826636292053 0.9713546796712798 0.9861764335136597
0.69172907945862 0.9726138930734604 0.9871376004027659
0.7000981950046304 0.9721232556810622 0.9869128935015652
0.6989931799786921 0.9721189866099725 0.9871682165341011
0.6900111714476995 0.972779246201826 0.9866824529708609
0.6997957373014768 0.9712551454643042 0.9859987883570087
0.7076703803948852 0.9697143304502099 0.9860047025137989
0.6952794270141466 0.9714624609471012 0.9869434559616866
0.6965545903825984 0.9725325636208402 0.9870763445516946
0.6940316580147514 0.971552718300813 0.986975032510194
0.6903724166920887 0.9730611962675623 0.9868099803254915
0.6954310101207154 0.9722902181217863 0.9871856015677637
0.6993352640451683 0.9715277951372333 0.9869677199086642
0.6964354718316631 0.9724889738607237 0.9871182783054958
0.6928918189309423 0.9723369541177185 0.9871473031106536
0.6935715690581074 0.9718104198555332 0.987083473154258
0.6934050841297941 0.9722141794587675 0.987095007433578
0.6943722383993487 0.9716591704863172 0.9865819307734945
0.7013174817562214 0.9703978627509011 0.9860672036122222
0.6956200597058186 0.972163142160415 0.9870801588304474
0.6967253113613755 0.9723501408988027 0.9869411399274642
0.7008723085317883 0.9714349282798104 0.9866740409535419
0.6968498190698774 0.9714681456509695 0.9866846105366694
0.6946349820150794 0.9721674393848211 0.9866452943914723
0.6986225721003371 0.9712081257424542 0.9866484614920601
0.6968897259332449 0.9720463468655748 0.9868404819267125
