# full, direct, likely fidelities
0.9998958361113651 0.9997326662236634 0.9998661761973555
0.9998928765372136 0.9996922137874713 0.9998575730235463
0.9998943976891107 0.999696294076065 0.9998496327878984
0.9998979716035982 0.9995914263534836 0.9998517752581769
0.999898508556605 0.999632565439255 0.9998439761586926
0.9999006259598148 0.9996834615895044 0.9998699084675109
0.9998958492313574 0.999694284055321 0.9998613906420531
0.9998995741439181 0.9997310825419785 0.9998711884923848
0.9998978673137789 0.9996470114605741 0.9998452090888369
0.9998990772207762 0.9997084386970532 0.9998472237001916
0.9998947466609918 0.9996843924257398 0.9998597860030732
0.9998975654995998 0.9996256327832871 0.9998547140708339
0.9998974406598511 0.9997040374606876 0.9998822864093158
0.9998961712554727 0.9997075658448994 0.9998641357391929
0.9998997344565621 0.999680659523361 0.9998539123105438
0.9998988400954429 0.999722483499974 0.9998778779848932
0.9998974832500516 0.9996973858576564 0.9998677066384787
0.9998946485120956 0.9996771052690762 0.9998718742216492
0.999894839331625 0.9996856387499302 0.9998193593202016
0.9998958588841276 0.9996434304665114 0.9998370036569395
0.9999025981113295 0.9997228456946993 0.9998514368619267
0.9999018909908428 0.9997496910678279 0.9998868797388355
0.9998991820791827 0.999739025753288 0.9998769962397429
0.9998962051294821 0.999689823136892 0.9998725608402846
0.999895644745765 0.9996673449286079 0.9998494010645603
0.999897635941854 0.9997275751938691 0.9998801741585439
0.999899176779606 0.9996410562320471 0.9998508719693453
0.99989510194493 0.9996885267206228 0.999857791140255
0.999893564128108 0.9997334458886514 0.9998779170955446
0.9998983779038115 0.9996687418883915 0.999866570180688
0.9998987628030268 0.9996888979202324 0.9998448707703624
0.9998945129939408 0.9996746115212983 0.9998504831896864
0.9998959285802568 0.9996596079098242 0.9998415150232831
0.999901558826629 0.9997367901900074 0.9998725445822599
0.9998927440173272 0.9996269651902981 0.9998301622467863
0.9998999906345715 0.9997326120120643 0.9998906054198634
0.9998960511927706 0.9996450065939838 0.9998308316126298
0.9998927971554343 0.999735851434795 0.999888702600014
0.9999004005385493 0.9997132949346006 0.9998787194528649
0.9998979867862398 0.999694690129716 0.9998655655904426
0.9999016877760776 0.999727716494938 0.9998691556040773
0.9998977422812672 0.9997303988237297 0.999868709702001
0.9998962579926588 0.9996951796601452 0.9998749716051172
0.9999015402098478 0.9996903064972721 0.9998730496088564
0.9998968399150664 0.9996756751691928 0.9998691857661659
0.9998957841290533 0.9995522514604124 0.9998747180581558
0.9998969842427051 0.9997154293151284 0.9998585746645093
0.9999000879097921 0.9996600983750111 0.9998663326582218
0.9998970924442323 0.9997221553123723 0.9998800458582269
0.9998981404829919 0.9996937515905523 0.9998616781896869
0.9998967607343974 0.9996248441601225 0.9998502940165207
0.9998932342652916 0.9997351468170392 0.9998752754519772
0.9998944540552532 0.9996792966768433 0.9998776627801149
0.9999007815302986 0.9997224207204699 0.9998838276270381
0.9998961137465296 0.9996326710401584 0.9998338273063733
0.9998964370906556 0.9996370022641159 0.9998591492988416
0.9999008876266017 0.9996391311137293 0.9998482127987085
0.9998941486165912 0.9996560961386739 0.9998858082386824
0.9998997177495333 0.9997316808020398 0.9998739298830795
0.9998970626618058 0.9997323422109905 0.9998701312800987
0.999898196195712 0.9997245628910225 0.9998721738542121
0.999897638780198 0.9996895548478539 0.9998591720757972
0.9999027783410898 0.9997366036609341 0.9998756095498407
0.9998980036986143 0.9996129253682617 0.9998425261532331
0.9998986651657126 0.9997188583580249 0.9998649973895971
0.9998969364540066 0.9997350334352385 0.9998749400808251
0.9998976449997006 0.9996903394100726 0.9998713299992262
0.9998964671901103 0.9997198526912102 0.999866906750751
0.9998987989217443 0.9996391547509514 0.9998686602211478
0.9998976233017789 0.9997010464684685 0.9998278984154324
0.9998939586570469 0.9997097274108602 0.9998861163524714
0.9998993191580333 0.9997280519430658 0.9998844489151435
0.9999003276253046 0.9997021354987469 0.9998684346676061
0.9999003874132087 0.9996997138070125 0.9998562695664072
0.9998986335805976 0.9997063527900787 0.9998757546539712
0.9998994052106442 0.9997131717578027 0.9998614488400956
0.9998975770421286 0.9996927322188889 0.9998620769705803
0.9998962319183208 0.9997115713968935 0.9998798433099647
0.9998967540531126 0.9997388065641327 0.9998702827895571
0.9999015475027151 0.9996696247125093 0.9998655226372711
0.9998955530701475 0.9996740011247948 0.9998519791623603
0.9998971424098461 0.9996700269252798 0.9998871673758936
0.999898309516372 0.9997242667152383 0.9998674086270251
0.9998965371865371 0.9997121375406708 0.9998640695701901
0.9998994284445327 0.9996891598765464 0.9998473520562752
0.9998968265558376 0.99970393072845 0.999849186664192
0.9998926660152803 0.9997141409164579 0.9998632999836189
0.999897979603871 0.999757255868743 0.9998850272580135
0.9998941544138925 0.9996403228266394 0.9998237109621978
0.9998962422827303 0.999692366424479 0.9998518754312238
0.9998975366473449 0.9997288653457249 0.9998780524092955
0.9999008732748762 0.9996870305307484 0.9998627179258117
0.99989909197166 0.9997154710186071 0.9998683056127781
0.9998986036380062 0.999698763741909 0.9998639054776138
0.9998983041643944 0.9997216383007443 0.999870854053009
0.9998975522686249 0.9996846450842536 0.9998512033590846
0.9998966995615396 0.9997264686199943 0.9998697985370589
0.9998983559969192 0.9996540842214922 0.9998590193919149
0.9998920002704306 0.999721481894696 0.999863992854402
0.9998964934799116 0.9996669868993397 0.999864536166936
