# full, direct, likely fidelities
0.9989601214430263 0.991553181793599 0.996758305227868
0.9989613786976291 0.9934853003458239 0.9975936933558858
0.998939954330529 0.9914371100598812 0.9970117825823085
0.9989352198915457 0.9897571511305842 0.9965038930699887
0.9989488928192761 0.9906578615513812 0.9957430391447087
0.9989053026587491 0.99397626069904 0.9978141204962531
0.9989262783327874 0.993413834739057 0.9966302098504515
0.9989328239795074 0.9917384325526359 0.997730316511204
0.9989182331441749 0.9933853607744468 0.9972374031729692
0.9989321839726278 0.991717068429406 0.9966885173059191
0.9989425012335927 0.9911868514651869 0.9962012582304907
0.998916342605529 0.9906640386260647 0.9968522361549021
0.9989311028413845 0.9926907137753134 0.9960751163553713
0.9989351842402994 0.9916826736833991 0.9965426295627019
0.9989113462363629 0.9927389632018793 0.9973427532341462
0.9989550421781669 0.9918452390183805 0.9972934972957263
0.9989463551042171 0.9900703555303944 0.99659531456031
0.9989179304862518 0.9922002947243834 0.9968579425321107
0.9989657857086581 0.9921780873756029 0.9964268596513556
0.9989283569246321 0.9902465541834171 0.9956060699353628
0.9989198435918573 0.9917636304944216 0.9974012829414063
0.9989674621603999 0.9910159327176429 0.9962740789545971
0.9989282610768495 0.9913589510316853 0.9963815018301271
0.9989716408523933 0.9934031527930346 0.9971519392237229
0.9989752137190486 0.9903521239172052 0.9961460458556628
0.9990061275837833 0.9932708281898414 0.9968310010758206
0.9989654280045569 0.9912480441604697 0.996474155415841
0.9989569773239682 0.9913569301529617 0.9970971343342501
0.9989497123219138 0.9928128210211437 0.9970781111977004
0.9989860959943018 0.99295716974388 0.9969779265481402
0.9989330762727733 0.9899822042467561 0.9963448244138426
0.9989389971831316 0.9930384378045376 0.9966916497277828
0.9989212481378179 0.9907899653847498 0.9969455700687992
0.9989113430138418 0.9916439299008732 0.996536245798515
0.998949826170939 0.9930930365817778 0.9970212430356616
0.998996789078441 0.9918423033205019 0.9963824882195734
0.9989209901618405 0.9923526068324516 0.9973218727144685
0.9989552527994727 0.9927964329705434 0.9966958316318406
0.9989325118702278 0.990806527635954 0.997293747162661
0.9989199092598487 0.9910675600770302 0.996757153888924
0.9989450577467667 0.9917164730320887 0.99679039277473
0.998942315053816 0.9897305710568963 0.9975192310942911
0.9989515135036094 0.9915244480375619 0.9958038223348039
0.9989440354056877 0.989706210952402 0.9958555752413799
0.9989380656371103 0.9935233420049797 0.9975160191932906
0.998930523485248 0.9928920000464906 0.9965901068654736
0.9989291591567944 0.993923356744531 0.9971089717460803
0.998955740698761 0.9913762927088853 0.996317534930617
0.9989140285936364 0.990404483469478 0.9963470187007141
0.9989446913191472 0.9918141598907956 0.9966517541239448
0.998905044481245 0.9923025920701743 0.9967130499540343
0.9989564982600404 0.993139270088466 0.9969116069680087
0.9989517207917172 0.9902040158176608 0.9962495772381458
0.9989376008539472 0.9914038214070748 0.997019135271462
0.9989226219541414 0.9911913261663261 0.9974678391270531
0.9989710565079662 0.991698024416253 0.996717440547278
0.9989277262611284 0.9935178641008549 0.9972833592606162
0.9989510310788756 0.9918243081918505 0.9971414295743741
0.9989217437156033 0.9916007008931943 0.9961565295032361
0.9989528362570262 0.9891515476597192 0.9962846827272452
0.998958585380406 0.9927313597243449 0.9971060635485522
0.9989671683687339 0.9913762096597268 0.9961958957799597
0.9989307497396834 0.9904538999402418 0.9965585472130891
0.998941182980979 0.9931822951691142 0.9966704309247549
0.9989870283499892 0.994197052616614 0.9967969702174564
0.9989652150255042 0.9926942462922891 0.9971092986754754
0.998950566735757 0.9908352750235268 0.9972239222121115
0.998920881992835 0.9871136365518909 0.9970847677967508
0.9989631597969122 0.9928660592686771 0.9969571736527755
0.9989245556584997 0.9920625645771481 0.9967212771810968
0.9989076701175766 0.9913229385863526 0.9962504404598376
0.9989346675508521 0.987855282838984 0.9965120490058348
0.9989293071782552 0.9931543224934816 0.9971765158639586
0.998879707458285 0.9908673990887279 0.9964670260441829
0.9989458023185656 0.9932457794613815 0.9973855405902193
0.9989245949883594 0.9921079370897945 0.9966068721990707
0.9989385537851438 0.9919372983718441 0.997122072019736
0.9989318898258526 0.9929345579980886 0.9962726325183592
0.9989023904780027 0.9903534329211029 0.9959047762418703
0.9988940884350861 0.9902959706965568 0.9971354489632257
0.9989391238273756 0.9910163977919325 0.9963707165993292
0.9989375384723994 0.9906441202481974 0.9967040825663815
0.9989331084069198 0.9921850327667963 0.9967852416578824
0.9989642567899569 0.992937573997955 0.9972888367750452
0.9988865143893875 0.9912599043507737 0.9968245838689499
0.9989442685831902 0.9921745325974609 0.9970938367472049
0.9989325222130749 0.9927435595294313 0.9966625410718346
0.9989291667515605 0.9909556411876361 0.9962905327278755
0.9989791927964713 0.9922249625950772 0.9968958461152718
0.9989625290981881 0.9922481829936836 0.9966711315717222
0.998967628785382 0.9896508075118445 0.9969763819279158
0.9989780745829999 0.9916802936858553 0.9967803049883063
0.9989365624555483 0.9909677597089942 0.9964909664553349
0.9989217938728987 0.9907220074618993 0.996690448225733
0.9989217004868942 0.992715546456911 0.9969588737959435
0.9989258911442704 0.993039066927036 0.9969923431347019
0.998951121044187 0.9920584511405715 0.9964633824892033
0.9989294442948308 0.9919184999982006 0.996871567706896
0.9989638428270882 0.9912961703543253 0.9969188276967464
0.998972571223242 0.9901350925402616 0.997086121539076
