# full, direct, likely fidelities
0.23222930535119726 0.7022096508017015 0.8841508303920107
0.2540247442864446 0.6930520818427078 0.8689039603002474
0.2524963479830162 0.7099568764806021 0.8760910796688665
0.26160523452426676 0.6785031770399726 0.8693774319983344
0.2466506514337915 0.6886978496165628 0.8795761423244874
0.25441133534961985 0.664072928299465 0.8640042379875083
0.23303840074980092 0.6995846282662258 0.8855266426458824
0.2513966332726445 0.7039788241417083 0.8716997877073671
0.23547564123936787 0.6907627697106534 0.8770645654334739
0.26442042190828885 0.687989347350838 0.8659766907698899
0.24519805259328334 0.7009505967779761 0.8793046115675188
0.26099304133847173 0.6992278394622358 0.8673605253896881
0.28121082079174375 0.670023617339798 0.87263022278294
0.24788402964438355 0.6753751532028214 0.8643048461527998
0.2496538795958838 0.6935175471032493 0.8733739310909567
0.24762012861689342 0.6774810985050087 0.8656509565953728
0.2556169720016037 0.687404106493793 0.8745495321113046
0.27778116120977914 0.6771362916985607 0.8625154307004476
0.23695274825453141 0.6771058020939121 0.8633120101664816
0.24484863576417035 0.6927368386083347 0.867433510595137
0.2647430375781804 0.6740970901893261 0.8755725525849366
0.23619800728985477 0.7002266628984212 0.8762043148032121
0.24420695225730174 0.6666869819070008 0.8673694766312554
0.26419024715434647 0.6583575715940237 0.850373049593038
0.25450355606663033 0.6793559576537354 0.872007632641386
0.2478004750950524 0.6917611596610767 0.8730908278244053
0.2599742807297367 0.681257034686681 0.8615180641955762
0.24063164681645025 0.7011244115560024 0.8678083685479944
0.23782689066794507 0.6829465880694402 0.8716212033785573
0.2325675459297717 0.6981867885391639 0.8849825059269926
0.2423838783031537 0.6768897881306584 0.8671092508045536
0.2689618672794856 0.6859294613946187 0.8730335637396236
0.22961233154830063 0.6940426211613725 0.8736721533723647
0.24623910139557947 0.7001986923003566 0.8768066257519886
0.24752811709713615 0.6695375530732608 0.8666991498543748
0.2787031553290977 0.6859969733747953 0.8712365419893039
0.23384125480625667 0.6865861320718272 0.8718480477363924
0.24994519913791569 0.6684143913756222 0.875086762978019
0.24818267548033546 0.6763047632770639 0.8719112866082636
0.25599151751680854 0.6981855713411139 0.8781346894472891
0.2528446759159642 0.6941526545776867 0.8827228376788337
0.25074651842238904 0.693507024172947 0.8731962893999882
0.2455568534311595 0.6734976368190468 0.877774105419477
0.26101636154583524 0.6911695225228648 0.880875875619097
0.2544006470198343 0.6747712011526705 0.868800322281456
0.22107303329402972 0.6950511872566528 0.8759830261566962
0.27158168562735013 0.6794140065762346 0.8690906066419117
0.24048623477267217 0.6968885173612656 0.8833811260352427
0.271221225026313 0.7055490978534933 0.8788599614102082
0.24203098410467716 0.695998229567289 0.8775560296051232
0.2370877473247196 0.6713510427735427 0.8669301709412349
0.22981644740479895 0.6986544384997431 0.8793302068615203
0.265272035906427 0.6974242113824901 0.8627713847438755
0.2439255997280009 0.6841466490877053 0.8705435470738678
0.25441596489994 0.7037286393660294 0.8760978171047998
0.25701904982611007 0.683259660074679 0.8725370525573835
0.2669756703646742 0.6807896620527508 0.8635286205200589
0.24545126513538507 0.6953377003982903 0.8684218970028721
0.2545167342303855 0.7030149138756622 0.8720972642394312
0.24619259783610212 0.6890299618055351 0.8772094686652379
0.22731111797635892 0.6950054223092117 0.8748207322358735
0.253739595669014 0.6714896419108508 0.8624794200005332
0.24804495222247505 0.6880245250219306 0.8713308842828758
0.2510175540451819 0.677149207577798 0.8643059518912068
0.25816578563529924 0.6711187712678846 0.8719992885427393
0.24076645997383714 0.7002491271421275 0.8710903723281282
0.25552938034034156 0.6922061329156214 0.8715600567080152
0.24763106416627576 0.6760944461459933 0.8648661962146315
0.26217594783082754 0.6876296180258196 0.8677457220365256
0.25814037238551774 0.680592368922735 0.8675362946624235
0.24746473483649153 0.6954347303521395 0.8696996943917708
0.27203595810611514 0.6833898913724916 0.8681549053221217
0.2511963434796875 0.685246575915417 0.8652040864953305
0.25965427427947296 0.6832552974361883 0.8674969094130608
0.2891216467328531 0.6800754979882673 0.8719933691515555
0.23482619442381708 0.6833924967058379 0.8781927535856068
0.2536182701727988 0.6837163591896421 0.8718579869881796
0.24221529684344695 0.6922225228903043 0.8772517539742412
0.25732941206876897 0.6775334487927174 0.8757711893978988
0.2543998774605386 0.7048721233250805 0.8770272719169444
0.31930191035829913 0.6832837500592841 0.8635926938800609
0.2338664634570962 0.6818366179984887 0.8762082974120441
0.25566715768122833 0.7051630764846619 0.8781301855091681
0.2606072442683165 0.6729529675643183 0.8733536624587727
0.2240229264186732 0.6878243865362389 0.8777908565140283
0.2427933479224364 0.7006408463370595 0.8796103751528286
0.24912076506658387 0.6932018707388123 0.8759663461476039
0.241378972893725 0.6913632515304476 0.870230007351775
0.26364360227982525 0.6824544506056618 0.8767223820112466
0.23536315283483042 0.6888928503247831 0.8727286705442374
0.2675686567997816 0.6639075695327892 0.8575875722835204
0.2565410398671016 0.7000347642059332 0.8816951392737683
0.2470152528356366 0.6894431530589664 0.8769658373206388
0.26493198047445454 0.7008383656355037 0.8730135204202112
0.24608794633659917 0.6760501880140483 0.871212902288335
0.27877851016870264 0.6955258863079868 0.8757468014392797
0.23995092595749312 0.6785105437605634 0.8639222349089991
0.274995586291918 0.6828081547724437 0.8732104317586766
0.26554834051216253 0.6873469943997493 0.8725370777485211
0.23546422102219594 0.6891272055070884 0.867504846951658
