# full, direct, likely fidelities
0.8338956546713907 0.9724606389880961 0.9883397736218125
0.840599618341078 0.9718748649653018 0.9892438696595163
0.8367477796674151 0.9713673953614806 0.9882452540181225
0.8372400353283647 0.9709028097440779 0.9876644431573984
0.8377087697195865 0.9727152017709287 0.9878230046723191
0.8396558318468839 0.9693138927981352 0.9882811370181537
0.8351110736328351 0.971911569709123 0.9880575730123279
0.8398677378606365 0.9692165794317223 0.986979571706107
0.8361958436255768 0.9716177632122405 0.988172059765528
0.8399801847243175 0.9705577537633122 0.988097647023113
0.8433483282714396 0.9678197619612878 0.9863742321448196
0.8391047400703932 0.9711479033005465 0.9888634119361298
0.8351404139679693 0.9734159235068135 0.9886262592204004
0.8358535707667087 0.9698133833952601 0.9870647135145314
0.8414238076584019 0.9710000711700021 0.9884483644758066
0.8363024125654144 0.9705128321333184 0.9875672165274755
0.8395030977383225 0.9693593323548815 0.9876171295861015
0.8397860796971308 0.968016674609379 0.9867914187447551
0.8390626722975404 0.9687264657648091 0.9878345466755614
0.8349892333177454 0.9723058354810131 0.9885566508669712
0.8401453526070801 0.9677778424336919 0.9880831837126988
0.8392893184335326 0.9705517508223244 0.9879978552021877
0.836336374961262 0.9722488151138812 0.9883017612699564
0.8377239864818199 0.9715414962775897 0.9893162345188151
0.8378410870942532 0.9706141980378332 0.988909795497899
0.839850783622864 0.9704915628795889 0.9878726014377394
0.8401455788779518 0.9708303546309769 0.9882517885851777
0.8355143339388126 0.9714815553804307 0.9877503602042241
0.833514409811006 0.9709434184208721 0.988083975651472
0.8348095947545571 0.9721010970075367 0.9882707219808925
0.8370095006179977 0.9696495612121333 0.9873020571676538
0.8381625564214524 0.9709003783397196 0.9874936687993708
0.8359097419237466 0.9710303453788074 0.988831505735321
0.8378584280500168 0.9716929107281325 0.9884415885212785
0.8369948218131817 0.9709028614693317 0.9881463211353734
0.8361157532820228 0.9708788343361099 0.9884711418681588
0.8367191744215787 0.9719136706123811 0.9884639898769834
0.8408674797799764 0.9712189194541806 0.9879514138038918
0.8380130940286044 0.972336987573034 0.9877080089692679
0.836291831475193 0.9718748339851623 0.9878211361873719
0.8357559940235052 0.9697469007347185 0.9880305831698071
0.8369636593662982 0.9714829112974953 0.9879757819598801
0.8419111209274485 0.969939160177148 0.9880471765091207
0.8377148458833461 0.9705818701016858 0.9878360167652777
0.8351332385200658 0.97338344885575 0.9884549419422729
0.8388310654346792 0.9707713435772902 0.9877938675025818
0.8396894717063482 0.9699586211751876 0.9880668913395579
0.8349662841366162 0.9711639717601768 0.9877766619782522
0.8339130727806977 0.9716582562114594 0.9879273670133909
0.8373071917163949 0.9714147836759711 0.9874856626062698
0.8401681054161181 0.969118164597349 0.9885913491184518
0.8363606125779481 0.9728140027453606 0.9881785827034432
0.8346129903825606 0.9731245249063035 0.9885991020065193
0.8381142350481567 0.9712242749063937 0.9884396191834572
0.8333582550339007 0.9725870363258632 0.9873483304627759
0.8355325015902488 0.9709149405446977 0.9875404238003399
0.8418025770842501 0.969791607142862 0.9881226979907658
0.8308500179392814 0.9709133934338497 0.9878243086957976
0.835572579194494 0.9716682023891231 0.9884921662952598
0.8328455143206414 0.9726878635281174 0.9876244677496255
0.8405613707941689 0.9698517678486815 0.9863739941757956
0.8370887808727774 0.9701740938227024 0.9876243273002261
0.8383346690903202 0.9730185920351163 0.9880683940701407
0.835746744221453 0.9707784216581342 0.9878725759754166
0.8380198587790566 0.972970142139614 0.9889516870117382
0.8402457407948757 0.9708086009971174 0.9876416991840717
0.8347141681818446 0.9724782034835875 0.9887705310312684
0.8374733340339272 0.9683438696839071 0.9877885090607301
0.8420836130563835 0.9681275565943809 0.9871105581113868
0.8369968007623713 0.9698655451140676 0.988327309398754
0.8365535232711968 0.9707101041195229 0.9874418983110111
0.8422377051670584 0.9711135108159363 0.9877691452498792
0.8383495992628209 0.9680222035164231 0.987804113814599
0.8376920145622383 0.9727293511467014 0.9876263138571197
0.8380057693004653 0.9706721353394253 0.9880658922334675
0.8392657909011462 0.9700076510123955 0.9879873122026094
0.8394811325465901 0.9703810237152546 0.9877157139599763
0.8386627255957999 0.97018192758654 0.9885475201682857
0.8337356800934113 0.9727701153139677 0.9879049608657479
0.8325078268103392 0.97213018277936 0.9882354724390726
0.8356885424573683 0.9740680118384962 0.9882444076064686
0.8353965816257588 0.9724390258905025 0.989298089616575
0.8377231066180651 0.972030944984179 0.9882737359951018
0.8345510109150807 0.9718943889790914 0.9874080634358653
0.8351174033399645 0.9722634725370422 0.9884043314267482
0.8336118418011385 0.9717666661239904 0.9880184777931703
0.838306442478652 0.9713140016867925 0.9884386943479516
0.8379186770822225 0.9717401440207774 0.9883614860005232
0.8388262254446394 0.9712412690528563 0.9889468777106658
0.8356201693920219 0.9725257883888455 0.9878379198690229
0.8414632828900542 0.9708663074857617 0.9876004126746522
0.8330686906556859 0.9719632891356593 0.9880900668159621
0.8406618449266821 0.9719354769292536 0.9883795183238414
0.838101878261309 0.9727816177995889 0.9879221247779781
0.8395210236744863 0.9715493435681859 0.9879687922357362
0.8362595389306435 0.9728998666220158 0.9889148233991907
0.8340903064081502 0.9720754269323864 0.9880218147771231
0.8384813374315548 0.9697868706326188 0.9878286162488951
0.8411010584836838 0.9699750620620454 0.9868646512946972
0.8365128906389387 0.9733203730680524 0.9883190576542886
