# full, direct, likely fidelities
0.9866137939079601 0.996551581410114 0.9983951444832195
0.9865349320358436 0.9965300120007337 0.9983161466372552
0.9866884338722961 0.9965967027675257 0.9984051365104891
0.9864900014481653 0.9960815758568528 0.9982793391455809
0.9865851162050934 0.9963689498301866 0.9984119588530681
0.9866016201492175 0.9964064151267533 0.9984103166510994
0.9867380256745105 0.9965469387920044 0.998339836735256
0.9865919557476842 0.996418624883662 0.9983945536050954
0.9866779968559157 0.9965971759106358 0.9984302445847155
0.9866483496371232 0.996284814262697 0.9984635815010521
0.9866841474011881 0.9966837970524897 0.9984857745177588
0.9866977713551202 0.9964562457927024 0.9983823975225737
0.9867296363689168 0.9963001809651385 0.9984749021262211
0.9866146878373254 0.9964613901256594 0.9983923309627285
0.9867322290847904 0.9966717708297765 0.9984763729884644
0.9867577515730598 0.996679610717239 0.9985128999367716
0.9866167625151396 0.9964650431323901 0.9984529649583945
0.986512135744045 0.9962728454688808 0.9983618883800054
0.9866126369954297 0.996530143500364 0.998431862783896
0.9867196654367014 0.9966634956468795 0.998418298030873
0.9867313992473541 0.9966465639649038 0.9985054424806008
0.9866732588464052 0.996465869563624 0.9984064952465525
0.9867269371142998 0.9965979086641327 0.9983950686295967
0.9866478248289481 0.9963353727771055 0.99836571189977
0.986685164723347 0.9966628691381365 0.9984177397852827
0.9867502785322013 0.9965223204419941 0.998480637667418
0.986719365225269 0.9965218037352318 0.9983448299448289
0.9865956885296914 0.996359459372691 0.9983836582945048
0.9866057527105625 0.9964394299997406 0.9984049699409704
0.9866858694682918 0.9967672175341932 0.9984407314171171
0.9865844729476781 0.9965863107909323 0.9984358534563619
0.9867646245128319 0.996583530418518 0.9984069263132089
0.9866847773450164 0.9963818044094721 0.9984959042424044
0.986695739213978 0.9966241719802515 0.9984537322307983
0.9866765590620966 0.9965482251720089 0.9984261706302767
0.9867571003738658 0.9966097541503587 0.9984040873673773
0.9867317919211819 0.9965931468277934 0.9984404925454813
0.9867094911230009 0.9964397049090252 0.9984421530233989
0.9865411058741964 0.9963227898076383 0.9983445928482838
0.9867587902090581 0.996603217918253 0.9984373072525482
0.9866395564013576 0.9963907607340717 0.9983432704856613
0.9867901012521365 0.996717649151494 0.9984634686633285
0.986722204230938 0.9966188395406947 0.9984163141846231
0.9865659985238552 0.9964003582813874 0.9983444945624589
0.9866688062004716 0.9964378063118116 0.9983877015608503
0.9867728059660006 0.9966419841413864 0.9984719720053609
0.986629112077429 0.9965526696076402 0.9984200225257704
0.9867278022593485 0.9965362501698887 0.998444846613953
0.9867482019037338 0.9966565202589666 0.9984515022950593
0.9867219475849784 0.9966607079498266 0.9984276316073478
0.9866621479114489 0.9965515435914868 0.9984148686388705
0.9865697441805754 0.9964520728334882 0.9984028851715391
0.9866130832488457 0.996485562239781 0.9983813079468378
0.9866341785495092 0.9965194144082714 0.9983546150203744
0.9867700287767905 0.9966382849194615 0.998401182999209
0.9866460954764834 0.9964205938012562 0.9983992083835591
0.9866895994462722 0.996626459387016 0.9984635265399229
0.9867146565632534 0.9965317817658649 0.9984119862740783
0.9866542124974803 0.9964431649947784 0.9985049995416098
0.9866660722272743 0.9966282418165557 0.9984280656786879
0.9866812200695696 0.9964932701044413 0.9984233120811781
0.9868154230252507 0.9966759413548101 0.9984312543522438
0.9866682185347222 0.9965136146484972 0.998396018734542
0.9867349013397413 0.9966323011663256 0.9984146014179595
0.9868067024178242 0.9965422251361121 0.9983365823580512
0.9867666822662349 0.9967019294713404 0.9984583581343204
0.9866132444043032 0.9963754006789172 0.998486248264551
0.986490913299705 0.9964631344074375 0.9983520516928658
0.9867196822339701 0.9966408684878955 0.998448061128594
0.9866367115775339 0.9964954101773967 0.9984068118445536
0.986645765781816 0.9962805388564699 0.9983646027050552
0.9866390934474242 0.9964218327437754 0.9984036251688468
0.9866714012282986 0.9965330066804494 0.9984510870138483
0.9865460347360682 0.9963039142057398 0.9983964872784089
0.9867068657887889 0.9965650605905987 0.9984067124982645
0.9866632189855339 0.9964293762249886 0.9983753814617641
0.9866518521101636 0.996366485547681 0.9984186903202549
0.9867648504520661 0.9965354272826374 0.9984077025061695
0.9867994813376401 0.9966111312501352 0.9984214716635691
0.9865992625363211 0.996338426338739 0.9984090791478023
0.9867149899535121 0.9965988800471954 0.9984086231387074
0.9866952731804235 0.9965910458718057 0.9984336640200754
0.9866234035369189 0.9963595317245497 0.9983295267137028
0.986636649371835 0.996581558253071 0.9984175372319442
0.9865712508351675 0.9966229350385176 0.998405123880639
0.9865949478331706 0.9965345206337656 0.9983330221504605
0.9866212290651161 0.9964448677904091 0.9984404713525121
0.9865545580228041 0.9964963459658589 0.9984057971264627
0.9865583457884594 0.9963048163902831 0.9983208023734508
0.9867139271049264 0.9965677912307578 0.9984812266459584
0.9868127589285463 0.9965764478054446 0.9984301820184162
0.9867565705797473 0.9966627721222797 0.9984143776069896
0.9866357823103284 0.9965111054908332 0.9983342893968328
0.9866650214341584 0.9966031546129427 0.9984538852722216
0.9865881652766438 0.9964035708739727 0.998352619681079
0.9867188381730276 0.9966862727097081 0.9984320933373377
0.9867684841064825 0.9966242163080347 0.9983810034080086
0.986801351280455 0.9965643805567815 0.9984025290307724
0.9867807408458799 0.9966077483848997 0.9984013043503236
0.98672616784032 0.996767083398645 0.9984330474923059
