# full, direct, likely fidelities
0.9999813723798602 0.9998610989072263 0.999925506653422
0.9999880728210471 0.9997510978247378 0.9998441896951181
0.999982339007674 0.9996454757714522 0.9996997769720296
0.9999774547676598 0.9998277334094082 0.9999223366885267
0.9999841159852931 0.9998800244213051 0.9999283944687309
0.9999815669124578 0.9993742195649444 0.9999006373525395
0.9999843774643395 0.9991799806445115 0.9993924826042753
0.9999850633366386 0.9998799255419859 0.99990584532983
0.9999787791072332 0.9997232801780704 0.9998204145084945
0.9999822985327601 0.9999147827831927 0.9999054679962973
0.9999850924116763 0.9996681908898042 0.9997711871274543
0.9999856671389348 0.9997799659325237 0.9998356327240756
0.9999859011973277 0.9997704539121949 0.9998790769501656
0.9999794902292584 0.9997821602039859 0.999859287195489
0.9999861730666108 0.9994610974020018 0.9999224647629567
0.9999857112592196 0.9999014245361635 0.999869198193813
0.9999826671401215 0.9997648079999818 0.9997943010243391
0.999981491119784 0.999527945755046 0.9997903759562529
0.9999841586377709 0.9998063328225509 0.9998925047657917
0.999981959814125 0.9997722040959373 0.9998363424990103
0.9999849725644873 0.9996724304697008 0.9998845909713053
0.9999883411252389 0.9994783683645831 0.9998938608172363
0.9999864189573807 0.9997666662131508 0.9998943401056661
0.9999822582903114 0.9998073011100912 0.9999134012217921
0.9999837484776428 0.9996488506493328 0.9998682928412395
0.999988217002308 0.9996710418885953 0.9998232162040355
0.9999873259074882 0.9996330492218517 0.9999188739629133
0.9999836917157314 0.999766814046702 0.9998785352276172
0.9999832024282862 0.9998627396789349 0.9998672779794644
0.9999832236239196 0.9998714452094749 0.9999084463858872
0.9999784936235371 0.9997753750713452 0.999864262554782
0.9999867459183434 0.9997988714891277 0.9998124327965511
0.9999846377432645 0.9998128204214588 0.9998859531403675
0.9999871640179383 0.9998772415633299 0.999910775672027
0.9999836110793138 0.9998477936287459 0.9998713137936027
0.9999888330224354 0.9994979888614379 0.9998171444551072
0.9999835258325681 0.9997792971179351 0.9999078030391682
0.9999829857208958 0.9997571792041114 0.9998271869524349
0.9999836809381736 0.9994791126634891 0.9998444510612494
0.9999836652679424 0.9995888228501769 0.9998378356619866
0.9999863320873054 0.9997028378648034 0.9998449383563435
0.9999869001114713 0.9997930133497127 0.9998685668513718
0.9999868464294657 0.999674979981721 0.9997941209147093
0.9999841814300232 0.9997886466477995 0.999842864755244
0.9999868202674699 0.9996445865550938 0.9999189298154574
0.999984700100513 0.999879056733364 0.9999099961246448
0.9999848478681878 0.9991598878832457 0.999795854045648
0.9999856724452684 0.9997767632904682 0.9998354606321614
0.9999849999533515 0.9996862366567484 0.9997902332221525
0.9999828918497318 0.9997974806668946 0.9998188593879636
0.9999815915645431 0.9994074285284409 0.9995640957661086
0.9999856132246396 0.999580764623356 0.9997315748369622
0.9999828912312435 0.9998253489165989 0.9998069877280448
0.9999880183448496 0.9998395922258716 0.999914469851458
0.9999798625187387 0.9995463841178761 0.9998928617882809
0.9999783964064552 0.9996515429793632 0.9998692476359204
0.9999868257196 0.9995924222748169 0.9998971823294519
0.9999825982179199 0.9994912254650127 0.9998055927126629
0.99998407805053 0.9992991608274701 0.999818436952898
0.9999810112191189 0.9997226481390165 0.9999045222314734
0.9999866501768553 0.9997949222997916 0.9998834152115372
0.9999876309875907 0.9991403223796086 0.9995481444628578
0.9999859146709958 0.9997630644053968 0.9998659316912561
0.9999847934804993 0.9998217267833586 0.9999105731922983
0.9999875925964333 0.9996245846637896 0.9998824091312746
0.999986520533126 0.9997954124811562 0.9998687291925582
0.9999811021295617 0.9998109671335257 0.9998847893519548
0.9999831223567993 0.9998135953659982 0.9998916639368471
0.9999822686780981 0.999784715914176 0.999896396955922
0.9999833377326982 0.9998008172024033 0.9999200740855156
0.9999827033976393 0.9997603047367262 0.9998534000870306
0.9999838553679183 0.9996367643988051 0.9998701846336164
0.999983955395713 0.9996292128447067 0.999869311729132
0.999987815288029 0.9996921980653014 0.9996428425082389
0.9999846614654715 0.9996087395232356 0.9998787183211056
0.9999829039948801 0.9995318371716402 0.9999024578800827
0.9999855734134389 0.9997417172932215 0.9998557679705014
0.999988742853859 0.9996766154926298 0.9998360951014431
0.9999858774345332 0.9998105853650385 0.9999054898735735
0.9999830520364288 0.9995771474835685 0.9999410705241163
0.9999863352336473 0.9997377568946286 0.9999073747020341
0.9999868487445589 0.9996069011529778 0.999881487644779
0.9999805270134073 0.999769043313648 0.9998821382384716
0.9999814199817786 0.999608306497076 0.9999283600121254
0.9999801661039897 0.9995014825628874 0.9998086548830043
0.9999903038442897 0.9997021215778998 0.9999006183256647
0.9999827118109191 0.9997409141971655 0.9999000008381905
0.9999877026432158 0.9995701028860042 0.9999225561019685
0.9999845652309474 0.9998582065673535 0.9998517539552325
0.9999842777046478 0.9992563531051862 0.9998457860618559
0.9999871376259578 0.9997565140475366 0.9998952124687929
0.9999849413326958 0.999617513882318 0.9998002093788348
0.9999799625749931 0.9998180573566363 0.9999043453466969
0.9999809901353891 0.998901664738627 0.9995947648157134
0.9999799539851376 0.9997990473655521 0.9998989769474588
0.9999859994996229 0.9997725759334503 0.9998799082028806
0.999981987521749 0.999849399653837 0.9999066328404633
0.9999830352605171 0.9997999284889622 0.9998691766562298
0.9999832105727521 0.9986410988240809 0.9998459322337067
0.9999833542436499 0.9997649141020937 0.9997418049640074
