# full, direct, likely fidelities
0.975019706255066 0.9940879833044546 0.9972802997001101
0.9748211488458596 0.994228663768169 0.9973071111596387
0.974952386138162 0.9941558528355632 0.9972742450824601
0.9746578009890963 0.9939751858466647 0.9972917970604449
0.9749125694155752 0.9940460756029855 0.9973001829840984
0.974866666232277 0.9942477087123254 0.9973911329480594
0.9751419096505182 0.9943073098256797 0.9973428255560459
0.9749152677921106 0.9941293098420694 0.9973645525520156
0.9749678251098145 0.9941225460112872 0.9973983020225894
0.9749413096100253 0.9943209316978876 0.9973442027345969
0.9751123381779634 0.9945128078892123 0.99725586141112
0.9750762852279911 0.9941920503112648 0.997356026375609
0.9751413247977035 0.9937718410002578 0.9972917059316742
0.9749683172927093 0.9940639091657826 0.9973359506658431
0.9751021438761114 0.9943989472363197 0.9974522937040835
0.97518138648777 0.9945179021494759 0.997464763690936
0.9748511467673697 0.994170472560054 0.9972688629444203
0.974833898092924 0.9938203507641328 0.99730174236872
0.9748912350784961 0.9944173838055754 0.9973450780727089
0.9751230107524506 0.9944303013829222 0.9973372676176074
0.9751484503459762 0.994263928018206 0.9973531444782623
0.975105398700775 0.9941107780786637 0.9971751402908559
0.9751205820853626 0.9943156983066596 0.9973212637207213
0.9749237864019387 0.9940284981315326 0.9972418084201561
0.9751179884452107 0.9944233073221427 0.9974093555842775
0.9751230673868082 0.9943249642592359 0.9973633837470577
0.97513117548842 0.9941740518572525 0.9972592699505892
0.974923426968704 0.9940802339822752 0.9974065336915112
0.975015268438148 0.9940670067930771 0.9972629092286686
0.9752035294441189 0.9945815561229033 0.9973836022595383
0.974923311239906 0.9943581206486518 0.9973554898904257
0.9751523229986947 0.9944350507928573 0.9974036853620262
0.9750436270513831 0.9940233689496866 0.9972746368506467
0.9750169173251252 0.9940930230099817 0.9972688662533095
0.9750857710417818 0.9943793045698012 0.9974249205084887
0.9751294793063737 0.9944635960773357 0.9974775051625165
0.9751134505352733 0.9940792154305805 0.9972354599263582
0.9749391566513821 0.9942007553703345 0.9973749578951288
0.9748515187874434 0.9941205021267131 0.9973299610328578
0.9751930782086273 0.9943392023309807 0.9973672703760196
0.9750549578129619 0.994160664463651 0.9973304278654214
0.9752780232885346 0.9943098616748154 0.9974094940149669
0.9750995199741374 0.9944192261007426 0.9973368118354972
0.9749716841721577 0.9939668848524524 0.9974266166080218
0.9748989165420568 0.9943708532472838 0.9972881274801689
0.9751666587389726 0.9945973728442259 0.9974452636252219
0.9749021101994018 0.9943305966605132 0.9974019680858324
0.975125417945874 0.9944297135994136 0.9974580262383306
0.9751493588865892 0.9945185329972248 0.9973127811786041
0.9751987745742245 0.9944562239812691 0.9974466824071055
0.9749862683380625 0.9941810902561045 0.9972662081908094
0.9748650285660388 0.994148761690804 0.9973219800650369
0.9749979150349515 0.9941176743260569 0.9972936490097403
0.9749963170421134 0.9943365727318718 0.9972584616061593
0.9751247135845594 0.9944367570396649 0.9973428215167642
0.9750124291008084 0.9940994137477746 0.9973245679252642
0.974921653766324 0.9944460610152727 0.997301065283075
0.9750934730284478 0.9941867157737369 0.9972618073836534
0.9750191700334716 0.9941339343494546 0.99731247446154
0.9749683283641094 0.9942160076745843 0.9972646922190875
0.9750326822991423 0.9939880608003879 0.9974345140776395
0.975077487186529 0.9944349127938173 0.9973493380979535
0.9749951035352747 0.9941797772592346 0.9973116238783123
0.9751179098490105 0.99448482128783 0.9974503545689483
0.9752195940658354 0.9941505109043677 0.9972998032448956
0.975328182574283 0.9944583444069118 0.9973451654891424
0.9750326163263828 0.9941390121572589 0.9972948710500043
0.9748036316078403 0.9938088211519992 0.9972495801550944
0.9750958257382639 0.9943016127627425 0.997472789398475
0.9749378766634331 0.9941315218479001 0.9974713382455495
0.9750169256893434 0.9940244233299996 0.9971403017388141
0.9749423844709377 0.9941198879138232 0.9973980730886278
0.9749673800216161 0.9940636922834994 0.9973785318901139
0.9748042527336955 0.9936823073582509 0.9971522061597295
0.9749702853896397 0.9942522938033564 0.9973508743539093
0.9751886729557508 0.9940596555991331 0.997291992875749
0.9749427584048638 0.9939150841086891 0.9973161604602074
0.9750262704758466 0.9944616667893207 0.9973608887076858
0.9752656113339131 0.9943895380706208 0.9973866475145801
0.9748796259027761 0.9939973890870208 0.9972369914935137
0.9751853357360033 0.9941481478764009 0.9973456865425343
0.9750787383556759 0.9943944499425759 0.9974683430521045
0.9749564580638344 0.9938751105872907 0.9973484880124743
0.9748799966815828 0.9943544114927246 0.9973203294692622
0.9749565371096537 0.9942552087968747 0.9974674675557577
0.9749966993711189 0.994202350583905 0.9972801705688427
0.9749252053532282 0.99391706888238 0.9974068715121646
0.9748849348642097 0.9942323000314603 0.9973805563153741
0.9748869535608304 0.9939205127622592 0.9972147770060209
0.974995791291263 0.9943543541317205 0.9973392416509681
0.9751169424723117 0.9944435531756132 0.9974097780825552
0.9750486957515245 0.9944661235567414 0.9974230613884253
0.9749434075850925 0.9942378391328397 0.9973836320763747
0.9749963976270047 0.9941838069434009 0.997363563197661
0.9748541554476446 0.9939784212927499 0.9973234714456392
0.9751677978236581 0.9944226224413352 0.9973833521243755
0.9751754062552248 0.9941082815088434 0.9973351015471656
0.9751051190553053 0.9944200729784197 0.997368222870588
0.9753103296674532 0.9944143893850447 0.9974274524332691
0.9750676512829923 0.9942437130731117 0.9974222862460327
