# full, direct, likely fidelities
0.9978943049259635 0.9918085326047406 0.9967163061806873
0.9978620015775506 0.9921909487862056 0.9960097279692767
0.9978004181461575 0.9903201737520274 0.9958031430606389
0.9979366071204794 0.9931820268506817 0.9970759330387385
0.9978788778223641 0.9920221961600296 0.996344543516835
0.9978704182871067 0.9918935240301896 0.9968471656535681
0.9978105666741706 0.9911559025314173 0.9968692975567138
0.9978321717663692 0.9907670455456286 0.9967997926781882
0.9978462539064182 0.9911114843574338 0.9963223006170532
0.9978650828053692 0.9911255627754918 0.9965517450312296
0.9977748791854827 0.9905577026523115 0.9959962143941619
0.9977896368430484 0.9909810507829895 0.995825503500999
0.9978483410581517 0.990772766909638 0.996820393647177
0.9978282334027289 0.9921598342864847 0.9962831442984679
0.99784836504583 0.9920531291213041 0.9968696323607543
0.9979045451978342 0.9921864189900532 0.996359872124324
0.997838574841269 0.9915495406272264 0.9959783613843289
0.9978299534755279 0.9909532691753367 0.9969887949466666
0.9978866990515366 0.9918828174146341 0.9966973150418696
0.9977598785617524 0.9907723748230715 0.9956208845092208
0.9977853636085419 0.9911359522261473 0.9959967241173958
0.9978562900025106 0.9902804033589154 0.9963418847267341
0.9978354513153073 0.992102983262429 0.9968209993615904
0.997818498728926 0.9901662830113563 0.9968885305823159
0.9978071406720641 0.9933707313543826 0.9966444133971766
0.9979160319260297 0.9921800778675189 0.9965856433740347
0.997857554090763 0.9896622794028767 0.9967597119913529
0.9978324106654615 0.9900817965986228 0.9961999457915466
0.9978344857341847 0.9924942012863313 0.9968395138918534
0.9978705425653241 0.991045376729166 0.996684723564433
0.9978112718910785 0.9910166815089596 0.9961843744096454
0.9978215639505993 0.9904348201564621 0.9957140798567911
0.9979052433559005 0.9905935209104495 0.9958679366548473
0.9978273537379274 0.9915630860041174 0.9957829957312264
0.9978008448065038 0.9911942259991755 0.9971357411742551
0.9979222340443274 0.9911440068071907 0.9971317775614823
0.9977911893806787 0.992132104199802 0.9962011960445222
0.9978896836725657 0.9901697001772775 0.9964933955594907
0.9978519587886118 0.991323301834286 0.9964389109910847
0.9977636823595016 0.9897113834772131 0.9968865296739512
0.9978467929491711 0.9915978927970038 0.996965636290311
0.9977976149762936 0.9910146274313009 0.9968309842180342
0.9978247007381137 0.9898718450681546 0.9967495612585195
0.9978764556115719 0.9915500376097486 0.9961767465625245
0.9978329462942602 0.9913515299562181 0.996708534685243
0.997839466281599 0.9911873496958369 0.9962983886063673
0.9978784005630561 0.9921509979126665 0.9964477189271894
0.9978433725125446 0.9916914862458687 0.9965586483878807
0.9978389471582211 0.9915338317784957 0.9961760193350713
0.997883109366027 0.9902743226991972 0.9969423349253974
0.9978505035412844 0.9919219923741874 0.9967490132923155
0.9978017614945437 0.9914189262355362 0.9962261635082322
0.9978737566939619 0.9916396636057726 0.9971049417663858
0.9978655693079815 0.9920179032140063 0.9966228494237288
0.9978837335521669 0.9906990430386254 0.996470056772644
0.9978531504945958 0.9915994325844376 0.9961046740665489
0.997743648783828 0.9914764128431296 0.9966366790907669
0.9979150853548324 0.9924337324187491 0.9960788196640584
0.9977986484599425 0.9904101626169318 0.9967468562965611
0.9978791158684047 0.9911454720045002 0.9967890245345306
0.9979362844559839 0.9930636333069818 0.997080811544913
0.9978952606740448 0.9915024165217425 0.9972444438064719
0.9978414760421149 0.9901353700821683 0.9960736555548582
0.9978494481653082 0.9926532199489987 0.9959862403495168
0.9978930678804463 0.9922140541575879 0.9964455898201292
0.9978666189804773 0.9902868136790669 0.9955286360323046
0.9977209842541768 0.9918586485704692 0.996693246066049
0.9978229250734818 0.9919111618735965 0.9963571587660452
0.9978874602311907 0.9906682030009653 0.9961484499743101
0.9979106413169736 0.9923843363356436 0.9960209060452493
0.9978307264877443 0.9924084920280412 0.9962300830827888
0.9978164701471857 0.9908601383817952 0.9966843907740596
0.9978923393325829 0.9918308487749051 0.9964466160046102
0.9977982372655942 0.9917994373759096 0.9966981096781049
0.9978437940980933 0.990903528674892 0.9964109851210976
0.9978595822974464 0.9910039034183244 0.9962109720529465
0.9978563751584971 0.9914803406502767 0.9964241299514384
0.9978688646322372 0.9917970316540508 0.9965791305159779
0.9979175000594793 0.9923087835191253 0.9968795582333149
0.9978629247662709 0.992852241597749 0.9968136382858588
0.9978935703189947 0.9912512209141333 0.9960097327444339
0.9978302832466528 0.9913392773091227 0.9966222849825042
0.9978122073912326 0.9914028253061352 0.996349470023121
0.9978953948693474 0.9920617532127696 0.9967159936288069
0.9978191170088158 0.990231229510211 0.9964990314882289
0.9978685563849307 0.9904105215451281 0.996488786746221
0.9979066526339808 0.9901890292041722 0.995219029795564
0.9978114567267357 0.9919375027204954 0.9968082897141654
0.9977983460505021 0.9895873198440475 0.9969694404190095
0.9978461023268829 0.9907288656927283 0.9959264423198735
0.9978897825055114 0.9928669726997382 0.9966958934997852
0.997901296985323 0.9908978859876326 0.9967884590139559
0.9978478812144849 0.9924897692582131 0.9964477458452065
0.9978454801412248 0.9919253479721544 0.9968071469802467
0.9979058896313896 0.9899512927697421 0.9964527769453179
0.997842221249498 0.9916319039247528 0.9969306004423221
0.9978781667087885 0.9916260233069365 0.9966564283245363
0.9977693761194314 0.9891148998853815 0.9966579062136349
0.9978754311980671 0.9923831756135832 0.9962649085455347
0.9978641194892611 0.9912643626974146 0.9968610695946836
