# full, direct, likely fidelities
0.9960519565976776 0.9982030267710654 0.9992329825093481
0.996033049205976 0.9982000733422587 0.9993239507261181
0.9960357576491399 0.9980789090587734 0.9992816028175654
0.9959997577056735 0.9980313513448076 0.9992026427691361
0.9960241126399894 0.9981475319096667 0.999226920612728
0.9960260864356476 0.9981214060484652 0.9993078129190557
0.9960720246783661 0.9982551222753887 0.9992162572018427
0.9960349513592301 0.9980341204723523 0.9991874000898012
0.9960506404016143 0.9981301309487015 0.9992954252389994
0.9959944680643525 0.9978857590121012 0.9992845970140449
0.9960104113778259 0.9982218698415969 0.9992524541741692
0.9959857499215612 0.9981327425108019 0.9992393294049766
0.995973915566753 0.9979535361150138 0.999233451696001
0.9960159575172296 0.9982104208153404 0.9993207993971834
0.996029403174835 0.9980684153182713 0.9992183401475299
0.996031146497061 0.9981111117216559 0.9993174462539661
0.9960139050541233 0.998018510899823 0.9992628276174178
0.9959518463904387 0.9978472661108401 0.9992196528503617
0.996042542784456 0.9980144529881995 0.999263421349277
0.9960291516174135 0.9981179645914552 0.9992856608614367
0.9960027514979114 0.9978973757329466 0.9992928354070842
0.9960748476239798 0.9982333435123332 0.9992956254364325
0.9960604467430328 0.9979541266844371 0.9992264279380886
0.9959888865361011 0.9979998649397551 0.9991453389930085
0.9959953175294101 0.9979421157606649 0.999243947380841
0.996018511919728 0.998178879175417 0.9991501406311863
0.9960466529521779 0.9982553880403489 0.9992199676923295
0.9960274751850898 0.9981846540787311 0.999236413313588
0.9960579884660912 0.9981879678866462 0.9992149801794505
0.9960598129105044 0.9982710128307648 0.9992628345991388
0.9960374302904855 0.9982318589204985 0.9992211699476707
0.9959763059003565 0.9981993104623426 0.9992926879831516
0.9960768916909917 0.9982122628434253 0.9992203170945265
0.9960434929267267 0.9982227954123699 0.9992032160383532
0.996005667788219 0.9979562824677035 0.9992179208853238
0.9959763569822627 0.997700859343895 0.9992360508728823
0.9960469438952128 0.9981348051106097 0.9992266658194303
0.9960229755586322 0.9981013249795097 0.9992340865730087
0.9960259933942606 0.9981978661243778 0.9993636829887083
0.9959845420624946 0.9982324524918041 0.9992658395969051
0.9960107955661536 0.9980412785008599 0.9992517678311474
0.9960404862782516 0.9981135682739454 0.9992561273591575
0.996045276017585 0.9979643003034574 0.9992404670271845
0.9960406659569264 0.9981491838537166 0.9993177971535814
0.9959888749640706 0.9981772802397935 0.9992872028519597
0.9960728234353501 0.9982796219790818 0.9993348280155906
0.9959544036261427 0.9981340233084096 0.9992998033880854
0.9960573178460858 0.997977912515874 0.9992354849212371
0.9959700162252361 0.9979890313051653 0.999253219732691
0.9960477248737913 0.9980910535382601 0.999263788558002
0.9960595526667123 0.9981376300485909 0.9992424360400066
0.9960764734227001 0.9979587369440194 0.9991996026171845
0.9959808625469847 0.9979462573563616 0.9992655031095966
0.9960387546313139 0.9981667466169214 0.999225954169363
0.9960242564456774 0.9980675781207293 0.999196740742279
0.9960034352567027 0.9980983435720567 0.9992830701781804
0.9960108944802019 0.9980700614615251 0.9992097177752275
0.9960401641771905 0.9980866841974302 0.9993118475149597
0.9959790505316687 0.9976355714440829 0.9990473817772533
0.9960373233540122 0.9980834747106443 0.9992388730592944
0.9960525825336307 0.9982621209537651 0.9992432874758692
0.9960079378843488 0.9980668588809676 0.9992647286391274
0.9960275585879009 0.9981646539617259 0.9992597040326489
0.9960449592288922 0.9982107243594955 0.9992950989779457
0.9960328795305948 0.9980930266846372 0.9992122091228335
0.9960442168672938 0.9981480911907094 0.9992991723955162
0.9960186230970286 0.9979378145237768 0.9990591993351903
0.9960178639857385 0.997963547405172 0.9992822784155352
0.9960010502711729 0.9980875179829455 0.9992022235060838
0.9960298955044036 0.9981021024321189 0.9992993767741831
0.9960165249696681 0.9980033192827019 0.9992779511807103
0.9959684362865373 0.9978306387047857 0.9991924500494094
0.9960425164428766 0.9981043931085619 0.9992961045456419
0.9959999393391449 0.9981408596196502 0.9992383113440152
0.9959492260012093 0.9976619249737199 0.9992145306598568
0.9960258795263358 0.9981253014206395 0.9993163696198254
0.996024363989521 0.9982017263548469 0.9991782243282824
0.9960188100043033 0.9982357136985126 0.999332817294846
0.9960041703998744 0.9980748802364121 0.9992071135780028
0.9960353158267988 0.9980292268246128 0.99927643453993
0.9958908270783158 0.9976820137266011 0.999224941277581
0.9960669296170975 0.9981232204816892 0.9992462592869636
0.9960196152325289 0.9982087782295699 0.9992586944382478
0.9960034396585925 0.9981203897590871 0.9993008209399743
0.9961210619384853 0.9981648152361269 0.9992767598116684
0.9960378858126399 0.9981827530248767 0.9992212852131077
0.9960374229363591 0.998164793496933 0.9992881988702859
0.996022002943375 0.9981365405428615 0.9992100305054785
0.9960225377401987 0.9981301390622203 0.9992568512853256
0.996047525009767 0.9981475459368069 0.9992763971812484
0.9959767453908984 0.9978854561967799 0.9991817287200664
0.9960382846689008 0.9981019659076984 0.9992873785747217
0.9960264932812939 0.998071599805073 0.9992980514264425
0.9959448670968793 0.9981905958377154 0.9991886026532291
0.9960284991650736 0.9981335101862797 0.9993383448665571
0.9959746836834547 0.9978225812594409 0.9992335118118144
0.9960263823603465 0.9981907593264656 0.9992489872334053
0.9959742468410379 0.9979987566930254 0.9993420833523163
0.9960114385832022 0.9979636566373981 0.9992614497156561
0.9960485211601424 0.9982625860093971 0.999260938442271
