# full, direct, likely fidelities
0.9978990934470825 0.9964587107471387 0.9983009542023218
0.9978395923972425 0.9956014990271151 0.9982392694306551
0.997849659014625 0.996658722162055 0.9984928873752401
0.9979140278492739 0.996379549850244 0.9984010982013666
0.9978858785938518 0.9963708703677477 0.9984081076317354
0.9978476298225859 0.9958202897602483 0.9982793852900111
0.9978745264438724 0.996739561153152 0.9984414487243618
0.9978796602244979 0.9960857445208119 0.9983960955287587
0.9977999051636265 0.9965311003162451 0.9982434740811456
0.9978714170706545 0.996223275201889 0.9984269692464843
0.9978864189096605 0.9964997787633919 0.9985474298639533
0.9978572010230726 0.9963444995666683 0.9982996996461978
0.9978966051199013 0.996645931783615 0.9985762630283143
0.9978732333865696 0.9960097474918738 0.9983413396927087
0.997904822697957 0.996105826388312 0.9983455020420366
0.9978669545652172 0.9952949071136632 0.9985191849511849
0.9978510512104684 0.9963319705900903 0.9983371339471413
0.9979251665001527 0.9958846831631538 0.9982401597156911
0.9978576940384274 0.9961478854021606 0.998290149648064
0.9978602516347752 0.9961785364261652 0.9983175402110535
0.9978209791542951 0.9960441920797259 0.9984209141084341
0.9978911542563015 0.9966192115628348 0.9984378510786105
0.9979236682772517 0.9967223343289884 0.9982875558195424
0.9978953354128 0.9964926922590844 0.998131392514402
0.9978382825398703 0.99658515349741 0.9984219207471786
0.9979017355582677 0.9966615251239432 0.9984472260426122
0.9978865575408755 0.9963204604402291 0.9981936646306899
0.9979368554023681 0.9965406826640681 0.998456579186133
0.9979004286496359 0.9961969653773751 0.998312099420666
0.9978722373307428 0.9959491519326796 0.9982862466199258
0.997853992226138 0.9967255269854455 0.9984808824323338
0.9978428585363524 0.9963967698413504 0.9982742584093346
0.9979025545348351 0.9962022122666453 0.9982964034773937
0.9978659974020231 0.9962020268348859 0.9983223059989015
0.9978994459921293 0.9965720761538158 0.998371497931821
0.9979234473418898 0.996573902951661 0.9984551802667483
0.9978123708051311 0.9953758879865385 0.9984191662677704
0.997879970563389 0.9959784463760416 0.9980530725452724
0.9978942693657685 0.996360111241237 0.9984865795241599
0.9978498189083121 0.9962013363325015 0.9981948649060337
0.9978417139463658 0.9961247492279649 0.9983969067855317
0.9978817798925502 0.9962996546243569 0.9983370387135204
0.9979240671759452 0.9963738487896524 0.9982801377010283
0.9978380484516698 0.9961820731935227 0.9982894489661482
0.9978530472521246 0.9959733992449349 0.9984284303503566
0.9978156132452762 0.9959639559840598 0.9985371078233692
0.9978814259771095 0.9966145987720093 0.9984027267569932
0.9979101534886642 0.9961735454371483 0.9982491895187211
0.9979002351402986 0.996109156573074 0.9984516460767249
0.9978863024568025 0.9965302411314224 0.9983499503994105
0.9978768004509131 0.9964535572237989 0.9982963426209096
0.9978138487671385 0.9963516389491789 0.9985031785973564
0.9979018099988489 0.9966866003291732 0.9983389441327094
0.997835429127299 0.9965534345534581 0.9983859681301338
0.997843682538788 0.9967064855071094 0.9984690085363779
0.9978788514592986 0.996235797151327 0.9982491145104443
0.9977693325154481 0.9960685665203621 0.9984386061680652
0.997836544681799 0.9960771739995896 0.9983986452231822
0.9977789639749683 0.9966559276924576 0.998485249786793
0.9979008837094876 0.9966543781957914 0.998340386058339
0.9978976615802234 0.9965348668475091 0.9983830114625442
0.9978965611054167 0.9954153828333316 0.9982932424086101
0.997874670460138 0.9963064825608946 0.99833000264373
0.9978527679864491 0.9964623674118244 0.9982016980576564
0.9978185513615976 0.9963389449303267 0.9984534601625821
0.9978973343417231 0.9964356613241713 0.9983767166915126
0.9978795881700959 0.9966702998707091 0.998520849678853
0.9979298578076887 0.9959027041637837 0.9984676097859304
0.9979080923996521 0.9965533958268018 0.9982644322543175
0.9978352071296889 0.996480660019723 0.9984031289487464
0.9978255485638857 0.995997090646416 0.9983047097725762
0.9978386478398765 0.9966344447169398 0.9982434964960012
0.9978639470089687 0.9965409704261041 0.9985474062268598
0.9978498789301558 0.9965942725531891 0.9984612821687472
0.9978919430699428 0.9964604395804819 0.9986185755197395
0.9979167221103662 0.9961060075631905 0.9982386813920227
0.997955305405244 0.9959538519796443 0.9982054106539533
0.9978928543653317 0.9960579906817099 0.9984493905706516
0.9978709733539106 0.9960901379825442 0.9983198989880764
0.9978934707339219 0.9960957909004201 0.9984329153126058
0.9978618987429442 0.9965148071579882 0.9985067756204815
0.9978355537894451 0.996271966270224 0.9982011081619433
0.9978047419956845 0.9963967780507788 0.9983937250543643
0.9979500530138995 0.9963998525772116 0.9983591862915492
0.997860695250052 0.9960380155398016 0.9982638168678561
0.9978390955857077 0.9963262133707944 0.9984175250673865
0.9978804295274443 0.9962204301762224 0.9984172470615326
0.997840607539424 0.9960855705484492 0.9983693025898104
0.9978785735508392 0.9965317903877694 0.9983085932464792
0.9978651234977749 0.996470057117901 0.9983440995345417
0.9979138311780336 0.996471896269192 0.9983815511446439
0.9978687630436018 0.9964403397107081 0.9983619051291627
0.9978824083645398 0.9965318108821809 0.9985304167091067
0.9978763449131335 0.9960795473710552 0.9982679995145525
0.9978784024865982 0.9956717511564573 0.9983839934040631
0.9978896493808521 0.9958578115700377 0.9984471211618903
0.9978562356307138 0.9955196346733195 0.9981965713826898
0.9978791705546831 0.9963679390144815 0.9982868183973911
0.9978411099195902 0.9966490870790864 0.9983903642118888
0.9979209816877657 0.9960245252473927 0.9984109960232911
