# full, direct, likely fidelities
0.6214590465745858 0.9337141489617542 0.9688656192814155
0.6214968510249613 0.9335376781454899 0.9693232138817693
0.6193771457226288 0.9341077157726054 0.9685650871728456
0.6308831086763108 0.9328171792449852 0.9681713655571507
0.618281732000953 0.9336425771463897 0.9684396743081154
0.6204676987570026 0.935728934797329 0.9693596173987491
0.612730801530816 0.9329817156683429 0.9692919537212598
0.6178400492037291 0.9350270814579976 0.9696464348123125
0.6136826308971967 0.9344749794851263 0.9687850026187643
0.6186188932813527 0.9336985801518498 0.9694033887344068
0.6147380176567173 0.9343379370771643 0.9677607874680946
0.6148288882359787 0.9330908446435978 0.9700943216046223
0.6169848756859857 0.93284285501604 0.968571499615804
0.6177591236990103 0.9342988709182174 0.9689655353106493
0.6063149526765794 0.935256472398369 0.9696936961418022
0.6071697945121645 0.9341711157448391 0.9694408741971527
0.6169434729457626 0.9349636632361442 0.9690830771232811
0.6271901382651456 0.9330425732107193 0.967821191082087
0.6160812520113342 0.9345208566681897 0.9683195222156149
0.6098619381796703 0.9358197199133661 0.969037315834517
0.6103615039453834 0.9349446261401334 0.9683677481816726
0.617132381199833 0.935793788666789 0.9690978496303542
0.6081128552866353 0.9351804157905971 0.9696974052932662
0.6222738381593366 0.9313124452221843 0.969395840120713
0.6098573526436204 0.9344112323109807 0.968785009252869
0.6117141508270514 0.9347035964065471 0.9690894160143739
0.612432399878682 0.9345129516841276 0.9693287518665952
0.6206011205664211 0.9312100049840784 0.9679653346029808
0.6207658821232042 0.9343545532462137 0.969404800081175
0.6065329817212297 0.9378228226223302 0.9699245842138391
0.6177132971183735 0.9328434555840209 0.968465146245042
0.607218214886478 0.9346992391609514 0.9696008994662045
0.6168267144686591 0.9314399949225483 0.9676898211039539
0.6103017883440837 0.9344831559583311 0.9681859276051972
0.6143378215330811 0.9346763066153871 0.9681277780826816
0.6078210740348465 0.9347133176927822 0.9686563682861026
0.6176799909065501 0.9355415121225398 0.9698716037179195
0.6138135772401133 0.9315833265130078 0.9685214454360075
0.6274070804133727 0.9298523089429425 0.9681331953410849
0.6112326097860638 0.9340470297402117 0.96889271076087
0.6158378418989435 0.9309003746975811 0.9694311209157243
0.6066212673442797 0.93280508111422 0.9694872678243668
0.6044586657964852 0.9363860114732154 0.9686606910684195
0.6163902535511224 0.9336838826403505 0.9682949805390083
0.6141299155068728 0.9326821594987736 0.9680373795788003
0.6106178665694567 0.9352476276786188 0.9685460464176797
0.6148849776235747 0.9342240725010083 0.9688231598010334
0.6081197068280666 0.9355042449462535 0.969415267618056
0.6064651885195614 0.9368618104344126 0.9698532167336216
0.6076124350628946 0.9363092663472642 0.9695550612916526
0.6149432286628447 0.9343409815530529 0.9693389708224882
0.6174192951016451 0.9310204674929312 0.9678219697467031
0.6182281864071913 0.9350661293296325 0.9697452947392788
0.6158327766080115 0.9321663420722746 0.9676264526268387
0.6096501416832707 0.9333461169090848 0.9688681530310964
0.6205782970312976 0.9311305581130043 0.9673595026745367
0.6172785850762729 0.9349510257662008 0.9690686776687503
0.6118904053149538 0.9343220542291144 0.9689919647835659
0.6164537458847932 0.9350902926367147 0.9688047772674675
0.6152635903809051 0.9343378044230016 0.9695005808047537
0.6159400054340535 0.9317379478282587 0.9691494981528854
0.6063503598908011 0.9351244131762043 0.9696256459749234
0.6102035427778426 0.9343983297872729 0.9698276742686771
0.6106021389920817 0.9349071238885168 0.9700693875248825
0.6118317045160179 0.9349439557814545 0.9691158271999887
0.6082868237269781 0.9367994102391054 0.9699122148939054
0.6198889029895791 0.9335327158985487 0.9685902754894126
0.627340102672219 0.9290135301793063 0.9686536610237859
0.6075210317724331 0.9379846110092208 0.9698293595392117
0.6164083620981259 0.9342627187068755 0.9682343205882437
0.6197050206062555 0.9343996999491009 0.9675746511444938
0.6197669279579168 0.9333398634201866 0.9689734678809768
0.6184176332750095 0.9348703527449564 0.9686261661308139
0.6246370940798303 0.9330638214836771 0.9684511880295483
0.611826335278724 0.9345584243995512 0.9692670466872573
0.6101908424821628 0.934409878495458 0.9687628040175712
0.6178783058342676 0.9337739226919518 0.9692917783846018
0.606546620993229 0.9362940115091068 0.9700473487768139
0.6056067296775008 0.9356863090143963 0.9692060111875177
0.6168746113727513 0.9339485498225035 0.9684211759835094
0.6113122280009231 0.9347550321699006 0.9703657290679887
0.6085704197686395 0.936981932382577 0.9694087823467369
0.6204371290561687 0.9331657035923661 0.9688693772077119
0.6139706686754609 0.9334898666919952 0.969180128223359
0.6191818426270815 0.9335562968692918 0.9690163330112758
0.6204798890949719 0.9332794595945662 0.9695357230594939
0.6180943544178967 0.9324401441116522 0.9673371515228086
0.6201308992993527 0.9351602910884254 0.9685746157244346
0.6221285779219121 0.9323408394786539 0.968101307910923
0.6147921526049596 0.9335347463580783 0.9699446309365156
0.6069403099734144 0.9353608007263138 0.9693468130312394
0.6096280487482173 0.9354980612111435 0.9690856916350222
0.6155131191128699 0.9329200792514653 0.9693000872792956
0.6137800118097853 0.9337437560738455 0.9687371032971712
0.6199855722405061 0.934239046061122 0.9687620361518839
0.6102741894283437 0.9364169855055221 0.9684762118207988
0.6093064034947265 0.9359807139321089 0.9690703144606422
0.6060387389231137 0.9354341973855097 0.968913999558809
0.6074505801792032 0.9351142747420436 0.9700265102646073
0.6070764865186701 0.9359068736591198 0.9690311267631353
