# full, direct, likely fidelities
0.9863884601704431 0.9954825058644861 0.9981516501615126
0.9864024504763973 0.9954819565383731 0.9982398196705916
0.9860624228099313 0.9945432447380441 0.9981086075779261
0.9859135467792653 0.9943595877135344 0.9981565206010626
0.9861903903644662 0.9944224612171493 0.9978003058594637
0.986219381374427 0.9949954577251999 0.9978744635179688
0.9861880019583522 0.9949039914159785 0.9979031762881764
0.9861770483402266 0.9949383486376522 0.9979969884173829
0.9860823546944375 0.9947160869014984 0.9977271002233062
0.9860776538904423 0.9947584571293088 0.9978959360496091
0.9860840293682401 0.9952480550945525 0.9979577781236197
0.9861994879537959 0.9938968289146937 0.998038150028653
0.9861566345026572 0.9953707487526764 0.9979692644699243
0.9860455036489368 0.9946059289927158 0.9975288475847207
0.9862368190959275 0.9949772977349394 0.998108494923892
0.9860738602652019 0.9940928355126867 0.9978284419696615
0.9862020082991606 0.9952581784119089 0.9980176756316034
0.9862589652178567 0.9952607580433177 0.9981423100100862
0.9860970036904371 0.9942337821259446 0.9980700079225783
0.9861580027717353 0.9944569991920582 0.9977320613037258
0.9862700386869716 0.9953375682297294 0.9980966384880531
0.9861419471538352 0.9942810385306002 0.9981112748748225
0.985966336710035 0.994250963112486 0.9978564313211257
0.9862696198977766 0.994946284623124 0.9979752202211579
0.9857042677012394 0.9942570745074056 0.9980917127079657
0.986169776640092 0.9944609466778531 0.9982250725035395
0.9861845217575065 0.9942845349352925 0.9978621777198566
0.9863585184317484 0.9954644871791007 0.9982602797468948
0.9859330957806793 0.994761695480055 0.9980238233179402
0.9861884750353401 0.995274548780676 0.9978230729263385
0.986064301718784 0.9944284870509028 0.9980520275272847
0.9860864492812361 0.9947584948461389 0.9983310636810507
0.9860610938196577 0.9950708570538395 0.9979900224229487
0.9860559094685777 0.993567832293237 0.9980500149434938
0.9862190834746943 0.9945344555206 0.9979308107139911
0.9861724952454693 0.9949120930332124 0.9981245765404267
0.9862230642623667 0.9944559418944172 0.9981421865520574
0.9861869794052943 0.9948500801551522 0.9981018969378805
0.9862613064147728 0.9941861258887708 0.9976936359818876
0.9860746327185429 0.9948956837848734 0.9981918699847104
0.9861484587630637 0.9951267123281377 0.9981373431820889
0.9862469680286132 0.9950387627400414 0.9980701230424003
0.9862172793464029 0.9945439135507894 0.9981614826673811
0.9861201999755109 0.9944664690941497 0.9977832303546559
0.9860468124803028 0.9950935792944505 0.9979597532340806
0.9861047898447164 0.9947752746908655 0.9978289590280154
0.9859883561044943 0.9951564599849858 0.9979186930360853
0.9860375719817247 0.9944703306840209 0.9982606575972138
0.9862391617176831 0.9947880978798747 0.9981854173858962
0.9860089989679366 0.9951680984599136 0.9980507224573671
0.9861149464827246 0.9946858786425434 0.9978333789877963
0.98627164478831 0.9949250985310379 0.998174166200729
0.9861141014054607 0.995317852648416 0.9982907379534346
0.9860741474383906 0.994490868625717 0.9982831968296092
0.9862533018335635 0.9947148637291883 0.9981545157353687
0.9859413788096647 0.9941195364610678 0.9977816798525698
0.9860317141477777 0.9938861209007233 0.9974775785784591
0.9860652291026424 0.9940456232919967 0.9978144051034856
0.9861411135430741 0.9951251672184828 0.9980071326966128
0.9861744578352472 0.994877276890176 0.9979417121323438
0.986149507891645 0.9946486474745366 0.998074623857772
0.9861657948627399 0.9950008662098608 0.9982341275424772
0.9861277131134942 0.9951167461331288 0.998212987313914
0.9861391250480643 0.9946852353331384 0.9982142950918628
0.9863181141116559 0.9944542264862609 0.9979241014231428
0.9863168051391026 0.9950809378844029 0.9980019097298177
0.9863375297624593 0.9948014732110162 0.9979208795931112
0.9862669232509123 0.9945258579175249 0.9979089730193902
0.9861223593236005 0.9948943484387361 0.9982765829512791
0.9862060290585234 0.994921675961177 0.9980385467061567
0.9861102487152743 0.9933531868579065 0.9979816761676676
0.9860889561455204 0.9947007413876428 0.9980551858006926
0.9859465605734232 0.9947187507956017 0.9983377280967938
0.9861050652606369 0.9942384647493522 0.9977873127011037
0.986307299406091 0.9947088688883785 0.9977559980837833
0.986101790634177 0.9951922562402656 0.9982605998074492
0.9861992768077836 0.9948003818225951 0.9980626419748299
0.9861569297692631 0.9949140606922199 0.9981189705899212
0.9860073561493872 0.9945343927279742 0.9982071684477989
0.9860637600601743 0.9950896263103542 0.9980049158109596
0.9862264920478125 0.9949183838973943 0.9980494546328886
0.9860827885063019 0.9944003729071724 0.9980226060957744
0.9861183697083258 0.9946153598516053 0.9982420724829776
0.9862764027450021 0.9938373601879115 0.9980916178650939
0.9862054320314648 0.9945747018594392 0.9980817292539523
0.9863381180274291 0.9943273813890345 0.9977699416735264
0.986114990804484 0.9954787445677222 0.9981192187592534
0.9856691587162971 0.9931927637286144 0.9980266306922698
0.9862772124659163 0.9950215127148796 0.9982435389649097
0.9859718940546927 0.9933489010820407 0.9976931043099089
0.9861579200720587 0.9951001988780748 0.9979966076581358
0.986193617465187 0.994870089955005 0.9980366719496933
0.9861560967824862 0.9947569556455881 0.997999507304301
0.9858827216396584 0.9940611075362709 0.9976421420456266
0.9860535841471427 0.9954185629032793 0.9981060901398684
0.9861198039563195 0.9955530265795764 0.9982089747391449
0.9861872315643574 0.9947383080450767 0.9980915155291769
0.9860613000886188 0.9943141967565812 0.9978034174014512
0.9861910299715652 0.9947816248894344 0.9981138958488902
0.9861387616684458 0.9944840290068686 0.9981799899489725
