# full, direct, likely fidelities
0.9886652321940291 0.9828005198322066 0.9922123960611132
0.9881733765968111 0.9818794358670577 0.9902117225812735
0.9885134951647822 0.9807944996179715 0.9908851108255068
0.9879939478710443 0.980748717198138 0.9910968726162188
0.9879842684233695 0.9818540950341875 0.9912249625094357
0.9882288032997424 0.9780057437332527 0.9905521379921113
0.9886318967356807 0.9806333360205277 0.991869078230459
0.9882553960201844 0.9793968314333127 0.9920866853847304
0.9885923079064582 0.9829266842556391 0.9924112105092799
0.9882094097238334 0.9826233699671838 0.9921062168732618
0.9881721337425972 0.9815353141829598 0.9909997218800476
0.9883432057688978 0.9803717975120725 0.991298120550116
0.9884112272845348 0.98135616747072 0.9911260499261006
0.9886707143705202 0.9819025334459155 0.9921384789590112
0.988492636932364 0.9825460833589827 0.9916693505714608
0.9884042794866016 0.9806642693866164 0.9922236339108069
0.9887049024648786 0.9806271909774874 0.9908553888814521
0.9881265558840168 0.9792144198179966 0.9908898800659242
0.9885327237871094 0.9828763894923722 0.990739082575917
0.988384449186135 0.9812105745065605 0.9909648154936037
0.9878961174254566 0.980228667541628 0.9903693010219606
0.9886761657701508 0.9819573866887892 0.9917949132630273
0.9879110883765699 0.9820797930755994 0.9918762447709724
0.9890931118854182 0.9828962906132517 0.9910108720969891
0.9884259806377498 0.9819349378723045 0.9906991233521969
0.9882083125084479 0.9801053999107285 0.9910888383103746
0.9881793728903044 0.9816982923727415 0.9916420945783828
0.9883574833243376 0.9813918602379805 0.9907762541854718
0.9885159631485589 0.9826630367827979 0.990768940456358
0.9884655467486496 0.9805633970472546 0.9916008228904178
0.9883984273826221 0.9820521737124118 0.9922115455210224
0.9885311335079443 0.9800156393552771 0.9914788320940008
0.9885547617552431 0.9815027806219506 0.9916345086491937
0.988682818650063 0.9824130905451127 0.9912737389470179
0.9885484699125894 0.9811949208066704 0.9899794375507612
0.988101158904997 0.978853309426469 0.9906683780327458
0.9885534942027179 0.9811517811496746 0.9907399775422238
0.9877973911432183 0.9813217583284074 0.9911784996961481
0.988475027204914 0.9788500419008641 0.9908682710708221
0.9883256583882339 0.979506303349605 0.9918098276141338
0.9884589262864397 0.9797662694776157 0.9914156886166589
0.988606203826054 0.9823901697554708 0.991907418536165
0.9881373853439482 0.9762941333016268 0.9904650033722036
0.9880378304681398 0.9829893211133611 0.9922767227687265
0.9881141677123053 0.9832250680544612 0.9919336266007311
0.988193740434907 0.979944840295369 0.991304232045461
0.9884982076800162 0.9826699304158995 0.9913911227261748
0.9883870722449094 0.981639968681741 0.9912108411106889
0.988689306450727 0.9811558769773825 0.9915562438524165
0.988229976453216 0.982351772833285 0.9920186834014831
0.9886668453481849 0.9804555612486282 0.990675664730645
0.9883047849741257 0.9831765298657812 0.9917868517266993
0.9879219880123931 0.982620147244791 0.9905609846098662
0.9882541534703404 0.9820863702271831 0.9914660031609859
0.9888710378399812 0.9796418179976398 0.992163639329914
0.9881801070309436 0.9813350537626271 0.9909854395367479
0.9878218742228142 0.981961304335567 0.9915813855708324
0.9886447044024728 0.9809081452745836 0.9914481354895938
0.9889402674334753 0.9792711486389939 0.9914091016267725
0.9882974812564771 0.9815121261225686 0.9915945005447735
0.9882271663712515 0.9829726969946458 0.9915183465480447
0.9883039993879755 0.9831637120573128 0.9914616026093197
0.9883413093844403 0.9817151367848312 0.9918355155201799
0.9885579320350274 0.9787010002097392 0.9912014779290051
0.9880786545867681 0.9818641340996411 0.9908125838111494
0.9880698960816817 0.979605014053955 0.990682792859506
0.9883088465669957 0.98062411329594 0.9919961102512855
0.9882551053535786 0.9834127700233706 0.9920000362544076
0.9878907282948619 0.9776298829783779 0.9910214115212611
0.9887705219425575 0.9821043382121583 0.991558189639348
0.9884420239151894 0.9804923632016547 0.9910629282816349
0.98817474780728 0.9810811389942837 0.991564009953255
0.9887276790809048 0.9829633592034336 0.9926011175786268
0.9887438194633733 0.9820118300489603 0.9917947228472271
0.9885927828076725 0.9806908307587242 0.9913481828075218
0.9883541714040504 0.9796090805292702 0.99125085174541
0.9884242482729303 0.9812653976915676 0.9921507484006261
0.9881527442271184 0.982100995104435 0.9914414694082362
0.9883364534785967 0.9816397188637219 0.9923727175753541
0.9881838609647543 0.981067687725155 0.9916439299948503
0.9886344807599653 0.9806478121245772 0.9914903753635909
0.9885582879526096 0.9821096820282602 0.9912908141611905
0.9888144276602465 0.9808646855974785 0.9915265550508854
0.9881322765703785 0.9798513887556118 0.9908118428241932
0.9880871002406623 0.981016499481111 0.9909997352363695
0.9882000368281844 0.9817422255559515 0.9921266124804722
0.9883770911819079 0.9812373568342917 0.9917633972086624
0.9885558379985259 0.9822156321558573 0.9918986936305942
0.98844287543982 0.9785386683627191 0.9911396739683679
0.9881390354571528 0.9794836073274094 0.9905338253262315
0.9885164280551103 0.9809691189894508 0.9914818349284433
0.9888443516212733 0.9832571891567048 0.9921646979331837
0.9885326343809099 0.9802720447645213 0.9908278140440676
0.9881995408884696 0.9806372191040891 0.9917086114486802
0.9885981662499472 0.9803550345201781 0.9912492373696548
0.9882780929365433 0.9813161758372212 0.9913218001254049
0.9885238398358394 0.9794416652010269 0.9902040804886921
0.9889312405366104 0.979615682496479 0.9909226579242707
0.988365508597271 0.98060619419362 0.9918975000156067
0.9883514089106747 0.9834989513094623 0.9923717731773646
